# SCAN started at: 2017-12-05 09:40:52																																																																																																					
# Elen_Scan Mass: 20.2 Resolution: 30																																																																																																					
# ---------------------------------------- # 	" "	" "	" "	" "	" "	" "	" "	" "	" "	" "	" "	" "	" "	" "	" "	" "	" "	" "	" "	" "	" "	" "	" "	" "	" "	" "	" "	" "	" "	" "	" "	" "	" "	" "	" "	" "	" "	" "	" "	" "	" "	" "	" "	" "	" "	" "	" "	" "	" "	" "	" "	" "	" "	" "	" "	" "	" "	" "	" "	" "	" "	" "	" "	" "	" "	" "	" "	" "	" "	" "	" "	" "	" "	" "	" "	" "	" "	" "	" "	" "	" "	" "	" "	" "	" "	" "	" "	" "	" "	" "	" "	" "	" "	" "	" "	" "	" "	" "	" "	" "	" "
20	1	0	2	0	2	2	0	0	0	0	0	0	0	4	0	4	0	0	0	0	0	0	0	2	2	2	0	0	0	4	0	0	0	4	0	0	0	0	0	0	0	4	4	0	0	0	0	0	0	2	0	0	2	0	0	0	0	2	0	0	2	0	0	0	0	0	0	2	0	0	0	0	6	6	0	0	0	4	0	6	0	0	0	2	0	2	0	0	6	0	0	0	0	0	10	0	6	4	2	0	0
20.01	0.52	2	0	0	0	0	0	4	0	0	0	0	0	0	0	0	0	0	0	0	0	0	0	2	0	0	4	0	2	0	0	0	4	0	2	0	0	0	0	2	0	0	0	0	0	0	2	0	0	0	0	0	0	0	0	2	0	0	2	0	0	0	0	0	2	0	2	0	4	0	0	2	0	0	0	0	0	4	4	0	0	2	0	0	0	0	0	0	0	0	0	0	0	0	0	0	0	0	0	0	4
20.02	0.58	0	4	0	0	0	0	0	0	2	0	2	2	0	0	0	0	2	0	0	0	0	2	0	0	0	0	0	0	2	0	4	0	2	0	0	0	2	0	0	2	2	0	2	0	0	0	0	0	0	0	0	0	0	0	0	2	0	0	0	0	0	0	0	0	0	0	0	2	0	0	0	4	0	0	0	2	0	2	0	0	2	0	0	0	0	0	0	0	0	0	0	0	4	0	0	0	0	2	8	0
20.03	0.36	0	0	2	0	0	0	0	0	0	0	0	0	0	0	0	0	0	0	0	0	0	0	0	0	2	2	0	2	0	0	0	0	0	0	0	0	0	0	4	0	0	0	0	0	0	0	0	0	8	0	0	0	0	0	0	0	0	0	2	0	0	0	0	0	0	0	0	0	4	0	0	0	0	2	0	0	2	0	0	0	0	0	0	0	0	0	0	0	0	0	0	0	0	0	4	0	0	0	2	0
20.04	0.46	0	0	0	0	0	0	0	0	0	0	0	0	0	0	0	2	0	2	0	0	4	0	0	2	0	0	0	0	0	2	0	0	0	0	0	0	2	2	0	0	0	0	0	0	0	0	0	6	0	0	0	2	0	0	0	8	0	0	0	0	0	0	0	0	0	0	0	0	0	0	0	0	2	0	0	0	0	0	0	0	0	0	0	0	0	0	4	0	0	2	0	0	4	0	0	0	0	2	0	0
20.05	1	0	0	0	0	0	0	2	2	0	2	0	0	0	0	0	0	0	0	2	4	0	0	4	4	0	4	0	0	0	0	0	0	2	0	0	0	0	0	0	0	0	0	0	0	0	0	4	0	0	0	0	4	0	2	6	2	0	0	0	0	4	4	4	2	0	0	2	0	4	4	4	0	0	2	0	0	0	6	0	0	2	0	0	4	0	0	0	4	0	4	0	0	2	0	0	0	0	4	0	0
20.06	0.48	0	0	0	0	0	0	0	0	0	0	0	0	0	0	0	0	2	6	0	0	0	0	2	0	4	2	0	0	0	0	2	0	2	4	0	0	0	0	0	0	0	2	6	2	0	0	0	0	2	0	0	0	0	0	0	0	0	0	0	0	0	0	0	2	0	0	0	0	0	0	0	2	0	0	0	0	0	2	0	0	0	0	0	0	2	0	0	0	2	2	0	0	0	0	0	0	0	0	0	0
20.07	0.56	0	0	0	0	2	0	0	2	0	0	0	2	0	2	2	0	0	2	4	2	0	0	0	0	0	0	0	0	0	0	0	0	0	0	0	0	2	0	0	0	0	0	0	0	0	0	0	0	2	0	0	2	0	0	0	0	0	2	0	2	4	6	0	2	0	0	0	0	0	0	2	0	0	0	0	2	0	0	0	0	0	2	0	0	0	2	0	0	0	0	0	2	0	2	0	0	4	0	0	0
20.08	0.48	0	0	0	2	2	0	2	0	0	4	2	0	0	0	2	2	0	0	0	0	0	2	0	4	0	0	0	0	0	0	2	0	0	0	0	0	0	0	0	0	0	0	0	2	0	0	0	0	0	0	0	0	0	2	4	0	0	0	0	0	0	0	2	0	4	0	0	0	2	2	0	0	0	0	0	0	0	0	0	0	0	4	0	0	0	2	0	0	0	0	0	0	0	0	0	0	0	0	0	0
20.09	0.46	0	0	0	0	0	0	0	0	0	2	0	0	0	0	2	2	4	0	0	0	0	0	0	0	0	0	0	0	2	2	0	2	0	0	6	0	0	0	0	0	0	0	0	2	0	2	0	2	0	0	0	2	0	0	0	0	0	0	0	4	0	0	0	0	0	0	0	0	0	0	0	0	0	0	0	2	2	0	4	0	0	0	2	0	0	0	0	0	0	0	0	0	0	0	0	0	0	0	0	2
20.1	0.46	0	0	0	0	2	0	0	0	0	0	0	0	0	0	0	0	0	2	2	0	2	0	0	0	0	0	0	0	0	0	0	0	0	0	0	4	0	0	0	0	0	4	0	0	0	0	0	0	2	0	0	0	0	0	0	0	0	0	2	0	0	8	0	0	0	0	0	0	0	0	0	0	0	0	0	0	0	0	0	0	0	4	2	0	0	0	0	4	0	2	0	4	2	0	0	0	0	0	0	0
20.11	0.62	0	2	0	0	0	0	0	0	0	0	0	0	0	0	0	0	0	0	0	0	2	0	0	0	0	2	0	0	0	2	0	0	0	0	4	0	0	0	0	2	0	0	0	0	2	4	0	0	4	0	0	0	0	4	0	0	0	0	0	0	0	0	0	0	2	0	0	0	4	0	2	0	0	8	2	4	0	0	2	0	0	0	0	4	0	0	0	2	0	0	0	0	0	0	0	0	0	2	2	0
20.12	0.72	0	0	0	0	0	0	0	2	0	2	0	0	2	0	0	0	4	0	4	0	2	2	0	0	0	0	0	0	0	0	0	0	0	0	0	0	0	0	0	6	0	4	2	0	2	0	2	0	0	0	0	2	4	6	0	0	2	0	0	2	0	0	0	0	0	0	4	0	0	0	4	0	0	2	0	2	0	0	2	0	0	0	0	0	0	0	2	0	4	0	2	0	0	0	0	0	0	0	0	0
20.13	0.46	0	0	0	0	0	2	0	0	2	0	6	0	0	0	0	0	0	4	2	0	0	0	0	0	0	0	0	0	0	2	0	0	0	0	0	2	0	2	0	0	2	0	0	0	0	2	0	0	4	4	0	0	0	0	0	0	0	0	0	0	0	0	0	0	0	0	0	0	0	0	0	0	0	4	2	0	0	0	0	0	0	0	0	2	0	0	0	0	0	0	2	0	0	0	0	2	0	0	0	0
20.14	0.88	0	0	0	6	0	0	0	0	4	0	0	0	0	2	0	4	0	0	0	0	2	0	6	0	4	4	0	4	0	0	0	2	0	0	0	0	2	0	0	0	0	0	0	0	0	0	0	0	4	4	0	0	2	0	0	0	0	6	6	0	2	0	2	0	4	0	0	0	0	2	0	4	0	0	0	0	0	0	0	0	2	0	0	0	0	0	0	0	2	0	0	0	0	0	0	2	0	0	2	4
20.15	0.66	4	0	0	0	0	2	0	0	0	0	0	2	0	0	6	0	2	2	0	0	0	2	0	0	0	0	0	4	0	4	0	0	0	0	0	0	0	0	0	0	0	0	0	4	0	0	0	2	0	0	0	0	0	0	2	0	0	0	0	0	0	2	4	2	0	0	0	0	0	0	0	0	0	0	0	2	4	0	0	0	0	0	0	2	0	0	0	0	0	0	2	0	0	0	4	0	0	2	0	6
20.16	0.52	0	0	0	0	0	0	4	0	0	0	2	0	0	0	2	0	0	0	2	0	0	0	0	0	0	0	0	0	0	0	0	0	0	0	0	0	0	0	2	0	0	0	0	0	8	0	0	0	0	0	0	0	0	0	0	0	0	0	0	0	2	0	0	0	0	2	0	0	0	0	0	2	0	0	0	4	0	0	2	0	0	4	0	0	0	0	0	0	2	2	0	2	0	4	0	2	0	0	4	0
20.17	0.68	0	0	0	2	0	0	0	0	0	0	0	0	0	0	0	0	0	2	0	0	4	0	2	2	2	0	0	4	0	0	0	0	2	2	0	0	0	0	0	0	0	4	0	0	0	0	0	4	2	0	0	0	0	0	0	4	2	4	4	0	0	0	4	0	2	0	0	0	0	0	0	0	2	4	0	2	0	0	0	0	0	2	0	2	2	0	0	0	0	0	0	0	0	0	0	0	0	2	0	0
20.18	0.52	0	0	6	0	0	2	2	0	0	0	0	0	4	0	0	2	0	0	0	0	0	0	0	0	0	0	0	0	0	0	0	0	0	0	0	0	0	0	2	0	0	0	0	0	0	0	0	0	0	0	6	0	0	0	2	0	0	0	0	4	0	0	2	0	4	0	0	0	0	0	0	0	0	0	2	2	0	2	0	0	0	0	0	0	0	4	4	0	0	0	2	0	0	0	0	0	0	0	0	0
20.19	0.48	0	0	0	0	0	0	0	0	0	2	0	0	0	0	0	0	0	0	0	0	0	0	0	0	0	0	0	0	2	0	0	0	0	0	0	0	0	4	4	0	2	0	2	0	0	0	0	0	0	2	4	2	2	0	0	0	0	0	0	0	0	0	0	4	0	4	0	0	0	4	0	0	0	0	2	2	0	0	0	2	0	0	0	0	0	2	0	0	0	0	0	0	0	0	2	0	0	0	0	0
20.2	0.4	0	0	0	0	0	0	0	2	0	0	0	0	0	0	0	0	0	0	0	0	2	0	2	2	0	0	0	0	0	0	0	4	2	0	0	0	2	0	0	0	0	0	0	0	0	0	0	0	0	0	0	0	0	2	0	0	0	0	2	0	2	0	0	0	0	0	0	0	0	0	0	0	0	0	0	2	2	2	0	4	0	0	0	2	2	0	0	4	0	0	0	0	0	0	0	0	0	0	0	0
20.21	0.6	0	0	0	0	0	0	0	0	2	0	0	4	0	2	0	0	2	0	0	2	0	0	0	4	0	0	0	0	0	0	0	0	0	0	0	0	0	0	2	0	0	0	0	0	0	0	6	0	0	0	0	0	0	2	0	0	4	0	0	0	0	0	0	0	0	0	0	0	4	2	2	2	0	0	0	2	0	0	0	0	2	0	2	0	4	0	0	2	0	0	2	0	0	2	0	0	0	4	0	0
20.22	0.38	0	0	0	0	0	0	0	0	0	0	0	2	0	0	0	0	0	0	0	0	0	2	0	4	0	0	0	0	0	0	0	0	2	0	4	0	2	0	0	0	0	0	0	2	0	0	0	0	2	0	0	0	0	2	0	0	0	0	0	0	0	0	0	0	0	2	0	0	2	0	0	0	2	0	4	0	0	2	0	0	0	0	0	0	0	0	2	0	0	0	2	0	0	0	0	0	0	0	0	0
20.23	0.48	0	0	0	4	0	0	0	0	0	0	0	0	2	0	0	0	0	0	0	2	2	0	4	0	0	0	4	2	0	4	0	2	0	0	0	0	0	0	0	0	0	0	4	2	0	0	0	0	0	0	0	0	0	0	0	0	0	0	0	0	0	0	4	0	0	0	0	0	0	0	0	0	2	0	0	0	0	0	0	0	0	2	0	0	2	0	2	0	0	0	0	0	0	2	2	0	0	0	0	0
20.24	0.5	0	0	0	0	2	0	0	0	0	0	0	0	0	0	0	0	0	0	0	0	0	0	0	0	0	0	4	0	0	0	0	0	0	2	0	0	0	4	0	0	0	2	0	0	4	2	0	2	0	0	2	0	0	2	0	0	2	0	0	0	0	0	0	0	0	0	0	0	0	0	0	4	0	4	2	0	0	2	0	0	0	0	0	0	0	0	0	2	0	0	0	0	0	4	4	0	0	0	0	0
20.25	0.46	0	0	0	0	0	0	4	0	2	0	0	0	0	0	2	0	0	0	0	0	0	2	0	2	0	0	0	4	0	0	0	0	0	0	0	0	2	0	2	0	0	0	0	0	2	0	0	0	2	0	0	0	0	0	0	0	4	0	0	0	0	0	0	2	0	0	0	0	0	0	2	0	4	0	0	2	0	0	0	0	0	0	0	0	0	0	2	0	0	0	0	0	2	0	2	0	0	0	2	0
20.26	0.4	0	0	0	0	0	0	0	0	0	0	0	0	0	0	2	0	0	0	0	2	0	0	6	0	0	0	0	0	0	0	0	0	0	4	0	0	0	0	0	0	0	0	0	0	0	0	0	0	0	2	0	0	0	0	0	0	0	0	0	0	0	0	0	4	0	0	0	0	0	0	0	0	2	0	0	4	2	0	0	0	0	0	0	0	2	0	0	0	0	0	0	0	2	0	0	0	2	4	0	2
20.27	0.52	0	0	0	0	0	0	0	0	0	0	0	0	0	0	0	2	2	0	0	0	0	0	2	6	2	2	0	0	0	0	0	0	0	0	0	0	0	0	0	0	2	2	0	0	0	0	0	0	0	0	0	0	0	2	4	0	0	0	0	0	2	0	0	0	0	4	4	0	0	0	0	0	0	4	0	0	2	0	0	0	2	0	0	0	0	2	0	0	0	0	0	0	4	0	0	0	0	2	0	0
20.28	0.72	0	6	0	0	4	0	0	0	0	2	0	0	0	0	0	0	2	2	0	0	0	0	0	0	0	0	0	0	6	0	0	0	0	2	0	0	2	2	2	0	0	0	2	0	0	0	2	0	6	4	0	0	0	2	0	2	0	0	0	0	0	0	2	0	0	0	0	2	0	6	0	0	0	0	2	0	0	0	0	0	0	0	2	0	0	0	0	0	0	0	0	0	0	0	2	0	6	0	0	2
20.29	0.56	0	0	0	0	0	2	0	0	0	0	4	4	2	0	0	0	0	0	2	0	0	0	0	4	0	0	0	0	2	0	0	0	4	4	0	0	0	6	0	0	0	0	0	0	0	2	0	0	0	0	0	0	0	0	0	0	4	0	0	0	0	0	0	0	0	0	0	0	0	0	2	0	0	0	0	2	0	0	0	0	0	0	0	0	0	0	2	0	6	2	0	0	2	0	0	0	0	0	0	0
20.3	0.62	0	0	0	2	0	0	0	0	0	0	0	0	0	0	4	0	2	0	0	0	0	2	0	0	0	0	0	0	0	0	2	0	2	0	0	0	0	0	0	0	0	0	0	2	2	2	6	0	0	0	0	0	4	0	4	0	0	0	0	0	0	0	0	2	2	0	0	0	0	6	0	2	2	0	0	0	0	0	2	0	4	4	0	2	0	0	0	0	0	2	0	0	0	0	0	0	0	0	0	0
20.31	0.72	0	0	0	0	0	2	0	0	6	0	0	2	0	4	0	0	0	0	0	0	4	0	0	2	0	0	2	0	0	0	0	2	0	2	0	0	2	0	0	2	0	0	0	0	2	0	0	0	2	0	0	0	0	0	0	0	2	0	4	0	0	0	0	0	0	0	6	0	0	2	0	0	0	0	0	0	2	2	4	0	0	0	0	8	0	4	0	0	2	0	0	0	0	0	0	2	0	0	0	0
20.32	0.56	0	0	0	0	0	0	0	0	4	0	0	0	0	0	0	0	0	0	2	0	2	0	0	0	0	0	0	2	0	4	0	0	0	0	0	0	0	2	0	2	0	0	0	0	0	2	0	2	0	0	2	0	0	0	0	0	0	0	0	6	0	0	2	0	0	4	0	2	0	0	2	0	0	0	0	0	0	4	0	0	0	2	0	0	0	0	0	0	0	0	2	0	0	0	6	2	0	0	0	0
20.33	0.66	0	0	0	4	0	0	0	0	0	0	2	0	4	0	0	0	0	0	2	0	2	0	0	0	0	0	0	0	0	2	2	0	0	0	0	0	0	0	4	0	0	0	2	0	0	6	0	0	0	0	0	0	0	0	0	0	0	4	0	0	0	4	0	2	0	0	0	0	0	0	0	2	0	0	0	4	2	0	2	0	0	4	0	0	4	2	0	0	4	0	0	0	0	0	0	0	0	0	2	0
20.34	0.68	0	0	0	0	0	0	0	0	0	0	2	0	0	0	0	0	0	0	2	6	0	0	0	0	0	0	2	0	0	0	2	0	0	0	0	2	0	0	2	0	4	0	0	2	0	0	0	0	0	0	0	0	0	0	0	2	0	4	0	0	0	0	0	0	4	0	0	0	0	0	0	4	0	2	0	2	0	0	0	0	0	0	0	0	0	2	0	0	2	0	0	2	6	0	2	0	6	0	4	2
20.35	0.62	0	0	0	2	0	0	0	0	0	2	0	0	0	0	0	0	4	0	0	0	0	0	2	4	2	0	0	0	0	0	0	0	0	0	0	0	0	2	0	2	2	0	0	0	0	0	0	2	0	0	0	0	4	0	0	0	2	0	0	0	4	0	0	0	0	0	0	10	2	0	0	0	4	2	0	0	0	0	4	0	0	2	0	0	0	0	0	0	0	2	0	2	0	0	0	0	0	0	0	0
20.36	0.34	0	0	0	0	0	0	0	0	0	0	0	0	0	0	0	0	0	2	0	0	2	0	0	0	0	0	0	0	0	0	2	4	0	0	0	0	0	0	0	0	0	0	2	0	0	0	0	0	2	0	0	0	0	0	0	0	0	0	2	0	0	0	0	2	2	0	0	2	0	0	0	0	0	0	0	0	0	0	0	0	0	0	0	0	0	0	0	2	0	0	0	0	0	2	2	0	2	4	0	0
20.37	0.5	0	0	0	0	0	0	0	0	0	0	2	0	0	0	4	0	0	2	0	0	0	2	0	0	0	0	0	0	0	0	0	4	0	0	0	0	0	0	0	0	0	0	0	2	0	0	0	0	0	0	0	0	0	0	2	0	0	4	0	0	2	0	0	0	0	2	0	0	0	0	0	0	0	0	0	0	2	4	0	0	2	0	0	0	0	0	0	8	0	0	0	0	0	0	0	2	0	0	6	0
20.38	0.48	0	0	0	0	0	2	0	0	0	0	2	0	0	2	0	0	2	0	2	0	2	0	0	4	0	0	0	0	0	0	0	0	2	0	2	0	0	0	0	0	2	2	0	0	2	0	0	0	0	0	0	0	0	0	2	0	0	0	4	0	0	0	0	0	0	0	0	0	0	0	2	0	0	0	0	4	0	0	0	2	0	0	0	0	0	0	0	0	0	2	0	0	0	0	2	0	0	0	0	4
20.39	0.38	0	0	0	0	2	0	0	2	2	0	2	0	0	0	0	0	0	4	0	0	0	0	0	0	2	0	4	0	0	0	0	0	2	0	0	4	0	0	0	4	0	4	0	0	0	0	0	0	0	2	0	0	0	0	0	0	0	0	0	0	0	0	0	0	0	0	0	0	0	0	0	0	0	0	0	0	0	0	0	0	0	0	0	0	0	0	0	2	0	0	0	0	0	0	0	2	0	0	0	0
20.4	0.52	2	0	0	0	0	0	0	0	0	0	2	2	0	0	0	0	0	0	0	0	2	0	2	0	0	0	0	0	0	0	2	0	0	0	0	0	0	0	0	2	0	0	0	0	4	0	0	0	0	0	0	0	2	0	0	0	4	0	0	0	0	0	2	2	0	0	0	2	0	2	0	0	0	4	0	0	4	0	0	0	0	0	0	0	0	4	0	2	0	0	2	0	2	0	0	0	0	2	0	0
20.41	0.48	0	0	0	0	0	0	0	0	0	0	0	0	0	0	0	0	0	0	0	0	0	0	0	0	2	0	0	2	0	0	0	0	0	2	0	0	0	6	2	4	2	4	4	0	0	0	0	0	6	0	0	0	0	0	0	0	0	0	0	0	0	0	4	0	2	2	0	0	0	0	0	0	2	0	0	0	2	0	0	0	0	0	2	0	0	0	0	0	0	0	0	0	0	0	0	0	0	0	0	0
20.42	0.54	0	0	0	0	0	0	0	0	2	0	0	2	0	0	0	0	0	0	0	0	0	0	0	0	0	4	0	0	0	0	0	6	0	0	2	0	2	0	2	0	0	0	0	0	0	2	2	0	0	0	0	0	0	0	0	0	4	0	0	0	2	4	0	0	0	0	0	0	0	0	2	0	0	2	0	0	0	0	0	0	0	0	0	0	4	2	0	2	0	4	0	0	0	0	0	0	0	2	2	0
20.43	0.64	0	0	0	0	0	0	0	2	0	0	0	2	0	0	0	0	0	0	0	0	6	0	6	0	0	0	0	0	0	0	2	0	0	0	0	0	0	0	0	0	0	0	0	0	4	2	0	0	0	4	0	0	0	0	0	0	0	0	2	2	0	0	4	0	0	0	0	0	2	0	0	0	0	0	0	0	0	2	0	0	4	4	0	0	2	0	0	4	0	0	0	2	0	2	2	0	0	0	0	4
20.44	0.5	2	0	0	0	2	0	2	0	0	4	0	0	0	0	0	0	0	0	2	0	0	0	0	0	4	0	0	2	0	0	0	0	0	0	2	2	0	0	0	0	0	0	0	2	0	4	0	0	2	0	0	0	0	0	0	0	0	2	0	0	0	6	2	0	0	0	0	2	0	0	0	0	0	0	0	0	0	0	0	0	0	0	2	0	0	0	0	0	2	0	0	0	0	0	4	0	0	0	0	0
20.45	0.66	0	0	2	0	0	2	0	0	2	0	0	0	0	0	0	2	0	0	2	0	0	0	2	0	0	0	0	0	0	0	0	0	0	0	4	0	0	0	6	0	0	4	0	0	0	0	0	0	0	0	0	0	0	0	0	0	0	0	2	0	0	0	2	2	0	0	0	0	0	0	0	0	0	4	0	0	0	0	0	0	0	0	2	0	2	0	0	0	4	0	0	2	6	10	2	0	0	0	0	2
20.46	0.8	2	0	0	0	0	0	0	4	0	0	0	0	2	0	0	0	2	0	8	0	0	2	6	0	2	0	2	0	0	0	0	0	0	4	0	4	0	0	0	0	0	2	0	0	2	0	0	0	0	0	0	0	0	0	0	0	0	0	0	0	0	0	2	4	0	4	0	0	2	0	0	0	0	0	0	2	0	0	2	0	0	2	0	2	0	0	0	2	0	0	6	0	4	0	0	0	2	0	4	0
20.47	0.52	2	6	0	0	0	0	0	0	0	0	0	0	0	0	0	0	0	0	0	0	0	0	0	0	4	0	0	0	0	0	0	0	0	0	0	0	2	0	0	0	2	4	0	0	2	0	0	0	0	0	4	2	0	0	0	4	0	0	4	0	0	0	0	0	0	2	0	0	0	0	0	0	0	0	0	0	0	0	0	4	0	0	0	0	0	0	0	0	2	2	0	2	0	0	0	4	0	0	0	0
20.48	0.42	0	0	0	0	0	0	0	0	0	2	0	0	0	0	0	0	2	0	0	0	0	0	0	0	0	0	0	0	0	0	0	4	0	0	0	0	0	0	0	0	0	0	0	0	0	0	0	0	2	0	4	2	0	0	0	0	0	0	0	0	0	0	0	0	0	0	0	0	0	0	0	0	0	0	2	0	0	0	0	0	0	6	0	0	2	0	0	0	0	2	8	0	0	2	0	0	0	2	0	2
20.49	0.58	0	0	0	0	0	0	2	0	0	0	0	0	0	0	0	0	0	0	0	0	0	0	0	2	0	0	0	0	0	0	0	0	2	0	0	0	2	0	0	0	8	0	0	0	0	0	6	0	0	0	0	0	0	0	0	0	0	0	0	0	0	0	0	0	0	4	2	0	0	2	0	0	0	0	2	0	4	0	4	0	0	0	2	2	0	0	0	4	0	0	2	0	6	0	0	0	2	0	0	0
20.5	0.34	0	0	0	0	2	0	0	0	0	0	0	0	0	0	0	0	0	0	2	0	0	0	0	0	0	0	0	0	0	0	0	0	6	0	2	0	0	0	2	0	0	4	0	0	0	0	0	0	0	0	0	0	4	0	0	0	0	0	0	0	2	0	0	0	0	0	0	0	0	0	2	0	0	0	0	0	4	0	0	0	0	0	0	0	0	0	0	0	0	0	2	0	0	0	0	0	2	0	0	0
20.51	0.62	0	0	0	0	0	0	0	0	2	2	0	0	0	0	0	0	0	0	0	2	0	6	0	0	0	0	0	0	2	0	0	0	0	0	0	0	4	0	0	0	0	0	0	0	0	0	2	0	0	0	0	0	2	0	4	2	0	4	4	0	0	0	0	2	2	0	2	2	0	0	0	2	0	2	0	0	0	0	4	0	0	0	0	0	0	0	2	0	0	0	0	2	0	0	0	0	2	0	0	4
20.52	0.58	0	0	0	0	0	2	0	4	6	2	0	0	2	0	0	0	2	0	0	0	0	0	0	0	0	0	4	0	0	0	2	0	0	0	4	0	0	0	0	0	0	0	0	0	0	0	0	4	4	0	0	0	0	0	0	0	0	0	0	0	4	0	0	0	0	6	0	0	2	0	0	0	0	0	0	0	0	0	0	0	2	0	0	0	0	2	0	0	0	0	0	0	0	2	0	0	0	2	0	2
20.53	0.58	2	0	0	2	0	0	0	0	0	0	0	4	0	4	0	0	0	0	4	6	0	0	0	0	0	0	2	0	0	0	0	0	0	0	2	0	0	0	4	0	0	2	2	0	2	0	0	0	0	0	0	0	0	0	0	0	0	0	0	0	0	0	0	0	0	0	0	0	2	0	4	0	0	0	4	2	0	0	0	2	0	0	0	2	0	0	0	0	0	0	0	0	6	0	0	0	0	0	0	0
20.54	0.58	0	0	0	0	0	0	0	2	0	0	0	0	0	0	0	0	0	0	0	0	0	0	2	2	0	0	2	0	0	0	10	0	0	0	0	0	0	0	0	0	0	0	0	0	2	0	4	4	0	0	0	0	0	0	0	0	0	0	0	0	0	0	0	0	4	0	0	0	0	0	0	0	0	0	2	4	0	0	2	0	4	0	0	0	2	2	2	0	0	0	0	2	2	0	0	0	0	0	0	4
20.55	0.54	0	0	2	2	0	2	2	0	0	0	2	0	0	4	0	0	2	0	0	2	0	4	4	0	0	0	0	0	0	0	2	0	0	0	0	0	0	0	2	0	0	0	0	0	0	0	0	0	0	0	0	0	0	6	0	0	0	0	0	2	0	0	2	0	0	0	0	0	0	0	0	0	0	0	0	0	0	0	0	0	0	0	0	0	0	4	0	4	2	0	0	0	0	0	0	0	0	0	0	4
20.56	0.52	2	0	0	0	0	0	0	0	0	0	0	2	0	0	0	0	0	0	0	0	0	0	0	0	0	0	2	0	2	0	0	0	0	0	0	0	0	0	0	4	0	0	0	0	2	0	2	0	4	0	0	2	2	4	2	0	0	0	0	2	0	2	0	0	0	0	2	0	2	0	0	0	0	0	0	0	0	0	0	0	0	0	0	0	8	0	2	0	0	0	0	0	0	0	0	4	0	0	0	0
20.57	0.5	8	0	2	0	0	0	0	0	0	0	0	0	0	4	2	0	0	0	0	0	0	0	0	0	2	0	2	0	0	0	0	0	0	0	0	0	0	0	0	0	0	0	0	2	0	0	0	0	0	0	0	0	0	0	4	0	2	0	0	4	0	0	4	0	4	0	0	0	0	2	0	0	2	0	0	0	0	0	0	0	0	0	0	2	0	0	0	0	0	0	4	0	0	0	0	0	0	0	0	0
20.58	0.58	0	0	0	0	0	0	0	2	0	0	0	0	0	4	0	0	0	0	0	0	2	4	4	0	0	0	0	0	0	0	0	0	0	0	0	0	0	0	0	2	0	0	0	2	0	4	0	0	2	0	0	0	0	4	2	0	4	2	0	0	0	0	0	0	0	0	2	0	0	0	0	2	0	2	0	0	0	0	0	0	0	2	2	0	0	0	0	2	0	4	0	0	0	0	0	0	0	0	2	2
20.59	0.76	0	0	0	0	2	6	0	0	0	0	2	4	0	0	0	0	0	0	0	2	0	0	0	0	0	2	0	0	0	0	0	0	0	0	0	0	0	0	4	0	2	0	0	4	0	0	4	2	0	0	0	0	0	4	4	0	0	0	2	0	0	0	0	0	0	0	0	0	0	8	0	2	0	2	0	0	0	0	0	8	0	4	0	0	0	0	0	0	2	0	0	0	0	4	0	0	0	0	2	0
20.6	0.64	0	0	0	0	0	0	0	0	2	0	0	0	2	0	0	0	0	0	0	0	0	2	0	0	0	2	2	0	2	0	0	0	0	0	2	0	4	2	0	0	0	0	0	4	0	6	2	0	0	0	2	0	0	0	4	0	0	0	0	0	0	0	0	2	0	0	0	2	0	2	0	0	0	0	0	0	0	0	0	0	0	0	0	0	0	2	2	2	0	4	0	4	0	0	6	0	0	0	0	0
20.61	0.32	0	0	0	0	0	0	0	0	0	0	0	2	0	0	0	0	0	0	4	2	0	0	0	0	0	0	4	0	0	0	0	0	0	0	0	2	0	0	0	0	0	0	0	0	0	0	6	0	0	0	0	0	0	0	0	0	0	0	0	0	2	0	0	0	0	0	0	0	0	0	4	0	0	0	0	0	0	2	0	0	0	0	0	0	0	0	0	2	2	0	0	0	0	0	0	0	0	0	0	0
20.62	0.76	0	0	6	0	0	0	0	0	0	2	0	0	0	0	0	0	0	0	0	0	0	2	0	0	4	0	2	0	0	0	4	0	0	0	0	0	0	0	0	0	0	0	0	0	0	2	2	0	8	0	0	0	0	0	2	0	0	2	0	2	2	0	4	0	4	0	0	0	0	0	0	0	0	0	0	0	0	2	0	2	0	0	0	0	4	6	0	0	0	0	0	2	4	2	4	0	0	0	0	2
20.63	0.84	0	0	0	4	2	0	0	0	2	0	0	0	0	0	0	0	0	0	0	2	0	0	2	0	0	0	0	0	0	0	0	0	0	0	0	0	0	0	0	0	0	0	0	0	2	0	0	0	2	0	0	2	6	6	0	4	2	2	2	0	0	0	0	0	0	2	6	0	0	0	0	0	4	0	0	2	2	0	4	2	0	0	0	0	0	0	0	2	4	2	0	0	4	0	2	6	0	0	2	0
20.64	0.6	0	0	0	0	4	0	0	0	0	0	0	0	0	0	0	0	0	0	0	0	0	0	0	0	0	2	0	0	0	0	0	0	0	0	0	0	0	2	2	0	0	2	0	0	0	2	0	0	2	0	0	0	0	2	0	0	0	0	2	0	0	0	2	0	0	0	2	0	0	0	0	0	2	0	0	0	2	0	4	8	0	0	0	2	0	0	0	0	0	4	4	0	4	0	0	2	0	0	4	0
20.65	0.8	0	0	2	0	4	0	2	0	4	4	4	0	0	0	0	0	0	0	0	0	0	0	0	0	10	2	0	0	0	2	2	0	2	0	0	0	0	0	0	0	0	2	0	0	0	0	2	0	0	0	4	0	0	0	2	0	2	0	0	0	0	0	2	0	0	0	0	0	0	0	0	0	2	0	0	0	0	4	0	4	0	0	0	0	2	0	0	0	2	0	0	0	0	0	0	4	4	4	0	2
20.66	0.62	0	0	0	0	0	0	0	0	0	2	0	0	0	2	0	0	0	0	2	0	0	0	0	0	0	0	0	0	0	0	0	0	0	0	0	0	4	0	2	0	0	4	0	2	0	0	2	4	0	0	6	0	0	0	0	2	0	0	0	0	4	0	0	0	4	0	0	0	4	0	0	0	0	0	0	0	0	0	0	0	0	0	0	0	0	4	0	4	2	4	0	2	0	2	0	0	0	0	0	0
20.67	0.54	0	0	0	0	0	0	0	2	2	0	0	0	4	0	0	2	0	0	2	4	0	0	0	0	0	0	0	0	0	0	0	0	0	0	0	6	0	2	0	0	2	0	0	0	0	0	0	0	0	0	0	0	2	0	0	0	0	2	2	0	0	0	0	2	0	0	0	0	0	0	2	0	0	0	2	0	4	2	0	0	0	0	6	0	0	0	0	0	0	0	0	0	0	0	2	0	2	0	0	0
20.68	0.58	0	0	0	0	0	0	0	0	0	0	0	0	0	2	0	0	2	0	0	0	2	4	0	4	0	0	0	0	0	0	2	2	0	0	0	2	0	0	0	0	0	0	0	0	2	0	0	0	0	0	2	0	0	2	0	0	0	0	0	4	2	0	2	0	0	0	4	2	0	0	0	0	0	0	2	0	0	0	0	0	2	0	0	0	0	0	0	0	0	0	0	6	0	2	0	2	0	4	0	0
20.69	0.64	0	0	0	0	0	0	0	0	0	0	0	0	4	0	0	2	0	0	2	0	0	0	0	2	0	0	2	0	0	2	0	0	0	0	0	0	0	0	0	0	0	2	0	0	0	0	2	0	0	4	0	0	2	4	0	0	0	2	2	0	0	2	0	0	0	4	0	0	0	2	0	0	2	2	0	0	0	0	0	0	2	0	4	0	4	0	0	0	2	0	0	2	4	0	0	0	0	0	2	0
20.7	0.74	0	0	2	6	0	2	0	0	2	2	0	0	0	0	0	2	0	2	0	0	0	0	0	0	0	0	2	0	0	6	0	2	2	0	4	0	2	0	0	0	0	0	0	0	0	0	0	0	0	0	0	0	0	0	2	8	8	4	0	0	0	0	0	0	0	0	0	0	0	0	0	0	0	0	4	0	0	0	2	0	2	0	0	0	0	0	0	0	0	4	0	4	0	0	0	0	0	0	0	0
20.71	0.66	0	0	2	0	0	0	0	0	2	0	0	0	0	4	2	0	0	2	4	2	0	0	0	0	0	0	0	0	2	0	0	0	0	0	0	0	0	0	2	0	0	0	0	0	0	2	0	0	0	0	2	2	0	0	0	0	2	2	0	0	0	0	0	0	0	6	0	0	4	0	0	0	0	0	0	0	4	0	2	2	0	2	0	2	0	0	0	0	0	0	0	0	2	4	0	0	4	2	0	0
20.72	0.72	6	2	0	0	0	0	0	0	0	0	0	0	6	4	4	2	0	0	0	0	0	0	2	4	0	0	0	0	0	2	0	0	2	0	2	0	0	0	0	0	0	0	0	0	0	2	0	2	0	0	0	0	0	0	0	0	0	0	0	2	0	0	2	0	0	0	2	0	0	2	2	2	0	2	0	4	0	0	0	0	0	0	0	0	0	0	0	0	0	0	2	0	2	4	0	0	0	4	0	2
20.73	0.78	0	0	0	0	0	0	0	0	0	0	0	0	0	0	0	0	0	2	4	0	2	2	2	2	0	0	0	6	0	0	0	0	2	0	4	0	4	0	4	0	0	0	0	0	0	0	0	0	0	0	0	2	0	0	0	0	0	2	2	0	2	0	0	2	0	2	0	2	0	2	0	0	0	2	0	0	2	0	0	0	2	0	2	4	0	4	2	0	0	2	0	2	0	0	4	0	0	0	2	0
20.74	1.24	0	0	4	0	0	2	2	2	0	0	0	2	0	2	0	2	0	0	2	2	0	2	0	2	0	2	4	2	6	0	4	0	0	4	0	0	0	0	0	0	4	4	4	0	2	0	0	0	0	0	0	2	0	0	0	0	0	4	2	0	0	0	4	0	0	0	4	0	0	8	0	0	4	0	0	4	2	0	4	0	0	0	6	4	0	0	0	0	0	0	0	2	4	0	0	0	0	2	0	8
20.75	0.88	0	2	0	0	0	0	2	0	0	0	0	0	0	0	6	0	4	0	0	0	0	0	0	0	0	0	0	4	2	0	2	0	2	0	0	0	0	0	0	0	6	0	0	4	2	4	2	0	0	0	2	0	0	0	0	0	0	0	0	0	0	0	2	0	2	4	4	0	0	0	0	2	0	0	2	0	0	0	0	0	4	0	4	0	0	6	0	0	0	8	0	2	0	0	0	0	0	0	0	4
20.76	1.36	0	4	2	6	0	0	2	0	8	0	0	4	0	0	0	14	0	0	2	2	0	6	0	0	0	0	2	0	2	0	4	0	0	2	2	0	0	0	0	0	0	0	0	0	0	2	2	4	0	0	6	2	2	0	0	0	0	0	2	2	0	2	0	0	0	0	0	0	0	0	2	0	4	0	4	0	0	2	0	0	2	2	6	0	2	2	2	0	0	2	0	10	0	0	0	2	0	4	4	0
20.77	1.24	0	0	0	0	2	0	6	0	2	0	4	0	0	0	0	0	2	2	2	0	0	0	2	0	4	0	4	2	0	0	2	0	0	0	0	0	2	0	0	2	6	0	0	0	0	6	4	2	4	2	0	2	0	0	2	0	0	4	0	6	0	0	0	0	8	0	4	0	0	2	0	0	0	2	2	0	2	2	2	0	0	8	0	0	4	0	0	0	0	0	2	0	0	0	2	4	0	4	0	0
20.78	1.26	0	0	0	2	0	0	0	0	0	0	0	0	6	2	2	2	4	0	0	4	2	0	0	0	2	0	0	2	0	0	0	0	0	0	0	2	2	0	0	0	4	0	2	2	4	0	2	0	0	2	2	0	2	4	0	2	0	0	0	0	4	6	4	0	2	0	0	2	0	16	4	0	0	0	0	2	2	2	0	0	4	4	0	0	2	0	0	0	2	2	0	0	0	0	0	0	0	4	4	2
20.79	1.5	2	2	0	2	0	0	4	0	0	0	0	0	2	0	2	0	0	0	8	2	0	0	0	0	0	8	0	6	2	4	0	2	0	2	2	0	0	4	0	2	0	4	4	0	6	4	0	0	2	8	0	2	0	4	6	0	0	2	0	0	2	0	0	0	0	6	0	0	2	2	2	0	0	0	0	0	2	4	0	0	0	4	2	2	2	0	0	2	4	0	0	2	2	2	0	6	0	0	0	4
20.8	1.24	0	0	2	0	0	0	2	2	0	4	0	0	2	0	0	2	2	0	0	0	0	2	2	2	0	4	2	0	0	0	0	0	2	0	0	4	4	0	2	0	0	0	0	2	2	2	0	0	2	2	0	2	6	0	0	0	0	0	0	0	0	6	0	2	0	0	4	0	2	2	4	6	2	0	0	2	0	2	0	0	2	0	0	4	6	4	0	0	0	0	0	2	10	0	0	2	2	2	0	0
20.81	1.72	2	4	0	2	4	0	0	2	0	2	4	0	6	2	10	2	0	2	0	0	6	0	0	0	0	4	0	2	0	0	0	2	0	2	0	2	6	4	0	0	0	0	4	4	8	0	4	0	0	0	0	0	0	0	2	0	0	0	4	0	0	0	2	0	2	2	4	0	4	2	4	6	0	2	4	0	0	2	4	0	0	0	0	8	2	0	2	0	0	2	2	4	8	0	4	0	0	4	0	2
20.82	1.72	2	0	0	2	0	0	0	0	0	4	0	0	2	0	0	0	4	4	8	0	0	6	6	0	0	2	6	4	6	0	4	0	4	2	0	0	6	6	0	0	4	0	0	0	0	2	0	0	0	2	0	2	6	0	0	0	0	0	4	0	2	4	2	0	0	8	4	0	0	4	0	4	2	2	0	0	2	6	2	2	4	2	2	0	0	0	2	0	2	4	2	0	2	2	0	0	2	0	4	2
20.83	2.54	0	10	0	2	2	4	4	2	4	4	2	0	2	4	0	4	0	0	4	0	0	0	0	0	0	4	0	8	2	0	6	0	2	2	0	6	2	0	0	4	0	6	6	2	4	0	2	0	8	0	4	0	4	2	2	0	10	0	0	2	6	2	2	4	0	6	4	4	0	2	6	8	0	10	2	4	0	4	2	4	2	2	2	0	4	6	2	0	0	0	2	0	2	4	4	6	4	0	6	2
20.84	2.84	2	4	0	0	2	2	2	0	4	4	8	2	0	0	2	6	4	4	6	2	2	4	4	0	0	0	0	12	0	10	12	0	4	4	0	4	4	4	0	0	8	2	0	2	2	8	0	0	4	8	0	4	2	0	6	4	2	6	4	0	0	8	2	0	2	8	0	4	2	2	2	2	0	6	0	2	2	0	0	2	4	8	8	0	0	0	0	8	2	0	2	6	2	2	2	0	8	4	4	0
20.85	3.24	0	2	24	6	4	6	4	0	0	4	6	4	2	0	4	0	2	4	8	8	10	0	0	4	2	2	8	2	0	0	0	8	4	0	0	0	12	2	2	0	0	4	2	0	0	0	2	2	10	2	2	0	4	4	8	4	2	0	4	4	10	4	0	0	0	2	2	8	0	2	6	0	4	6	0	6	8	10	4	0	2	4	4	6	0	0	2	4	2	4	4	6	0	0	0	6	10	0	0	0
20.86	3.42	0	2	2	0	2	4	4	0	2	4	4	2	2	2	0	2	4	0	8	2	6	0	10	2	2	2	4	0	0	4	4	4	2	4	2	4	4	14	2	8	0	4	0	0	0	4	0	0	6	2	4	10	4	4	2	4	4	2	6	6	0	2	0	4	6	4	4	8	4	2	6	8	4	2	2	4	2	4	4	2	2	2	0	0	0	12	6	0	6	8	6	6	0	2	2	2	6	6	14	4
20.87	3.86	0	10	0	4	2	4	2	0	0	2	4	6	2	6	6	2	8	4	0	2	4	0	0	0	6	4	2	2	8	2	4	6	14	8	6	0	0	8	0	6	0	16	4	10	6	4	0	8	6	0	8	4	4	6	8	8	8	2	0	4	4	4	14	0	4	2	4	6	0	0	0	0	8	6	4	2	6	0	6	14	4	0	2	2	2	0	8	6	4	2	0	4	0	0	6	0	6	2	2	2
20.88	4.78	8	2	2	6	10	8	8	6	2	0	2	6	10	4	4	0	22	6	2	4	2	4	8	6	8	10	0	0	2	0	2	4	4	4	2	2	6	0	4	2	0	4	4	2	6	4	2	2	6	4	6	12	4	14	4	8	4	0	10	4	4	6	0	2	12	14	8	4	4	2	8	2	6	2	2	8	4	2	6	2	4	10	10	2	4	2	2	4	4	10	0	6	6	2	4	4	4	6	2	12
20.89	5.78	6	2	2	8	0	12	2	4	2	12	2	4	0	10	4	6	0	2	2	6	2	4	6	2	2	4	8	4	6	4	14	4	6	4	10	6	6	2	2	8	8	10	6	6	2	6	8	14	2	2	4	4	8	10	0	10	12	4	10	10	0	8	12	4	2	2	16	8	6	2	0	8	4	0	4	6	6	8	2	4	4	6	8	12	2	22	8	6	4	10	4	4	8	6	8	4	10	10	8	6
20.9	7.4	4	6	6	2	12	12	12	6	16	2	2	18	6	2	6	2	2	14	2	6	8	8	12	14	12	6	4	4	8	20	4	6	0	10	8	12	6	12	8	6	6	2	8	6	8	6	8	0	12	6	6	4	4	8	4	10	2	4	6	10	12	6	4	10	10	4	14	14	8	10	4	8	6	10	4	8	6	10	6	2	10	14	8	4	8	12	4	8	8	4	14	4	8	12	10	8	8	2	8	4
20.91	7.86	4	6	2	10	10	4	4	12	6	8	4	0	0	12	4	20	12	4	2	8	4	4	10	2	0	8	10	4	8	14	10	16	4	4	2	0	8	0	8	16	6	18	12	10	2	6	8	10	18	6	0	6	12	6	6	8	10	4	4	6	10	14	16	4	4	4	8	8	10	6	10	22	10	20	8	14	2	12	8	8	6	14	4	6	10	10	10	20	10	6	8	14	4	8	10	0	0	8	10	8
20.92	8.72	4	16	10	6	4	4	8	2	18	2	16	10	10	6	14	14	6	12	18	8	6	10	4	6	10	2	8	4	0	4	12	8	10	10	10	4	14	18	10	20	14	10	14	2	2	10	14	8	18	6	8	6	2	16	6	6	10	22	14	4	6	8	8	14	4	12	2	8	12	10	2	0	10	8	10	6	16	6	2	8	2	6	0	14	6	12	6	6	10	4	16	2	10	18	10	4	20	6	16	2
20.93	9.84	10	6	14	10	10	6	8	14	6	12	8	2	6	10	16	6	14	10	4	2	16	10	6	2	10	14	12	6	12	10	2	22	4	18	8	8	8	8	12	8	8	8	6	10	8	8	4	12	38	16	12	14	8	8	2	10	10	12	6	2	6	16	8	12	0	8	16	6	22	14	6	10	14	10	8	12	10	8	8	2	10	10	0	2	18	16	10	10	10	10	6	10	16	6	14	28	16	10	4	10
20.94	11.36	14	2	8	16	6	8	20	14	12	6	12	12	4	10	16	8	12	6	10	20	24	4	6	16	2	12	10	10	2	6	12	10	12	12	14	12	14	16	6	18	10	10	10	12	14	6	16	8	20	10	14	16	8	8	6	4	4	12	14	8	4	24	6	14	2	16	10	10	8	10	12	12	10	14	14	12	16	14	4	22	24	18	6	16	14	10	12	10	14	8	8	14	18	12	4	16	10	18	14	12
20.95	10.72	2	26	4	12	10	18	6	12	6	12	4	4	8	14	18	8	20	14	12	6	14	12	14	12	10	14	12	10	8	26	6	0	8	18	10	10	10	8	10	6	8	10	10	28	10	18	8	12	12	14	4	12	12	2	6	2	10	6	20	10	10	16	8	4	10	14	12	16	18	12	6	8	4	6	6	12	6	8	16	22	10	20	4	6	12	12	2	12	8	14	8	14	18	14	22	2	10	10	4	8
20.96	12.6	14	4	12	22	20	2	12	12	14	8	28	8	14	12	6	8	10	10	18	10	8	6	16	18	10	26	18	12	16	24	4	14	6	18	4	2	16	4	8	2	20	12	12	12	14	16	6	8	2	2	10	16	12	18	6	20	8	10	18	12	6	16	16	12	18	10	10	18	8	20	8	6	18	14	16	18	22	18	14	16	10	24	10	12	14	14	10	16	20	12	12	10	10	14	20	10	6	12	22	8
20.97	14.8	16	10	12	10	20	14	8	12	18	6	14	22	2	16	16	12	8	6	18	18	14	10	6	10	6	16	18	14	12	6	26	4	16	12	4	20	16	14	18	14	26	14	16	20	12	16	6	20	6	22	16	8	22	22	22	20	22	18	22	22	14	16	4	8	14	22	12	16	12	20	12	28	6	2	14	14	30	22	10	6	20	10	22	26	18	16	14	22	16	8	22	12	12	14	14	26	14	18	16	12
20.98	16.46	14	36	4	12	6	10	14	22	16	14	18	24	28	16	14	30	6	18	16	16	8	20	24	14	16	16	16	8	16	6	8	14	22	26	20	28	26	10	12	10	16	6	16	16	16	20	14	12	16	20	26	14	24	12	28	10	22	14	12	28	14	30	10	26	14	20	16	24	10	10	20	8	20	18	4	26	24	8	18	16	24	10	28	16	22	20	4	16	12	24	10	16	16	8	26	10	6	12	18	16
20.99	16.84	14	14	24	8	10	22	22	8	30	16	16	8	22	22	12	32	16	16	14	12	4	26	14	20	4	8	22	8	12	22	18	26	8	16	18	16	10	28	24	20	8	22	6	12	12	18	18	30	20	18	16	6	8	22	18	6	26	12	24	14	32	20	18	18	22	22	14	30	12	6	18	22	10	18	10	12	18	10	10	12	14	14	20	18	28	16	14	20	14	14	28	14	20	20	14	28	36	12	20	8
21	19.1	12	18	14	14	20	24	18	20	12	22	12	18	16	16	14	12	38	14	12	16	16	20	26	14	22	18	16	18	20	24	24	16	14	10	22	10	14	8	18	16	18	26	14	24	18	24	34	30	22	20	16	14	24	22	32	14	24	18	18	32	20	24	24	24	20	14	12	26	30	14	18	20	24	16	24	28	22	24	22	22	20	24	20	16	38	8	22	10	10	12	6	10	22	28	24	22	28	8	20	2
21.01	20.26	12	26	12	14	10	14	8	24	28	8	20	10	18	22	16	22	18	16	18	18	28	28	20	8	8	6	8	20	14	22	14	20	14	18	28	18	18	18	16	22	26	24	20	22	26	26	20	12	14	24	28	32	20	20	18	10	26	14	26	24	16	22	24	18	32	16	14	18	28	20	30	30	32	14	36	22	34	22	10	28	28	30	20	24	34	22	28	22	18	36	28	26	12	8	14	18	6	24	34	14
21.02	19.64	12	16	12	6	28	20	14	22	24	16	22	30	10	26	12	16	28	18	16	28	14	32	18	14	6	34	26	28	26	32	26	14	20	8	26	24	14	24	18	28	26	12	10	16	16	26	10	14	30	28	6	16	18	18	18	22	26	14	18	34	24	24	8	16	14	24	16	14	22	18	20	20	12	30	28	18	38	16	14	14	20	10	36	16	12	12	24	12	22	22	14	10	18	28	16	20	20	26	22	28
21.03	21.7	32	26	20	16	10	18	28	12	16	16	10	18	16	20	26	2	22	22	26	48	10	28	22	28	30	20	18	42	36	12	36	16	20	32	24	26	24	10	22	12	24	24	26	28	28	18	20	26	20	20	20	28	20	12	20	18	12	18	18	32	28	28	12	20	24	22	12	16	18	18	32	22	22	26	16	32	10	26	18	22	22	12	30	10	22	18	44	24	20	16	16	24	30	14	16	22	20	20	18	44
21.04	24.6	32	44	28	10	18	22	28	22	36	30	22	16	24	24	20	26	10	28	36	24	28	22	12	10	32	16	16	14	36	22	26	18	40	36	22	26	22	28	18	4	34	22	26	22	38	14	26	38	20	40	28	20	40	26	24	20	40	22	26	18	34	38	22	12	26	32	16	12	30	24	16	26	18	24	26	28	24	18	30	18	30	26	22	24	10	18	44	14	38	28	14	26	28	20	22	34	32	28	18	18
21.05	26.3	32	26	16	24	12	28	22	22	24	16	34	24	18	30	38	22	38	18	40	34	26	24	22	22	24	18	20	28	28	34	18	40	26	28	18	30	24	28	28	34	24	18	22	26	38	26	20	14	28	34	32	22	30	30	22	36	38	20	36	20	38	30	34	28	24	22	28	28	28	30	20	34	18	38	18	50	32	26	24	34	18	18	14	30	16	30	30	22	22	26	24	30	28	20	16	26	20	30	24	28
21.06	24.5	18	24	18	28	14	28	20	20	26	34	26	16	16	36	20	26	16	16	10	22	28	40	22	26	34	24	14	28	24	16	18	22	30	30	30	32	36	12	14	24	22	16	18	16	26	36	28	38	18	26	12	30	42	34	24	30	0	26	20	48	26	30	16	26	26	30	18	12	24	30	26	28	22	26	20	46	32	32	30	22	30	20	4	24	14	34	28	18	36	10	32	24	30	24	22	26	30	38	18	18
21.07	26.24	32	24	24	12	12	36	22	38	26	36	24	30	16	18	14	22	22	34	18	12	16	36	24	30	32	22	34	18	32	36	16	32	12	18	26	32	26	14	16	24	54	38	34	14	28	24	24	16	32	20	22	46	22	14	20	22	16	20	22	28	32	22	12	22	18	16	20	30	26	44	24	22	34	26	36	36	28	40	18	52	36	20	26	44	30	28	26	26	22	36	30	16	34	30	38	22	40	24	26	28
21.08	30.22	18	22	44	28	34	6	16	20	34	34	20	32	32	36	34	20	26	16	20	26	44	28	34	32	24	24	36	20	20	36	22	18	18	44	24	46	26	28	30	34	32	44	20	24	44	24	26	24	38	42	34	36	34	32	38	28	24	30	48	18	14	40	18	44	34	32	24	40	24	34	20	34	38	24	46	24	28	40	40	34	28	32	40	26	20	44	38	22	24	28	18	38	42	42	18	40	54	22	36	32
21.09	32.06	30	30	26	26	42	28	28	32	30	54	32	28	28	28	20	32	48	10	26	28	42	22	40	34	32	30	40	22	26	30	54	30	30	38	30	28	34	26	30	32	34	30	22	30	24	18	26	22	32	24	36	24	22	24	46	44	58	30	30	30	24	42	32	26	26	26	36	16	24	48	34	36	32	30	26	28	28	40	42	44	30	40	44	38	42	42	38	42	22	22	22	36	34	34	34	26	28	36	60	34
21.1	32.5	30	36	24	36	20	16	32	22	28	38	18	28	38	38	46	34	48	26	28	20	30	24	34	22	28	8	32	48	28	44	22	32	36	48	26	38	28	28	28	40	26	26	52	36	32	30	28	16	24	22	40	30	30	34	14	24	34	26	34	42	40	46	32	36	38	46	32	46	36	32	40	32	24	12	48	42	50	34	22	38	22	48	26	44	54	34	24	34	46	34	24	34	20	20	44	40	24	56	40	26
21.11	35.3	40	38	24	46	26	22	46	34	26	44	46	26	36	30	38	36	50	30	16	26	24	38	28	42	42	38	32	44	50	30	34	46	32	26	46	34	36	32	28	42	32	32	34	36	24	38	42	38	26	46	14	30	18	42	26	44	30	28	30	34	60	12	32	44	44	50	38	44	30	44	34	32	26	30	32	52	36	38	30	28	40	32	36	20	42	32	40	28	50	40	54	26	48	32	34	40	20	46	50	36
21.12	35.22	44	34	48	58	22	44	20	42	52	26	22	18	38	34	44	30	34	36	38	36	32	32	42	32	26	30	34	24	32	40	18	42	46	42	16	32	62	32	30	22	46	58	30	34	34	18	56	24	28	50	30	30	34	28	46	46	40	18	32	26	26	30	50	30	48	18	48	40	40	50	36	46	36	26	44	34	46	12	52	54	38	28	28	20	56	50	20	20	38	42	36	44	34	32	34	28	26	26	32	30
21.13	36.56	42	28	70	26	26	44	56	44	46	30	22	32	48	28	26	22	56	38	60	34	26	40	36	24	38	38	24	32	48	30	30	52	44	34	52	20	30	46	30	18	38	26	40	30	30	22	28	44	48	42	32	28	26	24	38	40	40	36	34	60	26	32	62	42	38	18	40	40	30	36	48	36	34	44	32	34	30	26	28	40	28	34	30	30	36	50	46	50	30	32	42	50	42	26	58	46	38	22	28	46
21.14	37.08	32	34	42	26	22	38	50	20	38	36	28	34	52	42	32	44	46	10	38	20	34	50	50	32	34	24	30	38	44	44	34	32	42	32	40	30	38	60	36	32	18	40	46	32	42	58	34	42	46	36	26	22	34	28	36	38	42	44	34	38	42	56	38	40	36	30	46	44	32	44	34	48	42	46	28	50	40	56	28	52	38	34	46	46	34	46	20	42	40	14	38	34	34	32	26	30	32	54	40	20
21.15	39.5	34	24	44	42	54	28	54	42	36	38	26	56	30	34	32	42	44	30	34	44	70	44	40	62	34	40	38	28	36	18	24	26	32	26	40	44	26	34	44	50	46	24	42	38	32	36	46	42	50	34	44	34	38	56	42	68	48	24	42	38	46	28	34	48	38	38	50	48	70	44	36	36	36	34	64	46	28	32	48	58	52	36	46	32	44	26	42	50	38	42	32	24	16	34	50	28	32	40	24	52
21.16	41.72	44	50	42	38	32	48	20	42	36	50	28	44	54	48	28	32	42	56	34	38	24	34	22	22	28	30	30	48	44	40	34	30	22	50	22	64	44	30	32	56	34	48	32	60	48	24	42	34	48	34	34	46	46	56	56	34	52	52	28	40	40	42	50	68	36	54	60	48	34	64	50	50	44	30	32	64	42	28	36	40	50	32	30	30	52	40	50	66	44	56	48	58	32	52	30	34	66	32	44	54
21.17	43.32	28	38	40	26	26	50	44	50	28	16	50	34	54	70	64	38	36	44	64	38	30	46	38	50	40	60	30	40	48	50	68	52	60	56	52	42	28	40	46	36	30	56	46	50	48	36	50	26	42	44	44	24	56	50	44	44	36	54	42	40	32	32	36	56	44	52	42	32	36	36	42	30	58	36	34	48	50	30	34	42	42	50	68	46	38	38	46	42	38	54	54	56	44	56	32	48	50	30	44	42
21.18	44.3	30	68	52	52	40	38	40	22	44	44	48	62	36	36	38	38	32	40	14	58	42	34	38	38	38	38	54	44	34	50	36	56	48	30	56	56	52	28	30	40	32	56	38	54	38	42	50	44	32	44	40	34	44	52	40	50	44	58	64	56	32	50	44	34	32	54	66	52	30	36	46	66	34	40	48	48	38	46	64	40	42	36	58	30	48	56	44	34	46	40	54	50	56	74	36	36	54	48	56	46
21.19	44.32	38	32	24	34	50	38	30	56	44	38	30	50	48	40	30	44	50	38	52	34	58	46	34	42	50	50	32	48	66	42	44	36	52	56	44	40	68	48	48	34	48	56	40	32	44	30	54	30	50	38	46	40	40	54	46	50	46	48	56	48	42	48	50	30	52	36	30	60	26	38	40	40	34	50	36	44	38	34	42	62	64	76	20	40	54	40	34	56	56	50	54	44	44	56	44	46	44	64	34	46
21.2	46.14	52	44	52	44	38	36	44	56	58	58	30	56	30	50	22	38	54	74	36	52	46	38	26	56	34	44	38	42	30	34	30	26	40	28	48	42	56	38	66	42	46	42	64	52	60	42	42	60	60	54	40	48	36	44	34	60	38	44	48	44	46	58	48	44	58	44	48	46	32	52	46	48	44	42	56	42	48	52	56	42	70	64	52	38	38	40	64	48	48	54	46	56	48	58	28	64	20	42	40	58
21.21	47.22	32	46	46	44	36	40	58	48	38	58	34	38	52	48	62	26	56	62	30	32	42	56	38	50	38	50	52	48	48	38	46	36	40	34	48	46	54	56	60	62	62	40	50	36	62	50	48	56	40	54	62	60	48	44	66	32	32	50	54	58	50	48	52	40	40	44	70	60	36	38	48	58	48	60	48	40	56	58	32	34	54	50	58	38	68	46	56	62	32	28	50	36	42	32	80	36	40	34	32	56
21.22	49.96	54	48	52	22	38	34	56	40	42	52	46	40	42	56	42	46	72	64	52	44	46	40	62	48	42	44	44	44	62	46	40	54	50	30	28	50	76	56	38	56	30	52	40	26	50	40	62	40	82	50	78	46	64	58	58	50	42	52	40	54	62	32	54	48	32	70	42	64	52	40	54	58	62	62	66	84	50	58	42	38	56	44	44	44	50	64	58	70	68	36	56	42	46	46	38	46	42	48	64	52
21.23	53.04	54	60	56	50	60	50	36	58	64	58	34	54	38	44	54	48	72	38	50	60	50	52	50	48	46	30	46	54	62	36	52	44	54	22	66	52	54	50	68	30	42	68	54	50	58	58	58	40	44	58	58	62	40	40	60	64	58	58	52	52	66	50	46	54	46	56	72	58	44	52	50	32	60	42	64	50	90	66	36	58	54	62	44	80	50	42	36	44	64	62	54	50	58	56	62	70	50	78	64	54
21.24	54.06	52	52	32	80	56	48	52	68	30	44	62	36	32	60	64	50	46	66	52	54	40	66	68	62	56	58	60	56	46	46	54	46	60	50	40	38	48	58	38	56	44	34	66	58	50	52	72	52	62	66	46	54	48	38	44	52	36	48	54	56	56	52	44	34	58	46	90	50	42	54	72	42	60	66	54	52	60	62	76	68	50	44	58	64	66	56	78	68	50	52	58	50	58	76	66	76	28	56	46	54
21.25	56.36	46	80	48	36	52	72	54	62	54	50	38	62	52	42	46	40	60	64	66	56	46	54	54	50	44	58	72	62	70	64	50	42	56	66	36	56	76	56	48	56	76	54	60	52	66	56	52	60	72	78	38	54	68	42	48	32	36	46	60	62	28	88	68	40	46	60	58	64	84	94	70	48	68	46	46	52	56	78	52	52	52	86	44	62	54	64	48	26	48	56	50	58	58	58	58	64	50	72	64	58
21.26	58.42	72	28	46	40	60	50	58	52	64	40	64	50	42	54	54	38	48	78	42	50	56	66	46	42	62	62	62	62	42	50	74	74	46	56	64	84	46	40	72	72	84	54	56	26	88	40	70	72	40	46	58	46	54	66	70	48	50	86	58	60	60	32	72	88	92	40	76	50	64	70	48	62	74	74	56	60	58	58	80	50	58	58	56	74	46	72	62	54	68	68	44	70	50	70	60	72	40	44	72	60
21.27	58.7	48	34	40	46	50	50	74	70	64	58	62	58	54	50	54	56	40	62	86	62	66	66	60	54	68	64	50	46	70	56	64	46	62	80	68	60	56	58	30	38	46	46	66	66	62	50	74	48	38	48	64	68	68	46	60	72	104	40	94	32	46	54	44	84	60	68	56	68	36	80	56	68	74	60	62	50	62	42	64	50	56	50	48	54	48	46	62	64	62	60	50	74	78	60	96	58	72	74	52	50
21.28	61.28	52	68	48	54	38	50	60	60	48	62	44	72	42	56	48	28	72	62	64	74	92	56	68	64	78	60	54	62	56	56	46	62	54	62	54	62	50	58	48	44	60	48	42	74	50	52	52	74	52	44	88	52	56	86	74	52	56	72	64	80	52	42	58	68	66	38	56	76	74	86	76	68	84	42	74	58	52	46	70	66	78	50	112	72	64	46	44	36	72	66	82	66	62	72	74	66	78	72	84	64
21.29	63.64	50	40	54	86	66	64	50	50	34	68	68	40	66	74	52	62	50	54	56	56	56	58	84	56	76	56	64	84	66	54	88	88	52	62	68	46	60	68	50	56	90	68	90	56	50	50	62	86	68	76	84	62	62	42	68	60	56	94	50	90	66	70	66	56	62	70	78	38	62	60	74	86	76	90	40	62	56	74	78	68	70	72	54	70	70	70	40	72	56	58	42	64	46	76	68	86	68	60	50	44
21.3	63.44	70	44	66	46	52	68	64	56	42	42	58	76	72	42	54	50	64	90	52	82	62	76	60	72	54	56	54	50	52	64	64	80	62	52	52	78	70	68	60	78	90	48	66	84	58	64	72	42	56	54	68	62	42	62	62	50	88	56	66	50	86	78	48	84	66	80	70	66	72	60	70	88	64	64	56	68	88	60	54	58	52	60	60	54	78	70	60	74	58	78	52	54	110	78	52	52	80	50	44	54
21.31	63	40	76	44	76	48	86	58	52	58	64	44	66	66	40	84	68	48	82	42	76	56	74	60	76	94	72	68	68	38	56	52	56	60	42	60	72	44	80	74	82	50	30	52	80	50	50	88	64	74	64	58	50	62	36	40	64	66	60	72	80	88	54	54	74	68	50	66	84	70	52	88	50	72	96	54	76	52	48	62	66	58	72	74	70	52	64	68	54	48	64	74	62	52	64	76	70	66	48	88	60
21.32	65.02	50	66	62	42	46	50	84	74	54	46	50	74	78	82	78	60	78	52	52	82	54	68	74	56	58	76	52	60	68	72	60	74	56	54	46	78	72	54	70	70	80	62	54	50	46	66	84	66	90	66	52	64	52	78	60	48	54	68	50	44	70	72	94	80	80	72	82	60	64	94	64	64	72	56	80	50	64	88	60	80	40	50	72	54	84	62	74	88	92	60	84	54	44	60	70	64	60	60	72	46
21.33	70.34	58	46	96	60	68	58	74	48	72	94	74	66	44	66	54	60	80	52	76	52	62	88	76	62	76	74	84	66	88	56	72	60	64	60	62	38	64	86	56	70	76	84	58	82	60	70	78	78	64	72	96	92	70	60	78	76	64	50	90	84	68	70	82	74	84	44	94	62	64	86	58	80	80	60	64	70	100	68	96	66	74	78	52	90	86	56	58	72	68	66	64	70	60	84	88	56	52	88	82	76
21.34	70.36	76	64	56	68	68	72	96	72	48	58	60	52	74	46	56	50	42	58	70	94	62	66	52	60	70	58	78	78	58	64	74	42	62	80	86	64	84	68	56	94	68	58	72	90	78	58	86	72	74	106	90	72	58	48	76	82	76	62	62	86	66	66	48	116	48	118	92	72	78	70	66	68	90	54	74	90	80	78	66	48	84	74	38	80	60	96	66	66	92	60	90	44	100	60	74	78	34	80	112	50
21.35	71.8	48	68	72	98	76	40	68	84	70	46	78	60	70	64	68	92	70	68	68	54	60	44	70	80	86	76	58	78	98	80	80	68	54	62	90	74	64	56	52	54	54	74	80	60	56	64	76	58	68	68	46	54	82	80	50	70	70	46	56	80	76	68	72	84	58	84	62	108	84	62	64	82	88	86	90	66	90	94	52	96	70	64	72	92	62	74	104	82	94	100	78	98	78	78	70	78	56	68	56	102
21.36	73.68	74	62	68	66	58	64	74	78	82	92	76	80	50	62	72	62	68	66	114	62	54	58	68	48	76	76	58	102	72	70	62	94	76	78	88	88	74	58	54	82	72	102	102	92	72	84	88	76	96	70	62	58	34	86	66	76	68	76	82	62	72	78	72	68	74	74	68	46	66	70	86	54	92	80	78	94	84	60	72	72	92	82	68	60	84	78	76	84	76	86	78	90	80	58	62	64	102	68	64	66
21.37	73.26	86	64	74	70	64	52	76	70	68	60	52	74	58	74	66	86	58	76	48	40	84	84	68	52	64	70	100	68	64	66	70	58	48	54	56	76	92	62	82	72	70	94	66	52	70	56	54	44	48	68	80	76	76	76	74	92	66	86	92	74	92	70	100	84	82	86	90	76	90	78	90	86	82	76	92	72	72	70	90	84	72	92	86	62	68	64	84	76	78	98	86	86	58	94	66	76	44	82	94	78
21.38	78.88	86	74	108	62	98	68	82	74	68	74	76	72	76	80	64	100	64	74	52	88	82	54	72	74	90	58	68	60	88	52	56	74	96	70	88	94	76	72	58	76	96	62	102	100	80	74	66	96	52	90	80	80	122	78	72	74	70	104	68	74	78	72	90	90	70	70	84	48	66	96	106	78	72	88	84	78	76	72	80	106	102	60	92	76	54	88	58	80	66	76	78	80	80	112	126	80	84	76	110	68
21.39	78.96	54	44	76	74	64	60	60	116	74	74	68	70	62	60	62	110	66	88	74	54	64	48	88	70	74	72	76	72	118	74	74	88	82	76	66	96	70	78	70	78	82	78	108	80	94	72	88	88	88	98	76	66	74	94	94	78	84	88	68	68	92	80	98	80	62	62	76	72	78	88	74	90	70	116	68	68	90	86	124	88	76	88	98	84	68	96	84	84	84	82	86	54	102	88	72	76	78	66	84	74
21.4	79.88	80	70	70	68	96	64	60	74	82	86	76	80	78	74	90	136	90	98	90	70	78	82	62	58	44	64	90	94	94	58	64	86	84	70	70	98	62	58	78	62	54	90	80	92	58	108	88	90	92	110	82	96	88	60	78	98	96	76	84	106	70	90	104	78	70	76	84	76	74	66	84	86	92	88	78	76	56	90	86	74	78	52	68	92	54	78	90	56	116	106	80	82	92	74	68	82	90	72	70	76
21.41	80.78	68	66	78	70	48	66	66	52	62	62	78	84	52	82	88	62	64	80	76	84	82	114	84	86	84	80	96	88	76	58	84	82	90	74	86	86	88	88	110	68	74	84	98	74	96	82	82	80	76	84	98	78	72	66	84	72	74	90	60	66	100	102	78	82	90	70	98	78	86	64	110	86	90	78	82	98	88	76	58	82	86	76	84	88	88	74	88	102	100	104	60	76	66	102	72	86	76	72	90	110
21.42	84.06	94	58	70	64	94	80	102	62	74	84	74	82	76	92	90	86	62	54	80	56	78	66	98	80	92	90	74	70	90	72	50	92	96	52	62	110	92	84	86	98	100	100	54	92	96	104	80	82	86	82	68	98	94	72	82	74	80	58	88	72	80	94	98	104	64	86	98	108	76	94	120	104	112	100	82	88	100	92	80	76	84	104	104	80	64	78	92	60	94	104	70	98	90	88	104	78	70	88	82	90
21.43	85.66	94	76	68	110	88	66	76	76	86	78	86	110	72	104	116	88	74	90	82	74	94	82	56	68	66	96	80	96	82	86	70	84	82	64	82	90	104	78	102	66	76	92	42	92	100	70	86	104	100	82	98	78	68	112	132	78	78	84	88	106	64	54	54	90	78	84	84	90	92	106	80	94	90	76	112	92	74	82	60	94	104	88	94	74	72	126	84	98	78	98	102	94	88	104	92	110	68	56	90	88
21.44	89.2	104	76	80	74	60	66	92	86	72	94	56	88	52	88	72	96	68	82	102	104	112	80	96	104	74	84	76	110	86	84	80	80	78	92	96	96	88	106	72	90	116	86	76	88	98	106	120	98	78	94	84	80	88	74	92	114	98	94	94	84	100	92	82	80	122	80	84	92	96	110	94	66	118	110	74	98	122	90	76	102	66	102	70	76	92	76	78	84	76	96	86	78	102	104	120	118	74	106	98	72
21.45	85.04	94	86	100	74	54	60	90	82	72	58	90	60	104	86	88	86	102	92	60	76	60	86	74	96	86	84	82	64	72	66	72	76	68	90	92	134	98	82	68	80	66	100	134	86	82	68	100	112	98	104	96	80	70	66	66	74	74	116	88	72	74	88	80	88	82	72	80	78	86	98	110	96	76	86	94	110	72	88	68	104	70	100	80	88	84	76	98	86	88	64	90	120	96	102	98	106	62	94	98	78
21.46	93.5	76	84	90	72	84	92	94	82	74	88	94	82	104	102	92	72	84	92	94	78	86	76	84	86	90	68	98	124	86	100	98	90	92	114	102	68	70	96	110	68	148	128	94	106	80	86	114	88	132	90	54	80	96	88	100	86	100	62	100	74	104	116	82	94	96	96	104	98	116	76	124	82	118	106	134	96	104	106	112	106	84	86	98	104	78	88	156	104	110	66	88	60	96	98	94	94	68	80	86	100
21.47	92.28	64	68	108	96	66	76	82	52	86	96	96	86	76	60	102	84	96	80	88	82	80	82	98	98	84	56	70	88	96	102	110	110	118	106	112	98	78	80	104	76	110	112	84	84	92	96	116	134	86	72	78	76	108	86	96	108	86	122	110	106	94	98	90	98	96	104	108	86	88	86	96	86	78	102	106	102	68	90	96	98	102	96	96	108	84	116	70	92	82	122	92	106	88	116	112	78	100	86	86	74
21.48	95.88	84	92	116	86	88	86	72	72	50	84	94	92	96	108	76	102	72	46	66	102	74	76	90	56	112	68	72	88	106	104	102	100	102	112	68	88	92	58	104	102	102	68	110	86	92	82	126	122	88	114	122	102	100	112	136	112	114	84	102	120	118	108	106	132	94	78	108	132	120	82	78	100	96	90	140	112	106	68	78	96	114	108	108	116	98	92	98	108	100	102	90	112	116	100	84	98	118	80	82	70
21.49	96.38	106	84	78	80	96	64	96	52	92	66	98	52	92	130	100	74	80	88	94	104	96	74	106	74	94	76	94	86	92	112	88	114	94	84	90	74	106	60	78	62	80	96	102	90	84	94	126	140	108	80	116	96	110	124	112	92	110	118	100	110	112	100	106	108	96	136	96	88	112	110	102	98	94	122	74	84	118	108	116	76	90	114	108	88	136	100	120	92	108	92	94	86	116	76	104	94	106	78	90	122
21.5	96.82	82	94	120	76	98	80	72	114	106	88	90	88	98	90	62	82	82	98	70	62	118	114	116	98	120	76	90	80	102	98	112	100	96	106	90	80	90	72	98	78	88	92	98	66	74	90	110	88	108	108	80	84	112	142	124	86	84	70	108	86	98	84	122	100	94	84	78	134	86	86	94	94	102	106	86	114	90	94	128	96	104	98	110	94	128	114	108	92	126	120	98	78	96	116	94	148	108	96	116	84
21.51	100.3	88	54	102	76	82	82	84	128	76	124	96	102	92	76	74	98	98	70	124	90	74	100	98	108	68	122	114	92	88	116	98	66	70	90	70	84	112	86	82	106	122	124	106	138	132	110	120	96	84	104	126	92	116	124	126	106	104	88	134	96	98	130	130	94	112	120	124	82	106	84	88	96	96	100	112	106	138	112	108	122	136	116	122	90	120	80	94	100	90	104	110	92	84	130	92	94	98	80	60	74
21.52	101.4	98	100	84	96	96	110	104	88	102	92	96	88	96	72	112	90	66	108	110	104	68	130	94	84	80	114	78	104	136	98	126	88	118	104	104	118	108	138	118	102	102	106	112	118	92	84	66	84	96	74	88	86	112	86	82	84	114	72	78	100	116	116	112	100	130	108	116	116	106	74	122	118	128	74	102	110	130	114	92	110	120	108	86	106	94	110	106	80	106	118	98	94	116	90	94	114	112	124	98	114
21.53	101.9	76	82	94	116	118	96	56	74	90	88	110	70	112	148	96	90	142	88	100	84	114	108	74	116	82	102	108	104	100	120	70	70	108	134	96	104	98	114	98	106	96	102	108	88	94	114	100	118	140	96	104	82	128	78	92	118	122	94	114	108	102	134	82	96	82	114	94	126	96	88	116	116	156	120	126	76	110	86	98	100	106	116	104	90	120	94	90	118	84	88	88	118	110	84	96	98	94	104	98	120
21.54	103.2	72	86	126	70	78	126	80	80	78	82	84	96	136	90	100	70	88	88	112	80	104	122	112	100	108	94	100	72	102	106	80	94	120	122	100	96	114	94	92	124	86	106	106	82	120	106	114	86	104	134	128	78	118	72	100	122	104	90	104	80	100	106	134	114	106	144	100	102	106	122	98	86	102	132	94	76	118	122	106	126	134	100	112	108	122	164	130	90	102	122	88	92	108	86	110	88	118	112	120	104
21.55	108.2	86	92	54	122	108	76	110	78	124	78	112	128	94	114	86	84	124	126	124	110	104	116	128	114	96	110	90	94	86	114	72	126	120	110	112	114	102	112	92	130	86	126	98	108	110	104	118	116	84	78	106	124	98	108	126	100	112	82	92	132	142	82	106	100	122	104	126	122	120	124	88	124	116	154	96	112	148	124	128	112	128	84	116	100	112	128	126	134	100	112	110	92	140	122	120	92	90	106	86	96
21.56	106.8	78	128	100	84	120	100	112	106	82	100	68	116	126	106	112	78	124	88	108	98	88	104	132	102	106	74	120	122	122	94	114	108	126	92	96	114	140	104	124	104	130	118	122	108	102	88	120	80	96	92	106	132	104	94	88	90	100	108	112	108	148	120	78	124	90	108	130	126	114	110	86	126	110	132	108	136	118	82	96	120	120	126	108	98	78	84	96	114	78	138	110	74	112	96	130	100	120	106	116	94
21.57	109.6	94	108	122	76	74	92	120	98	116	100	110	90	98	110	112	98	94	86	116	122	84	140	108	110	106	84	108	98	128	106	124	108	124	126	84	80	116	110	102	82	146	130	98	100	82	100	130	80	124	104	106	134	88	114	102	150	108	122	104	122	114	62	92	96	144	92	98	88	106	120	110	106	120	106	128	150	110	126	96	102	148	98	130	110	128	104	124	118	124	106	112	92	116	106	140	124	120	132	140	112
21.58	109.3	104	104	90	84	84	102	110	74	86	90	94	106	138	106	68	100	110	120	48	114	70	100	126	124	132	104	116	108	82	90	118	106	94	86	104	94	136	118	92	100	86	110	104	132	102	102	132	86	104	112	110	106	122	140	110	100	122	104	114	102	142	130	96	122	120	112	138	86	118	112	128	114	148	98	108	124	114	100	136	100	90	112	126	116	108	98	110	138	118	130	128	90	128	140	104	102	154	114	98	148
21.59	112	86	62	114	114	112	94	102	114	100	114	102	90	108	110	98	108	72	116	84	110	128	90	112	98	108	106	140	138	90	100	128	100	92	108	116	100	142	106	110	98	100	96	82	114	118	104	128	80	104	126	112	102	114	128	102	96	110	86	98	104	112	98	124	142	116	118	142	116	106	120	138	124	102	108	112	140	134	94	108	108	144	96	184	138	124	154	126	106	144	108	142	84	106	112	126	148	124	100	126	126
21.6	117.1	98	100	84	106	88	100	118	94	104	138	108	122	96	108	88	108	138	128	100	132	124	138	148	102	108	124	98	104	114	124	98	112	88	114	148	76	104	110	136	92	130	122	96	108	114	122	140	150	80	114	120	138	92	124	108	120	110	122	120	126	124	122	132	176	96	80	128	128	140	202	130	92	86	126	116	136	112	112	152	158	122	102	112	128	102	106	108	146	114	132	136	116	116	118	106	158	134	122	114	98
21.61	118.9	138	124	86	122	110	98	114	102	130	84	92	110	120	102	120	130	126	108	134	62	86	110	134	114	98	122	112	122	134	112	128	118	126	150	106	116	142	96	134	136	104	150	130	126	102	120	122	104	110	112	116	174	126	142	118	122	130	140	118	162	104	128	140	118	120	98	140	116	118	104	110	98	98	116	116	138	76	108	132	130	168	142	116	102	92	122	120	96	138	142	98	134	118	142	148	132	130	96	86	128
21.62	117.4	98	120	112	76	96	114	94	84	124	132	96	154	128	110	114	136	106	102	124	104	122	128	96	114	114	136	122	96	104	84	132	98	114	114	116	150	102	102	116	146	148	90	144	88	148	146	118	108	140	124	134	136	172	90	106	112	110	128	116	132	104	142	96	102	150	100	94	108	88	158	94	142	138	90	110	100	138	148	120	96	120	124	126	116	134	126	98	116	92	134	90	112	104	94	160	126	150	160	116	104
21.63	119.6	104	100	122	98	142	116	94	82	124	114	114	118	124	118	102	120	110	82	108	112	88	112	102	134	138	120	136	96	108	94	118	128	102	132	116	126	96	114	128	108	130	124	84	104	124	132	138	132	110	114	156	106	92	158	130	104	132	138	142	140	136	94	116	136	136	134	134	134	126	120	142	124	130	132	98	126	120	118	108	148	136	128	130	150	118	108	106	102	142	136	86	152	104	116	138	100	144	102	114	148
21.64	122.7	94	110	92	104	110	134	120	110	106	86	132	62	102	108	140	94	116	84	106	126	106	106	152	94	160	146	122	110	140	128	150	122	102	126	128	142	96	106	152	94	132	130	128	136	100	120	144	124	108	128	128	134	140	98	108	104	128	162	136	126	140	112	134	104	118	122	134	146	112	174	124	118	132	132	110	120	132	152	116	110	118	124	130	126	138	142	160	134	146	144	146	124	124	136	138	104	110	130	130	88
21.65	123.3	124	94	126	110	124	138	94	102	98	104	114	118	146	146	122	96	144	116	138	124	108	90	114	148	126	144	156	134	104	126	136	92	98	112	106	126	126	118	110	106	104	164	116	116	102	114	102	132	144	112	132	142	120	118	142	98	106	118	116	106	128	114	134	156	166	116	124	120	134	142	104	134	130	104	96	142	148	120	126	132	118	116	152	110	162	126	102	132	148	138	142	132	138	110	130	150	154	102	114	126
21.66	126.8	110	132	76	108	112	156	132	106	112	110	134	100	160	108	162	112	112	130	104	130	130	98	120	120	94	124	116	124	146	130	122	100	118	164	170	110	130	112	118	130	140	98	120	120	118	124	132	114	106	150	90	114	124	146	130	112	106	160	182	104	132	134	150	122	136	156	152	138	130	122	118	146	158	122	126	132	146	154	154	110	104	98	150	120	130	130	158	132	148	106	144	112	144	128	86	126	140	140	118	152
21.67	131	134	116	118	110	120	140	106	100	152	92	140	126	142	80	130	132	118	154	130	124	92	138	162	96	124	162	148	132	134	124	128	118	102	136	132	158	140	122	138	152	128	154	144	110	136	162	112	114	138	150	156	126	134	116	144	140	126	134	116	148	106	118	102	150	116	110	126	120	126	124	138	168	148	108	134	132	120	140	100	176	112	140	124	144	142	136	124	162	144	128	126	150	118	140	176	140	110	156	156	120
21.68	129.3	94	82	100	106	106	160	134	96	108	116	102	100	106	150	136	154	88	198	130	144	140	102	132	144	124	104	94	122	122	124	136	106	132	134	120	116	100	166	142	164	162	114	120	126	122	144	150	150	122	132	152	114	144	118	154	130	144	102	126	166	100	136	136	146	136	148	156	136	126	138	148	148	120	150	114	136	146	140	116	114	138	136	128	116	114	172	134	130	116	148	146	120	120	138	120	100	110	158	136	132
21.69	131.2	122	118	122	114	124	98	136	124	128	112	120	116	118	150	116	114	124	116	108	146	104	94	126	126	124	104	126	132	104	160	142	110	146	106	142	110	118	130	98	170	142	144	124	122	120	112	146	120	138	168	148	164	162	138	130	138	136	146	106	132	132	126	114	166	136	140	142	116	120	140	158	128	180	146	124	132	130	128	106	154	158	132	114	180	152	120	102	108	118	140	214	144	136	130	104	132	150	156	142	140
21.7	131.4	102	110	124	122	152	130	120	110	102	104	112	152	120	164	108	140	110	146	126	118	116	114	140	106	124	116	138	114	136	126	140	154	90	120	134	112	118	98	114	118	138	110	134	142	120	146	146	148	150	120	138	124	144	132	168	128	116	116	132	126	146	124	100	122	152	146	130	164	156	124	140	158	118	158	156	144	132	186	120	94	118	164	166	134	132	136	150	136	128	118	156	172	128	150	144	122	110	124	148	158
21.71	136.3	108	138	158	156	126	120	116	116	88	100	94	172	146	128	138	108	92	144	130	134	116	110	140	144	156	128	154	132	138	180	148	140	136	108	114	124	138	130	124	130	152	170	154	140	164	120	144	116	114	142	138	166	148	126	148	142	146	152	174	128	160	170	96	148	154	110	118	176	126	144	132	146	94	124	154	138	112	126	122	202	140	124	150	136	174	140	88	168	172	150	144	94	130	144	138	148	148	136	152	114
21.72	134.1	122	96	96	88	144	120	108	128	154	122	136	98	118	142	124	108	130	114	116	150	162	146	130	98	100	164	134	146	110	118	184	154	138	126	104	118	106	132	132	90	130	158	120	140	142	148	148	146	142	126	146	118	136	144	144	154	142	116	114	154	124	110	148	118	178	130	144	104	126	120	160	182	170	148	122	154	134	142	166	136	156	136	118	140	126	148	132	144	138	128	130	138	180	136	130	120	142	156	180	138
21.73	138.5	144	124	138	176	130	146	152	124	150	98	134	94	132	144	126	128	124	162	128	134	126	118	122	122	128	148	154	100	160	148	152	124	146	134	130	156	144	134	138	142	122	130	140	138	118	154	116	164	138	148	120	172	136	148	144	158	138	160	144	138	140	114	168	130	116	110	186	134	132	126	128	152	146	172	136	170	132	110	152	140	170	124	166	142	152	108	194	128	128	152	136	112	126	164	134	160	150	94	162	112
21.74	142.7	92	160	100	100	172	130	128	106	122	128	100	140	126	112	164	122	152	124	144	140	130	148	146	134	162	140	140	166	116	110	120	144	116	124	120	142	130	162	146	140	130	142	154	170	186	166	152	154	124	136	106	120	120	146	170	142	170	126	146	118	156	134	144	140	126	134	174	124	136	154	156	182	174	164	132	142	130	132	170	182	150	164	176	202	168	132	164	148	168	124	146	162	168	148	168	132	142	174	104	172
21.75	144.6	112	112	134	130	116	110	128	116	170	138	126	118	128	146	170	140	176	140	138	114	126	158	146	168	134	170	134	138	156	144	156	152	140	108	110	120	172	160	108	146	142	136	114	118	132	148	144	116	154	140	128	128	140	166	140	132	164	176	180	170	142	160	162	136	162	146	138	134	190	192	202	132	162	158	128	132	154	140	142	164	120	166	142	156	112	158	146	154	134	130	172	166	138	138	170	192	152	134	164	160
21.76	143.6	92	170	150	132	120	138	128	120	136	142	112	142	128	96	154	140	148	126	156	128	138	126	136	154	150	146	150	132	114	136	164	158	134	124	154	170	140	142	162	124	122	170	130	136	144	170	126	164	164	154	144	118	154	160	178	160	146	162	172	128	124	128	156	184	132	146	152	168	172	140	102	126	154	172	100	114	154	200	168	160	148	148	134	156	150	142	128	116	160	176	164	156	178	126	116	126	162	130	140	142
21.77	145.8	122	126	142	140	130	116	118	156	162	124	124	128	220	136	166	108	166	152	106	126	138	120	138	126	160	186	92	122	130	128	124	150	150	140	132	154	158	138	162	138	136	148	152	134	134	168	154	168	128	126	152	100	170	164	152	136	118	150	104	152	88	182	136	176	136	154	148	150	158	168	150	162	146	168	178	152	162	126	176	150	130	134	166	168	164	144	146	166	156	172	148	132	154	154	142	180	130	182	182	164
21.78	145.4	134	134	142	132	126	138	128	118	148	144	134	174	140	136	146	126	142	138	156	124	156	100	110	134	128	128	140	150	154	136	120	140	122	136	160	166	162	138	154	152	160	128	140	110	144	138	140	120	184	144	134	176	162	184	148	162	106	132	158	172	130	142	174	138	150	118	112	164	184	138	196	170	124	160	130	190	176	152	144	186	176	160	152	144	176	114	174	190	150	118	140	162	154	144	128	152	106	136	126	170
21.79	147.3	152	130	150	174	118	140	124	110	128	130	150	150	178	172	116	144	174	90	148	140	114	144	148	154	204	132	172	142	148	126	160	130	118	102	110	152	118	182	116	120	126	116	168	160	140	138	124	168	188	138	166	154	144	156	178	136	192	136	140	164	146	160	156	148	132	122	166	140	170	136	134	158	158	190	148	164	130	166	150	144	120	122	172	164	164	134	150	162	166	152	158	120	168	136	122	160	160	190	186	166
21.8	148	148	164	158	162	160	124	114	146	110	110	118	130	138	110	124	122	140	134	150	148	120	134	164	166	136	164	124	168	156	154	156	132	136	184	134	148	156	142	180	126	126	196	128	166	142	164	114	162	130	152	158	138	160	180	178	154	134	152	152	136	148	100	170	176	130	142	158	152	98	162	128	164	170	150	144	172	172	106	168	178	178	150	128	134	136	166	174	176	164	166	176	140	136	174	148	176	136	168	152	118
21.81	156	176	130	130	152	138	108	150	162	158	134	136	190	184	136	152	186	154	184	116	174	138	124	174	180	138	126	116	150	126	162	132	132	166	134	150	164	132	180	160	132	182	160	164	160	136	158	138	184	202	134	148	176	156	156	190	130	186	206	166	168	130	172	162	152	186	144	128	142	148	178	182	162	198	156	186	164	146	140	142	148	166	132	174	172	126	140	158	160	132	178	154	136	188	162	162	190	184	152	150	156
21.82	153.2	156	138	120	136	144	148	126	152	128	124	158	150	180	142	158	168	160	96	152	158	128	182	160	136	120	134	116	162	138	154	172	170	140	140	166	140	98	162	158	166	154	210	180	162	114	126	124	138	178	190	148	156	178	152	122	178	142	158	202	146	176	156	150	210	180	168	162	148	210	134	162	150	154	114	152	148	170	168	130	174	154	196	150	144	148	150	158	132	172	138	150	116	192	136	182	128	172	138	222	130
21.83	156.8	178	136	154	134	94	124	148	158	124	132	138	140	142	134	174	144	138	156	158	186	150	146	170	144	158	138	152	134	166	148	190	132	168	144	172	128	166	122	136	162	160	146	122	182	166	156	132	132	166	162	152	186	196	182	216	166	160	132	180	154	138	122	186	134	144	176	160	156	160	176	138	186	192	152	184	148	178	140	206	170	154	144	170	210	186	142	152	152	156	150	158	162	174	162	184	206	176	148	158	128
21.84	157.8	132	124	146	122	156	162	124	150	178	150	152	170	198	142	138	166	126	152	130	138	142	186	168	158	144	170	126	192	168	188	188	142	154	122	170	180	164	146	146	204	130	148	148	170	180	132	170	156	126	156	166	150	214	124	144	144	156	188	162	186	154	134	180	162	190	186	178	146	142	152	148	170	124	136	138	192	186	146	174	176	152	148	166	132	144	168	176	120	146	156	190	144	172	176	208	174	192	132	174	128
21.85	162.4	150	180	160	152	154	122	192	142	174	122	184	148	142	170	158	144	132	124	180	178	138	162	160	160	188	168	142	160	204	192	190	156	138	150	142	168	154	174	186	162	184	180	186	184	170	160	176	146	162	176	194	150	172	176	166	142	136	192	148	152	200	166	126	194	198	156	140	142	152	186	164	154	198	172	184	164	154	164	128	160	132	134	178	172	128	178	178	146	154	154	180	144	188	156	142	166	180	160	154	164
21.86	163.9	142	164	150	112	184	122	160	132	182	136	138	188	148	156	168	118	156	132	182	182	136	180	136	180	164	124	156	200	106	134	186	166	156	158	146	140	164	158	142	156	196	176	152	142	144	160	146	214	184	214	144	192	188	154	184	152	206	160	172	176	160	202	132	180	160	156	198	176	166	182	182	160	190	158	140	186	168	160	178	186	168	148	152	132	168	154	164	174	166	212	160	200	176	186	206	166	150	176	144	174
21.87	164.9	140	146	134	108	118	118	152	146	170	134	162	178	168	182	164	150	120	150	160	144	170	154	196	168	170	164	202	176	170	168	156	164	136	122	136	190	176	158	134	182	192	174	138	128	146	210	190	160	178	152	154	170	172	172	178	146	160	140	176	134	140	168	154	200	172	160	182	194	184	156	156	182	168	154	152	216	182	180	162	154	206	194	162	136	196	196	154	186	156	168	174	148	186	192	188	198	184	174	196	174
21.88	162.9	128	154	146	130	168	142	118	152	156	144	158	168	178	146	108	160	154	192	180	140	164	126	154	194	180	116	198	118	190	168	144	176	170	156	170	192	142	150	180	116	146	138	196	182	184	156	166	182	170	176	140	168	180	162	156	188	138	128	154	154	178	134	178	228	196	174	192	162	178	156	156	186	206	156	190	168	178	174	178	152	128	134	160	166	164	132	126	170	152	184	136	168	174	184	198	172	160	196	180	196
21.89	170.7	154	226	166	176	178	144	218	140	146	116	158	126	128	136	116	164	174	118	144	160	160	198	160	180	128	146	190	176	150	156	170	148	160	182	170	168	152	180	166	164	144	160	158	182	158	158	206	188	168	190	158	130	232	142	178	128	136	168	254	188	206	208	216	174	166	222	228	138	192	166	178	202	178	188	204	164	156	206	148	148	176	176	176	192	154	174	220	140	180	188	146	180	184	160	180	220	152	190	182	190
21.9	174.9	182	174	146	194	174	186	152	176	196	204	136	138	152	204	166	168	172	168	162	170	174	134	182	190	190	152	118	160	166	142	166	156	152	180	182	154	152	192	194	188	140	164	138	182	166	182	166	156	220	164	136	202	198	222	188	140	216	164	146	158	168	180	180	188	176	196	174	178	222	188	186	178	226	158	190	176	214	214	164	166	150	188	186	156	160	154	200	178	226	174	174	182	156	198	174	210	168	186	186	174
21.91	172.8	162	218	146	130	158	142	142	140	162	140	150	156	144	192	146	150	172	176	184	134	134	204	142	142	184	142	170	184	178	190	190	198	176	166	128	182	224	162	160	218	152	204	154	138	170	228	180	182	164	194	164	168	140	166	168	176	210	166	172	218	196	170	194	186	124	152	168	162	152	170	180	194	176	198	182	186	196	196	188	166	180	148	206	196	174	190	204	178	196	170	152	176	202	166	166	214	184	144	162	208
21.92	178.2	184	152	146	154	174	194	146	138	162	176	138	176	160	154	168	178	142	186	186	178	186	176	162	168	180	188	172	162	200	156	208	170	176	200	186	170	174	222	180	158	156	190	174	184	220	152	166	194	168	166	156	214	206	184	210	150	190	150	186	186	200	220	158	190	172	152	184	212	234	170	180	138	178	192	172	148	202	156	186	186	134	218	194	182	234	166	186	186	162	174	236	140	136	188	190	194	170	236	192	186
21.93	179.9	180	174	154	144	166	166	178	158	146	200	186	160	166	158	170	186	178	204	150	200	168	164	168	148	176	116	168	192	148	210	170	170	184	180	178	222	196	158	170	174	192	192	200	194	160	146	194	190	194	178	142	192	202	178	216	204	182	196	184	188	222	160	174	150	142	172	150	184	184	138	174	182	184	178	182	208	180	166	178	254	190	136	160	202	204	198	200	242	146	238	164	202	154	216	174	206	172	210	224	186
21.94	176.1	172	136	142	128	120	142	158	170	174	172	166	194	156	146	140	152	152	182	184	176	180	154	174	172	174	174	136	138	180	192	182	166	170	164	194	170	144	162	194	172	186	144	142	224	190	214	170	186	166	136	196	164	164	170	178	212	204	184	174	184	200	166	180	206	228	198	198	186	178	204	174	148	228	172	164	196	164	222	176	206	200	192	190	228	186	218	158	180	162	206	176	190	148	144	148	200	212	180	168	190
21.95	181.9	158	176	158	158	156	120	162	224	182	160	152	168	160	134	154	188	190	158	176	230	212	156	134	192	194	164	180	204	194	186	170	186	148	162	142	154	176	188	206	222	154	182	186	190	178	188	168	198	194	196	162	204	178	192	178	216	168	144	212	208	210	198	146	180	194	260	184	192	186	194	222	176	200	158	180	136	186	180	174	168	194	200	178	208	202	208	218	162	204	176	174	214	166	176	206	190	220	190	192	160
21.96	181.6	192	156	168	170	174	170	170	208	176	218	164	182	162	196	154	168	160	178	198	132	154	184	202	160	182	164	182	158	186	188	186	194	188	180	194	198	156	178	234	158	170	188	172	200	154	200	162	168	160	162	202	168	176	198	166	154	204	170	196	188	162	170	186	210	214	212	182	204	164	188	162	216	202	186	144	196	216	202	192	156	190	176	146	184	190	206	192	168	174	182	208	156	180	184	208	200	210	192	174	200
21.97	187.1	164	156	158	144	198	152	164	176	194	138	180	204	194	212	210	184	154	174	220	142	184	180	196	208	164	200	160	178	206	178	212	230	206	178	184	248	174	184	184	144	224	188	222	230	248	182	166	190	178	184	146	148	216	170	200	168	180	212	180	216	184	218	158	206	196	208	162	192	186	206	224	182	164	172	248	166	202	184	184	188	146	188	178	186	182	190	208	140	202	172	188	212	200	198	188	172	174	198	174	218
21.98	189.2	180	160	200	188	168	158	164	152	156	154	168	200	164	202	150	162	196	190	184	176	196	174	162	184	222	154	178	164	190	176	224	166	204	184	196	164	182	188	230	228	180	182	196	182	236	208	188	194	220	178	226	198	168	230	180	176	200	166	184	128	192	180	212	234	216	174	214	242	180	190	168	190	162	192	222	174	212	170	188	186	212	212	202	164	182	164	214	200	174	204	244	178	204	240	202	190	194	242	168	178
21.99	193.3	188	172	164	154	176	176	180	174	178	156	174	238	180	216	170	160	186	204	174	180	172	216	206	206	182	204	188	168	142	210	188	212	172	176	194	186	180	156	206	214	200	222	196	186	214	180	194	138	218	180	172	160	188	166	208	148	192	194	220	170	216	226	216	218	176	196	210	220	222	196	236	240	182	170	164	192	230	196	190	202	204	218	194	220	242	188	226	162	186	200	212	164	224	192	180	248	194	188	286	184
22	192.7	166	124	184	190	180	146	196	178	222	222	142	188	166	168	190	216	160	218	186	182	200	234	200	198	180	192	180	182	182	126	216	156	186	158	190	156	182	198	190	184	166	212	194	224	202	164	224	230	208	204	190	182	192	202	150	216	156	184	204	174	224	206	218	210	194	216	198	178	214	164	204	266	194	176	204	176	238	192	190	170	186	212	182	216	188	200	214	208	194	206	202	228	172	194	228	184	194	210	192	236
