#aefitfile
#view:atx=2 onsets!,afs=20.5,fiw=12.0,fih=6.0,lfs=15.0,sfs=15.0
#data:egs=0.0,seb=True
6.5	2.04	62.0	0.0	0.0	0.0	2.0	0.0	2.0	0.0	0.0	0.0	0.0	0.0	0.0	0.0	2.0	0.0	0.0	2.0	2.0	2.0	0.0	0.0	0.0	2.0	0.0	0.0	4.0	0.0	0.0	0.0	0.0	0.0	0.0	2.0	6.0	0.0	0.0	2.0	0.0	0.0	0.0	0.0	8.0	0.0	0.0	2.0	0.0	0.0	0.0	2.0
6.53	0.0	0.0	0.0	0.0	0.0	0.0	0.0	0.0	0.0	0.0	0.0	0.0	0.0	0.0	0.0	0.0	0.0	0.0	0.0	0.0	0.0	0.0	0.0	0.0	0.0	0.0	0.0	0.0	0.0	0.0	0.0	0.0	0.0	0.0	0.0	0.0	0.0	0.0	0.0	0.0	0.0	0.0	0.0	0.0	0.0	0.0	0.0	0.0	0.0	0.0	0.0
6.56	0.0	0.0	0.0	0.0	0.0	0.0	0.0	0.0	0.0	0.0	0.0	0.0	0.0	0.0	0.0	0.0	0.0	0.0	0.0	0.0	0.0	0.0	0.0	0.0	0.0	0.0	0.0	0.0	0.0	0.0	0.0	0.0	0.0	0.0	0.0	0.0	0.0	0.0	0.0	0.0	0.0	0.0	0.0	0.0	0.0	0.0	0.0	0.0	0.0	0.0	0.0
6.59	0.0	0.0	0.0	0.0	0.0	0.0	0.0	0.0	0.0	0.0	0.0	0.0	0.0	0.0	0.0	0.0	0.0	0.0	0.0	0.0	0.0	0.0	0.0	0.0	0.0	0.0	0.0	0.0	0.0	0.0	0.0	0.0	0.0	0.0	0.0	0.0	0.0	0.0	0.0	0.0	0.0	0.0	0.0	0.0	0.0	0.0	0.0	0.0	0.0	0.0	0.0
6.62	0.0	0.0	0.0	0.0	0.0	0.0	0.0	0.0	0.0	0.0	0.0	0.0	0.0	0.0	0.0	0.0	0.0	0.0	0.0	0.0	0.0	0.0	0.0	0.0	0.0	0.0	0.0	0.0	0.0	0.0	0.0	0.0	0.0	0.0	0.0	0.0	0.0	0.0	0.0	0.0	0.0	0.0	0.0	0.0	0.0	0.0	0.0	0.0	0.0	0.0	0.0
6.65	0.0	0.0	0.0	0.0	0.0	0.0	0.0	0.0	0.0	0.0	0.0	0.0	0.0	0.0	0.0	0.0	0.0	0.0	0.0	0.0	0.0	0.0	0.0	0.0	0.0	0.0	0.0	0.0	0.0	0.0	0.0	0.0	0.0	0.0	0.0	0.0	0.0	0.0	0.0	0.0	0.0	0.0	0.0	0.0	0.0	0.0	0.0	0.0	0.0	0.0	0.0
6.68	0.0	0.0	0.0	0.0	0.0	0.0	0.0	0.0	0.0	0.0	0.0	0.0	0.0	0.0	0.0	0.0	0.0	0.0	0.0	0.0	0.0	0.0	0.0	0.0	0.0	0.0	0.0	0.0	0.0	0.0	0.0	0.0	0.0	0.0	0.0	0.0	0.0	0.0	0.0	0.0	0.0	0.0	0.0	0.0	0.0	0.0	0.0	0.0	0.0	0.0	0.0
6.71	0.0	0.0	0.0	0.0	0.0	0.0	0.0	0.0	0.0	0.0	0.0	0.0	0.0	0.0	0.0	0.0	0.0	0.0	0.0	0.0	0.0	0.0	0.0	0.0	0.0	0.0	0.0	0.0	0.0	0.0	0.0	0.0	0.0	0.0	0.0	0.0	0.0	0.0	0.0	0.0	0.0	0.0	0.0	0.0	0.0	0.0	0.0	0.0	0.0	0.0	0.0
6.74	0.0	0.0	0.0	0.0	0.0	0.0	0.0	0.0	0.0	0.0	0.0	0.0	0.0	0.0	0.0	0.0	0.0	0.0	0.0	0.0	0.0	0.0	0.0	0.0	0.0	0.0	0.0	0.0	0.0	0.0	0.0	0.0	0.0	0.0	0.0	0.0	0.0	0.0	0.0	0.0	0.0	0.0	0.0	0.0	0.0	0.0	0.0	0.0	0.0	0.0	0.0
6.77	0.0	0.0	0.0	0.0	0.0	0.0	0.0	0.0	0.0	0.0	0.0	0.0	0.0	0.0	0.0	0.0	0.0	0.0	0.0	0.0	0.0	0.0	0.0	0.0	0.0	0.0	0.0	0.0	0.0	0.0	0.0	0.0	0.0	0.0	0.0	0.0	0.0	0.0	0.0	0.0	0.0	0.0	0.0	0.0	0.0	0.0	0.0	0.0	0.0	0.0	0.0
6.8	0.0	0.0	0.0	0.0	0.0	0.0	0.0	0.0	0.0	0.0	0.0	0.0	0.0	0.0	0.0	0.0	0.0	0.0	0.0	0.0	0.0	0.0	0.0	0.0	0.0	0.0	0.0	0.0	0.0	0.0	0.0	0.0	0.0	0.0	0.0	0.0	0.0	0.0	0.0	0.0	0.0	0.0	0.0	0.0	0.0	0.0	0.0	0.0	0.0	0.0	0.0
6.83	0.0	0.0	0.0	0.0	0.0	0.0	0.0	0.0	0.0	0.0	0.0	0.0	0.0	0.0	0.0	0.0	0.0	0.0	0.0	0.0	0.0	0.0	0.0	0.0	0.0	0.0	0.0	0.0	0.0	0.0	0.0	0.0	0.0	0.0	0.0	0.0	0.0	0.0	0.0	0.0	0.0	0.0	0.0	0.0	0.0	0.0	0.0	0.0	0.0	0.0	0.0
6.86	0.0	0.0	0.0	0.0	0.0	0.0	0.0	0.0	0.0	0.0	0.0	0.0	0.0	0.0	0.0	0.0	0.0	0.0	0.0	0.0	0.0	0.0	0.0	0.0	0.0	0.0	0.0	0.0	0.0	0.0	0.0	0.0	0.0	0.0	0.0	0.0	0.0	0.0	0.0	0.0	0.0	0.0	0.0	0.0	0.0	0.0	0.0	0.0	0.0	0.0	0.0
6.89	0.0	0.0	0.0	0.0	0.0	0.0	0.0	0.0	0.0	0.0	0.0	0.0	0.0	0.0	0.0	0.0	0.0	0.0	0.0	0.0	0.0	0.0	0.0	0.0	0.0	0.0	0.0	0.0	0.0	0.0	0.0	0.0	0.0	0.0	0.0	0.0	0.0	0.0	0.0	0.0	0.0	0.0	0.0	0.0	0.0	0.0	0.0	0.0	0.0	0.0	0.0
6.92	0.0	0.0	0.0	0.0	0.0	0.0	0.0	0.0	0.0	0.0	0.0	0.0	0.0	0.0	0.0	0.0	0.0	0.0	0.0	0.0	0.0	0.0	0.0	0.0	0.0	0.0	0.0	0.0	0.0	0.0	0.0	0.0	0.0	0.0	0.0	0.0	0.0	0.0	0.0	0.0	0.0	0.0	0.0	0.0	0.0	0.0	0.0	0.0	0.0	0.0	0.0
6.95	0.0	0.0	0.0	0.0	0.0	0.0	0.0	0.0	0.0	0.0	0.0	0.0	0.0	0.0	0.0	0.0	0.0	0.0	0.0	0.0	0.0	0.0	0.0	0.0	0.0	0.0	0.0	0.0	0.0	0.0	0.0	0.0	0.0	0.0	0.0	0.0	0.0	0.0	0.0	0.0	0.0	0.0	0.0	0.0	0.0	0.0	0.0	0.0	0.0	0.0	0.0
6.98	0.0	0.0	0.0	0.0	0.0	0.0	0.0	0.0	0.0	0.0	0.0	0.0	0.0	0.0	0.0	0.0	0.0	0.0	0.0	0.0	0.0	0.0	0.0	0.0	0.0	0.0	0.0	0.0	0.0	0.0	0.0	0.0	0.0	0.0	0.0	0.0	0.0	0.0	0.0	0.0	0.0	0.0	0.0	0.0	0.0	0.0	0.0	0.0	0.0	0.0	0.0
7.01	0.0	0.0	0.0	0.0	0.0	0.0	0.0	0.0	0.0	0.0	0.0	0.0	0.0	0.0	0.0	0.0	0.0	0.0	0.0	0.0	0.0	0.0	0.0	0.0	0.0	0.0	0.0	0.0	0.0	0.0	0.0	0.0	0.0	0.0	0.0	0.0	0.0	0.0	0.0	0.0	0.0	0.0	0.0	0.0	0.0	0.0	0.0	0.0	0.0	0.0	0.0
7.04	0.0	0.0	0.0	0.0	0.0	0.0	0.0	0.0	0.0	0.0	0.0	0.0	0.0	0.0	0.0	0.0	0.0	0.0	0.0	0.0	0.0	0.0	0.0	0.0	0.0	0.0	0.0	0.0	0.0	0.0	0.0	0.0	0.0	0.0	0.0	0.0	0.0	0.0	0.0	0.0	0.0	0.0	0.0	0.0	0.0	0.0	0.0	0.0	0.0	0.0	0.0
7.07	0.0	0.0	0.0	0.0	0.0	0.0	0.0	0.0	0.0	0.0	0.0	0.0	0.0	0.0	0.0	0.0	0.0	0.0	0.0	0.0	0.0	0.0	0.0	0.0	0.0	0.0	0.0	0.0	0.0	0.0	0.0	0.0	0.0	0.0	0.0	0.0	0.0	0.0	0.0	0.0	0.0	0.0	0.0	0.0	0.0	0.0	0.0	0.0	0.0	0.0	0.0
7.1	0.04	0.0	0.0	0.0	0.0	0.0	0.0	0.0	0.0	0.0	0.0	0.0	0.0	0.0	0.0	0.0	0.0	0.0	0.0	0.0	0.0	0.0	0.0	0.0	0.0	0.0	0.0	0.0	0.0	0.0	0.0	0.0	0.0	0.0	0.0	0.0	0.0	0.0	0.0	0.0	0.0	2.0	0.0	0.0	0.0	0.0	0.0	0.0	0.0	0.0	0.0
7.13	0.0	0.0	0.0	0.0	0.0	0.0	0.0	0.0	0.0	0.0	0.0	0.0	0.0	0.0	0.0	0.0	0.0	0.0	0.0	0.0	0.0	0.0	0.0	0.0	0.0	0.0	0.0	0.0	0.0	0.0	0.0	0.0	0.0	0.0	0.0	0.0	0.0	0.0	0.0	0.0	0.0	0.0	0.0	0.0	0.0	0.0	0.0	0.0	0.0	0.0	0.0
7.16	0.0	0.0	0.0	0.0	0.0	0.0	0.0	0.0	0.0	0.0	0.0	0.0	0.0	0.0	0.0	0.0	0.0	0.0	0.0	0.0	0.0	0.0	0.0	0.0	0.0	0.0	0.0	0.0	0.0	0.0	0.0	0.0	0.0	0.0	0.0	0.0	0.0	0.0	0.0	0.0	0.0	0.0	0.0	0.0	0.0	0.0	0.0	0.0	0.0	0.0	0.0
7.19	0.0	0.0	0.0	0.0	0.0	0.0	0.0	0.0	0.0	0.0	0.0	0.0	0.0	0.0	0.0	0.0	0.0	0.0	0.0	0.0	0.0	0.0	0.0	0.0	0.0	0.0	0.0	0.0	0.0	0.0	0.0	0.0	0.0	0.0	0.0	0.0	0.0	0.0	0.0	0.0	0.0	0.0	0.0	0.0	0.0	0.0	0.0	0.0	0.0	0.0	0.0
7.22	0.0	0.0	0.0	0.0	0.0	0.0	0.0	0.0	0.0	0.0	0.0	0.0	0.0	0.0	0.0	0.0	0.0	0.0	0.0	0.0	0.0	0.0	0.0	0.0	0.0	0.0	0.0	0.0	0.0	0.0	0.0	0.0	0.0	0.0	0.0	0.0	0.0	0.0	0.0	0.0	0.0	0.0	0.0	0.0	0.0	0.0	0.0	0.0	0.0	0.0	0.0
7.25	0.0	0.0	0.0	0.0	0.0	0.0	0.0	0.0	0.0	0.0	0.0	0.0	0.0	0.0	0.0	0.0	0.0	0.0	0.0	0.0	0.0	0.0	0.0	0.0	0.0	0.0	0.0	0.0	0.0	0.0	0.0	0.0	0.0	0.0	0.0	0.0	0.0	0.0	0.0	0.0	0.0	0.0	0.0	0.0	0.0	0.0	0.0	0.0	0.0	0.0	0.0
7.28	0.0	0.0	0.0	0.0	0.0	0.0	0.0	0.0	0.0	0.0	0.0	0.0	0.0	0.0	0.0	0.0	0.0	0.0	0.0	0.0	0.0	0.0	0.0	0.0	0.0	0.0	0.0	0.0	0.0	0.0	0.0	0.0	0.0	0.0	0.0	0.0	0.0	0.0	0.0	0.0	0.0	0.0	0.0	0.0	0.0	0.0	0.0	0.0	0.0	0.0	0.0
7.31	0.0	0.0	0.0	0.0	0.0	0.0	0.0	0.0	0.0	0.0	0.0	0.0	0.0	0.0	0.0	0.0	0.0	0.0	0.0	0.0	0.0	0.0	0.0	0.0	0.0	0.0	0.0	0.0	0.0	0.0	0.0	0.0	0.0	0.0	0.0	0.0	0.0	0.0	0.0	0.0	0.0	0.0	0.0	0.0	0.0	0.0	0.0	0.0	0.0	0.0	0.0
7.34	0.0	0.0	0.0	0.0	0.0	0.0	0.0	0.0	0.0	0.0	0.0	0.0	0.0	0.0	0.0	0.0	0.0	0.0	0.0	0.0	0.0	0.0	0.0	0.0	0.0	0.0	0.0	0.0	0.0	0.0	0.0	0.0	0.0	0.0	0.0	0.0	0.0	0.0	0.0	0.0	0.0	0.0	0.0	0.0	0.0	0.0	0.0	0.0	0.0	0.0	0.0
7.37	0.0	0.0	0.0	0.0	0.0	0.0	0.0	0.0	0.0	0.0	0.0	0.0	0.0	0.0	0.0	0.0	0.0	0.0	0.0	0.0	0.0	0.0	0.0	0.0	0.0	0.0	0.0	0.0	0.0	0.0	0.0	0.0	0.0	0.0	0.0	0.0	0.0	0.0	0.0	0.0	0.0	0.0	0.0	0.0	0.0	0.0	0.0	0.0	0.0	0.0	0.0
7.4	0.0	0.0	0.0	0.0	0.0	0.0	0.0	0.0	0.0	0.0	0.0	0.0	0.0	0.0	0.0	0.0	0.0	0.0	0.0	0.0	0.0	0.0	0.0	0.0	0.0	0.0	0.0	0.0	0.0	0.0	0.0	0.0	0.0	0.0	0.0	0.0	0.0	0.0	0.0	0.0	0.0	0.0	0.0	0.0	0.0	0.0	0.0	0.0	0.0	0.0	0.0
7.43	0.0	0.0	0.0	0.0	0.0	0.0	0.0	0.0	0.0	0.0	0.0	0.0	0.0	0.0	0.0	0.0	0.0	0.0	0.0	0.0	0.0	0.0	0.0	0.0	0.0	0.0	0.0	0.0	0.0	0.0	0.0	0.0	0.0	0.0	0.0	0.0	0.0	0.0	0.0	0.0	0.0	0.0	0.0	0.0	0.0	0.0	0.0	0.0	0.0	0.0	0.0
7.46	0.04	0.0	0.0	0.0	0.0	0.0	0.0	0.0	0.0	0.0	0.0	0.0	0.0	0.0	0.0	0.0	0.0	0.0	0.0	0.0	0.0	0.0	0.0	0.0	0.0	0.0	0.0	0.0	0.0	0.0	0.0	0.0	0.0	0.0	0.0	0.0	0.0	0.0	0.0	0.0	0.0	0.0	0.0	0.0	0.0	0.0	2.0	0.0	0.0	0.0	0.0
7.49	0.0	0.0	0.0	0.0	0.0	0.0	0.0	0.0	0.0	0.0	0.0	0.0	0.0	0.0	0.0	0.0	0.0	0.0	0.0	0.0	0.0	0.0	0.0	0.0	0.0	0.0	0.0	0.0	0.0	0.0	0.0	0.0	0.0	0.0	0.0	0.0	0.0	0.0	0.0	0.0	0.0	0.0	0.0	0.0	0.0	0.0	0.0	0.0	0.0	0.0	0.0
7.52	0.0	0.0	0.0	0.0	0.0	0.0	0.0	0.0	0.0	0.0	0.0	0.0	0.0	0.0	0.0	0.0	0.0	0.0	0.0	0.0	0.0	0.0	0.0	0.0	0.0	0.0	0.0	0.0	0.0	0.0	0.0	0.0	0.0	0.0	0.0	0.0	0.0	0.0	0.0	0.0	0.0	0.0	0.0	0.0	0.0	0.0	0.0	0.0	0.0	0.0	0.0
7.55	0.0	0.0	0.0	0.0	0.0	0.0	0.0	0.0	0.0	0.0	0.0	0.0	0.0	0.0	0.0	0.0	0.0	0.0	0.0	0.0	0.0	0.0	0.0	0.0	0.0	0.0	0.0	0.0	0.0	0.0	0.0	0.0	0.0	0.0	0.0	0.0	0.0	0.0	0.0	0.0	0.0	0.0	0.0	0.0	0.0	0.0	0.0	0.0	0.0	0.0	0.0
7.58	0.04	0.0	0.0	0.0	0.0	0.0	0.0	0.0	0.0	0.0	0.0	0.0	0.0	0.0	0.0	0.0	0.0	0.0	0.0	0.0	0.0	0.0	0.0	2.0	0.0	0.0	0.0	0.0	0.0	0.0	0.0	0.0	0.0	0.0	0.0	0.0	0.0	0.0	0.0	0.0	0.0	0.0	0.0	0.0	0.0	0.0	0.0	0.0	0.0	0.0	0.0
7.61	0.0	0.0	0.0	0.0	0.0	0.0	0.0	0.0	0.0	0.0	0.0	0.0	0.0	0.0	0.0	0.0	0.0	0.0	0.0	0.0	0.0	0.0	0.0	0.0	0.0	0.0	0.0	0.0	0.0	0.0	0.0	0.0	0.0	0.0	0.0	0.0	0.0	0.0	0.0	0.0	0.0	0.0	0.0	0.0	0.0	0.0	0.0	0.0	0.0	0.0	0.0
7.64	0.0	0.0	0.0	0.0	0.0	0.0	0.0	0.0	0.0	0.0	0.0	0.0	0.0	0.0	0.0	0.0	0.0	0.0	0.0	0.0	0.0	0.0	0.0	0.0	0.0	0.0	0.0	0.0	0.0	0.0	0.0	0.0	0.0	0.0	0.0	0.0	0.0	0.0	0.0	0.0	0.0	0.0	0.0	0.0	0.0	0.0	0.0	0.0	0.0	0.0	0.0
7.67	0.0	0.0	0.0	0.0	0.0	0.0	0.0	0.0	0.0	0.0	0.0	0.0	0.0	0.0	0.0	0.0	0.0	0.0	0.0	0.0	0.0	0.0	0.0	0.0	0.0	0.0	0.0	0.0	0.0	0.0	0.0	0.0	0.0	0.0	0.0	0.0	0.0	0.0	0.0	0.0	0.0	0.0	0.0	0.0	0.0	0.0	0.0	0.0	0.0	0.0	0.0
7.7	0.0	0.0	0.0	0.0	0.0	0.0	0.0	0.0	0.0	0.0	0.0	0.0	0.0	0.0	0.0	0.0	0.0	0.0	0.0	0.0	0.0	0.0	0.0	0.0	0.0	0.0	0.0	0.0	0.0	0.0	0.0	0.0	0.0	0.0	0.0	0.0	0.0	0.0	0.0	0.0	0.0	0.0	0.0	0.0	0.0	0.0	0.0	0.0	0.0	0.0	0.0
7.73	0.0	0.0	0.0	0.0	0.0	0.0	0.0	0.0	0.0	0.0	0.0	0.0	0.0	0.0	0.0	0.0	0.0	0.0	0.0	0.0	0.0	0.0	0.0	0.0	0.0	0.0	0.0	0.0	0.0	0.0	0.0	0.0	0.0	0.0	0.0	0.0	0.0	0.0	0.0	0.0	0.0	0.0	0.0	0.0	0.0	0.0	0.0	0.0	0.0	0.0	0.0
7.76	0.0	0.0	0.0	0.0	0.0	0.0	0.0	0.0	0.0	0.0	0.0	0.0	0.0	0.0	0.0	0.0	0.0	0.0	0.0	0.0	0.0	0.0	0.0	0.0	0.0	0.0	0.0	0.0	0.0	0.0	0.0	0.0	0.0	0.0	0.0	0.0	0.0	0.0	0.0	0.0	0.0	0.0	0.0	0.0	0.0	0.0	0.0	0.0	0.0	0.0	0.0
7.79	0.0	0.0	0.0	0.0	0.0	0.0	0.0	0.0	0.0	0.0	0.0	0.0	0.0	0.0	0.0	0.0	0.0	0.0	0.0	0.0	0.0	0.0	0.0	0.0	0.0	0.0	0.0	0.0	0.0	0.0	0.0	0.0	0.0	0.0	0.0	0.0	0.0	0.0	0.0	0.0	0.0	0.0	0.0	0.0	0.0	0.0	0.0	0.0	0.0	0.0	0.0
7.82	0.08	0.0	0.0	0.0	0.0	0.0	0.0	0.0	0.0	0.0	0.0	0.0	0.0	4.0	0.0	0.0	0.0	0.0	0.0	0.0	0.0	0.0	0.0	0.0	0.0	0.0	0.0	0.0	0.0	0.0	0.0	0.0	0.0	0.0	0.0	0.0	0.0	0.0	0.0	0.0	0.0	0.0	0.0	0.0	0.0	0.0	0.0	0.0	0.0	0.0	0.0
7.85	0.0	0.0	0.0	0.0	0.0	0.0	0.0	0.0	0.0	0.0	0.0	0.0	0.0	0.0	0.0	0.0	0.0	0.0	0.0	0.0	0.0	0.0	0.0	0.0	0.0	0.0	0.0	0.0	0.0	0.0	0.0	0.0	0.0	0.0	0.0	0.0	0.0	0.0	0.0	0.0	0.0	0.0	0.0	0.0	0.0	0.0	0.0	0.0	0.0	0.0	0.0
7.88	0.0	0.0	0.0	0.0	0.0	0.0	0.0	0.0	0.0	0.0	0.0	0.0	0.0	0.0	0.0	0.0	0.0	0.0	0.0	0.0	0.0	0.0	0.0	0.0	0.0	0.0	0.0	0.0	0.0	0.0	0.0	0.0	0.0	0.0	0.0	0.0	0.0	0.0	0.0	0.0	0.0	0.0	0.0	0.0	0.0	0.0	0.0	0.0	0.0	0.0	0.0
7.91	0.0	0.0	0.0	0.0	0.0	0.0	0.0	0.0	0.0	0.0	0.0	0.0	0.0	0.0	0.0	0.0	0.0	0.0	0.0	0.0	0.0	0.0	0.0	0.0	0.0	0.0	0.0	0.0	0.0	0.0	0.0	0.0	0.0	0.0	0.0	0.0	0.0	0.0	0.0	0.0	0.0	0.0	0.0	0.0	0.0	0.0	0.0	0.0	0.0	0.0	0.0
7.94	0.0	0.0	0.0	0.0	0.0	0.0	0.0	0.0	0.0	0.0	0.0	0.0	0.0	0.0	0.0	0.0	0.0	0.0	0.0	0.0	0.0	0.0	0.0	0.0	0.0	0.0	0.0	0.0	0.0	0.0	0.0	0.0	0.0	0.0	0.0	0.0	0.0	0.0	0.0	0.0	0.0	0.0	0.0	0.0	0.0	0.0	0.0	0.0	0.0	0.0	0.0
7.97	0.0	0.0	0.0	0.0	0.0	0.0	0.0	0.0	0.0	0.0	0.0	0.0	0.0	0.0	0.0	0.0	0.0	0.0	0.0	0.0	0.0	0.0	0.0	0.0	0.0	0.0	0.0	0.0	0.0	0.0	0.0	0.0	0.0	0.0	0.0	0.0	0.0	0.0	0.0	0.0	0.0	0.0	0.0	0.0	0.0	0.0	0.0	0.0	0.0	0.0	0.0
8.0	0.0	0.0	0.0	0.0	0.0	0.0	0.0	0.0	0.0	0.0	0.0	0.0	0.0	0.0	0.0	0.0	0.0	0.0	0.0	0.0	0.0	0.0	0.0	0.0	0.0	0.0	0.0	0.0	0.0	0.0	0.0	0.0	0.0	0.0	0.0	0.0	0.0	0.0	0.0	0.0	0.0	0.0	0.0	0.0	0.0	0.0	0.0	0.0	0.0	0.0	0.0
8.03	0.0	0.0	0.0	0.0	0.0	0.0	0.0	0.0	0.0	0.0	0.0	0.0	0.0	0.0	0.0	0.0	0.0	0.0	0.0	0.0	0.0	0.0	0.0	0.0	0.0	0.0	0.0	0.0	0.0	0.0	0.0	0.0	0.0	0.0	0.0	0.0	0.0	0.0	0.0	0.0	0.0	0.0	0.0	0.0	0.0	0.0	0.0	0.0	0.0	0.0	0.0
8.06	0.0	0.0	0.0	0.0	0.0	0.0	0.0	0.0	0.0	0.0	0.0	0.0	0.0	0.0	0.0	0.0	0.0	0.0	0.0	0.0	0.0	0.0	0.0	0.0	0.0	0.0	0.0	0.0	0.0	0.0	0.0	0.0	0.0	0.0	0.0	0.0	0.0	0.0	0.0	0.0	0.0	0.0	0.0	0.0	0.0	0.0	0.0	0.0	0.0	0.0	0.0
8.09	0.0	0.0	0.0	0.0	0.0	0.0	0.0	0.0	0.0	0.0	0.0	0.0	0.0	0.0	0.0	0.0	0.0	0.0	0.0	0.0	0.0	0.0	0.0	0.0	0.0	0.0	0.0	0.0	0.0	0.0	0.0	0.0	0.0	0.0	0.0	0.0	0.0	0.0	0.0	0.0	0.0	0.0	0.0	0.0	0.0	0.0	0.0	0.0	0.0	0.0	0.0
8.12	0.0	0.0	0.0	0.0	0.0	0.0	0.0	0.0	0.0	0.0	0.0	0.0	0.0	0.0	0.0	0.0	0.0	0.0	0.0	0.0	0.0	0.0	0.0	0.0	0.0	0.0	0.0	0.0	0.0	0.0	0.0	0.0	0.0	0.0	0.0	0.0	0.0	0.0	0.0	0.0	0.0	0.0	0.0	0.0	0.0	0.0	0.0	0.0	0.0	0.0	0.0
8.15	0.04	2.0	0.0	0.0	0.0	0.0	0.0	0.0	0.0	0.0	0.0	0.0	0.0	0.0	0.0	0.0	0.0	0.0	0.0	0.0	0.0	0.0	0.0	0.0	0.0	0.0	0.0	0.0	0.0	0.0	0.0	0.0	0.0	0.0	0.0	0.0	0.0	0.0	0.0	0.0	0.0	0.0	0.0	0.0	0.0	0.0	0.0	0.0	0.0	0.0	0.0
8.18	0.0	0.0	0.0	0.0	0.0	0.0	0.0	0.0	0.0	0.0	0.0	0.0	0.0	0.0	0.0	0.0	0.0	0.0	0.0	0.0	0.0	0.0	0.0	0.0	0.0	0.0	0.0	0.0	0.0	0.0	0.0	0.0	0.0	0.0	0.0	0.0	0.0	0.0	0.0	0.0	0.0	0.0	0.0	0.0	0.0	0.0	0.0	0.0	0.0	0.0	0.0
8.21	0.0	0.0	0.0	0.0	0.0	0.0	0.0	0.0	0.0	0.0	0.0	0.0	0.0	0.0	0.0	0.0	0.0	0.0	0.0	0.0	0.0	0.0	0.0	0.0	0.0	0.0	0.0	0.0	0.0	0.0	0.0	0.0	0.0	0.0	0.0	0.0	0.0	0.0	0.0	0.0	0.0	0.0	0.0	0.0	0.0	0.0	0.0	0.0	0.0	0.0	0.0
8.24	0.0	0.0	0.0	0.0	0.0	0.0	0.0	0.0	0.0	0.0	0.0	0.0	0.0	0.0	0.0	0.0	0.0	0.0	0.0	0.0	0.0	0.0	0.0	0.0	0.0	0.0	0.0	0.0	0.0	0.0	0.0	0.0	0.0	0.0	0.0	0.0	0.0	0.0	0.0	0.0	0.0	0.0	0.0	0.0	0.0	0.0	0.0	0.0	0.0	0.0	0.0
8.27	0.0	0.0	0.0	0.0	0.0	0.0	0.0	0.0	0.0	0.0	0.0	0.0	0.0	0.0	0.0	0.0	0.0	0.0	0.0	0.0	0.0	0.0	0.0	0.0	0.0	0.0	0.0	0.0	0.0	0.0	0.0	0.0	0.0	0.0	0.0	0.0	0.0	0.0	0.0	0.0	0.0	0.0	0.0	0.0	0.0	0.0	0.0	0.0	0.0	0.0	0.0
8.3	0.0	0.0	0.0	0.0	0.0	0.0	0.0	0.0	0.0	0.0	0.0	0.0	0.0	0.0	0.0	0.0	0.0	0.0	0.0	0.0	0.0	0.0	0.0	0.0	0.0	0.0	0.0	0.0	0.0	0.0	0.0	0.0	0.0	0.0	0.0	0.0	0.0	0.0	0.0	0.0	0.0	0.0	0.0	0.0	0.0	0.0	0.0	0.0	0.0	0.0	0.0
8.33	0.08	0.0	0.0	0.0	0.0	0.0	0.0	0.0	0.0	0.0	0.0	0.0	0.0	0.0	0.0	0.0	0.0	0.0	4.0	0.0	0.0	0.0	0.0	0.0	0.0	0.0	0.0	0.0	0.0	0.0	0.0	0.0	0.0	0.0	0.0	0.0	0.0	0.0	0.0	0.0	0.0	0.0	0.0	0.0	0.0	0.0	0.0	0.0	0.0	0.0	0.0
8.36	0.0	0.0	0.0	0.0	0.0	0.0	0.0	0.0	0.0	0.0	0.0	0.0	0.0	0.0	0.0	0.0	0.0	0.0	0.0	0.0	0.0	0.0	0.0	0.0	0.0	0.0	0.0	0.0	0.0	0.0	0.0	0.0	0.0	0.0	0.0	0.0	0.0	0.0	0.0	0.0	0.0	0.0	0.0	0.0	0.0	0.0	0.0	0.0	0.0	0.0	0.0
8.39	0.08	0.0	0.0	0.0	0.0	0.0	0.0	0.0	0.0	0.0	0.0	0.0	0.0	0.0	0.0	0.0	0.0	0.0	0.0	0.0	0.0	0.0	0.0	0.0	0.0	0.0	4.0	0.0	0.0	0.0	0.0	0.0	0.0	0.0	0.0	0.0	0.0	0.0	0.0	0.0	0.0	0.0	0.0	0.0	0.0	0.0	0.0	0.0	0.0	0.0	0.0
8.42	0.0	0.0	0.0	0.0	0.0	0.0	0.0	0.0	0.0	0.0	0.0	0.0	0.0	0.0	0.0	0.0	0.0	0.0	0.0	0.0	0.0	0.0	0.0	0.0	0.0	0.0	0.0	0.0	0.0	0.0	0.0	0.0	0.0	0.0	0.0	0.0	0.0	0.0	0.0	0.0	0.0	0.0	0.0	0.0	0.0	0.0	0.0	0.0	0.0	0.0	0.0
8.45	0.16	6.0	0.0	0.0	0.0	0.0	0.0	0.0	0.0	0.0	0.0	0.0	0.0	0.0	0.0	0.0	0.0	0.0	0.0	0.0	0.0	0.0	0.0	0.0	0.0	0.0	0.0	0.0	0.0	0.0	0.0	0.0	0.0	0.0	0.0	0.0	0.0	0.0	0.0	0.0	0.0	0.0	0.0	2.0	0.0	0.0	0.0	0.0	0.0	0.0	0.0
8.48	0.16	0.0	0.0	0.0	0.0	0.0	0.0	0.0	0.0	0.0	0.0	0.0	0.0	0.0	0.0	0.0	0.0	0.0	0.0	0.0	0.0	0.0	0.0	0.0	0.0	0.0	0.0	0.0	0.0	0.0	6.0	0.0	0.0	0.0	2.0	0.0	0.0	0.0	0.0	0.0	0.0	0.0	0.0	0.0	0.0	0.0	0.0	0.0	0.0	0.0	0.0
8.51	0.16	0.0	0.0	0.0	0.0	0.0	0.0	0.0	0.0	0.0	0.0	0.0	0.0	0.0	0.0	0.0	0.0	0.0	0.0	0.0	0.0	0.0	0.0	0.0	0.0	0.0	0.0	0.0	0.0	0.0	0.0	0.0	0.0	0.0	4.0	0.0	0.0	0.0	0.0	0.0	0.0	0.0	0.0	0.0	4.0	0.0	0.0	0.0	0.0	0.0	0.0
8.54	0.0	0.0	0.0	0.0	0.0	0.0	0.0	0.0	0.0	0.0	0.0	0.0	0.0	0.0	0.0	0.0	0.0	0.0	0.0	0.0	0.0	0.0	0.0	0.0	0.0	0.0	0.0	0.0	0.0	0.0	0.0	0.0	0.0	0.0	0.0	0.0	0.0	0.0	0.0	0.0	0.0	0.0	0.0	0.0	0.0	0.0	0.0	0.0	0.0	0.0	0.0
8.57	0.04	0.0	0.0	0.0	0.0	0.0	0.0	0.0	0.0	0.0	0.0	0.0	0.0	0.0	0.0	0.0	0.0	0.0	0.0	0.0	0.0	0.0	0.0	0.0	0.0	0.0	0.0	0.0	2.0	0.0	0.0	0.0	0.0	0.0	0.0	0.0	0.0	0.0	0.0	0.0	0.0	0.0	0.0	0.0	0.0	0.0	0.0	0.0	0.0	0.0	0.0
8.6	0.04	0.0	0.0	0.0	0.0	0.0	0.0	0.0	0.0	0.0	0.0	0.0	0.0	0.0	0.0	0.0	0.0	0.0	0.0	0.0	0.0	0.0	0.0	0.0	0.0	0.0	0.0	0.0	0.0	0.0	0.0	0.0	0.0	0.0	0.0	0.0	0.0	2.0	0.0	0.0	0.0	0.0	0.0	0.0	0.0	0.0	0.0	0.0	0.0	0.0	0.0
8.63	0.04	0.0	0.0	0.0	0.0	0.0	2.0	0.0	0.0	0.0	0.0	0.0	0.0	0.0	0.0	0.0	0.0	0.0	0.0	0.0	0.0	0.0	0.0	0.0	0.0	0.0	0.0	0.0	0.0	0.0	0.0	0.0	0.0	0.0	0.0	0.0	0.0	0.0	0.0	0.0	0.0	0.0	0.0	0.0	0.0	0.0	0.0	0.0	0.0	0.0	0.0
8.66	0.04	0.0	0.0	0.0	0.0	0.0	0.0	0.0	0.0	0.0	0.0	0.0	0.0	0.0	0.0	0.0	0.0	0.0	0.0	0.0	0.0	0.0	0.0	0.0	0.0	0.0	0.0	0.0	0.0	0.0	0.0	0.0	0.0	2.0	0.0	0.0	0.0	0.0	0.0	0.0	0.0	0.0	0.0	0.0	0.0	0.0	0.0	0.0	0.0	0.0	0.0
8.69	0.16	0.0	0.0	0.0	4.0	0.0	0.0	0.0	0.0	0.0	0.0	4.0	0.0	0.0	0.0	0.0	0.0	0.0	0.0	0.0	0.0	0.0	0.0	0.0	0.0	0.0	0.0	0.0	0.0	0.0	0.0	0.0	0.0	0.0	0.0	0.0	0.0	0.0	0.0	0.0	0.0	0.0	0.0	0.0	0.0	0.0	0.0	0.0	0.0	0.0	0.0
8.72	0.2	0.0	0.0	0.0	0.0	0.0	0.0	0.0	0.0	0.0	0.0	0.0	0.0	0.0	0.0	4.0	0.0	0.0	0.0	0.0	0.0	0.0	0.0	0.0	4.0	0.0	0.0	0.0	0.0	0.0	0.0	0.0	0.0	0.0	0.0	0.0	2.0	0.0	0.0	0.0	0.0	0.0	0.0	0.0	0.0	0.0	0.0	0.0	0.0	0.0	0.0
8.75	0.0	0.0	0.0	0.0	0.0	0.0	0.0	0.0	0.0	0.0	0.0	0.0	0.0	0.0	0.0	0.0	0.0	0.0	0.0	0.0	0.0	0.0	0.0	0.0	0.0	0.0	0.0	0.0	0.0	0.0	0.0	0.0	0.0	0.0	0.0	0.0	0.0	0.0	0.0	0.0	0.0	0.0	0.0	0.0	0.0	0.0	0.0	0.0	0.0	0.0	0.0
8.78	0.0	0.0	0.0	0.0	0.0	0.0	0.0	0.0	0.0	0.0	0.0	0.0	0.0	0.0	0.0	0.0	0.0	0.0	0.0	0.0	0.0	0.0	0.0	0.0	0.0	0.0	0.0	0.0	0.0	0.0	0.0	0.0	0.0	0.0	0.0	0.0	0.0	0.0	0.0	0.0	0.0	0.0	0.0	0.0	0.0	0.0	0.0	0.0	0.0	0.0	0.0
8.81	0.0	0.0	0.0	0.0	0.0	0.0	0.0	0.0	0.0	0.0	0.0	0.0	0.0	0.0	0.0	0.0	0.0	0.0	0.0	0.0	0.0	0.0	0.0	0.0	0.0	0.0	0.0	0.0	0.0	0.0	0.0	0.0	0.0	0.0	0.0	0.0	0.0	0.0	0.0	0.0	0.0	0.0	0.0	0.0	0.0	0.0	0.0	0.0	0.0	0.0	0.0
8.84	0.12	0.0	0.0	2.0	0.0	0.0	0.0	0.0	0.0	0.0	0.0	0.0	0.0	0.0	0.0	0.0	0.0	0.0	0.0	0.0	0.0	0.0	0.0	0.0	0.0	0.0	0.0	0.0	0.0	0.0	0.0	0.0	0.0	0.0	0.0	0.0	0.0	0.0	0.0	0.0	0.0	0.0	0.0	0.0	0.0	0.0	0.0	0.0	0.0	0.0	4.0
8.87	0.24	0.0	0.0	0.0	0.0	0.0	0.0	0.0	0.0	0.0	0.0	0.0	0.0	0.0	0.0	0.0	0.0	0.0	0.0	0.0	0.0	0.0	0.0	0.0	0.0	0.0	0.0	0.0	0.0	0.0	0.0	0.0	0.0	0.0	0.0	0.0	0.0	0.0	0.0	0.0	0.0	0.0	0.0	0.0	0.0	0.0	0.0	0.0	0.0	6.0	6.0
8.9	0.28	0.0	0.0	0.0	0.0	0.0	0.0	4.0	0.0	0.0	0.0	0.0	2.0	0.0	2.0	0.0	0.0	0.0	0.0	0.0	0.0	0.0	0.0	0.0	0.0	2.0	0.0	0.0	0.0	0.0	0.0	0.0	0.0	0.0	0.0	0.0	0.0	0.0	0.0	0.0	0.0	0.0	2.0	2.0	0.0	0.0	0.0	0.0	0.0	0.0	0.0
8.93	0.0	0.0	0.0	0.0	0.0	0.0	0.0	0.0	0.0	0.0	0.0	0.0	0.0	0.0	0.0	0.0	0.0	0.0	0.0	0.0	0.0	0.0	0.0	0.0	0.0	0.0	0.0	0.0	0.0	0.0	0.0	0.0	0.0	0.0	0.0	0.0	0.0	0.0	0.0	0.0	0.0	0.0	0.0	0.0	0.0	0.0	0.0	0.0	0.0	0.0	0.0
8.96	0.0	0.0	0.0	0.0	0.0	0.0	0.0	0.0	0.0	0.0	0.0	0.0	0.0	0.0	0.0	0.0	0.0	0.0	0.0	0.0	0.0	0.0	0.0	0.0	0.0	0.0	0.0	0.0	0.0	0.0	0.0	0.0	0.0	0.0	0.0	0.0	0.0	0.0	0.0	0.0	0.0	0.0	0.0	0.0	0.0	0.0	0.0	0.0	0.0	0.0	0.0
8.99	0.16	0.0	0.0	0.0	0.0	0.0	0.0	0.0	0.0	0.0	0.0	0.0	0.0	0.0	0.0	0.0	0.0	0.0	0.0	0.0	0.0	0.0	0.0	0.0	0.0	0.0	0.0	2.0	2.0	0.0	0.0	0.0	2.0	0.0	0.0	0.0	0.0	0.0	0.0	0.0	0.0	0.0	0.0	2.0	0.0	0.0	0.0	0.0	0.0	0.0	0.0
9.02	0.32	0.0	0.0	2.0	0.0	0.0	0.0	0.0	0.0	0.0	0.0	0.0	0.0	0.0	0.0	0.0	0.0	4.0	0.0	0.0	0.0	0.0	0.0	0.0	0.0	0.0	0.0	0.0	0.0	0.0	2.0	0.0	0.0	0.0	0.0	0.0	0.0	0.0	0.0	0.0	0.0	0.0	0.0	0.0	0.0	0.0	0.0	2.0	4.0	0.0	2.0
9.05	0.24	0.0	0.0	0.0	0.0	0.0	0.0	0.0	0.0	0.0	0.0	0.0	4.0	0.0	0.0	0.0	0.0	0.0	2.0	0.0	0.0	0.0	0.0	0.0	0.0	0.0	0.0	0.0	2.0	0.0	2.0	0.0	0.0	0.0	0.0	0.0	0.0	0.0	0.0	0.0	0.0	0.0	0.0	0.0	0.0	0.0	0.0	0.0	2.0	0.0	0.0
9.08	0.12	0.0	0.0	0.0	0.0	2.0	0.0	0.0	0.0	0.0	0.0	0.0	0.0	0.0	0.0	0.0	0.0	2.0	0.0	0.0	0.0	0.0	0.0	0.0	0.0	0.0	0.0	0.0	0.0	0.0	0.0	0.0	0.0	0.0	0.0	0.0	0.0	0.0	0.0	0.0	2.0	0.0	0.0	0.0	0.0	0.0	0.0	0.0	0.0	0.0	0.0
9.11	0.2	0.0	6.0	0.0	0.0	0.0	0.0	0.0	0.0	0.0	0.0	0.0	0.0	0.0	0.0	0.0	0.0	4.0	0.0	0.0	0.0	0.0	0.0	0.0	0.0	0.0	0.0	0.0	0.0	0.0	0.0	0.0	0.0	0.0	0.0	0.0	0.0	0.0	0.0	0.0	0.0	0.0	0.0	0.0	0.0	0.0	0.0	0.0	0.0	0.0	0.0
9.14	0.08	0.0	2.0	0.0	0.0	0.0	0.0	0.0	0.0	0.0	0.0	0.0	0.0	0.0	0.0	0.0	0.0	0.0	0.0	0.0	0.0	0.0	0.0	0.0	0.0	0.0	0.0	0.0	0.0	0.0	2.0	0.0	0.0	0.0	0.0	0.0	0.0	0.0	0.0	0.0	0.0	0.0	0.0	0.0	0.0	0.0	0.0	0.0	0.0	0.0	0.0
9.17	0.12	0.0	0.0	0.0	0.0	0.0	0.0	0.0	0.0	0.0	0.0	0.0	0.0	0.0	0.0	2.0	2.0	0.0	0.0	0.0	0.0	0.0	0.0	2.0	0.0	0.0	0.0	0.0	0.0	0.0	0.0	0.0	0.0	0.0	0.0	0.0	0.0	0.0	0.0	0.0	0.0	0.0	0.0	0.0	0.0	0.0	0.0	0.0	0.0	0.0	0.0
9.2	0.04	0.0	0.0	0.0	0.0	0.0	0.0	0.0	0.0	0.0	0.0	0.0	0.0	0.0	0.0	0.0	0.0	0.0	0.0	0.0	2.0	0.0	0.0	0.0	0.0	0.0	0.0	0.0	0.0	0.0	0.0	0.0	0.0	0.0	0.0	0.0	0.0	0.0	0.0	0.0	0.0	0.0	0.0	0.0	0.0	0.0	0.0	0.0	0.0	0.0	0.0
9.23	0.24	0.0	0.0	0.0	0.0	0.0	0.0	0.0	0.0	0.0	0.0	0.0	0.0	0.0	0.0	0.0	0.0	0.0	0.0	0.0	0.0	0.0	0.0	0.0	0.0	0.0	0.0	2.0	0.0	0.0	0.0	0.0	0.0	0.0	4.0	2.0	0.0	0.0	0.0	0.0	0.0	0.0	0.0	0.0	0.0	0.0	0.0	4.0	0.0	0.0	0.0
9.26	0.24	2.0	0.0	0.0	4.0	4.0	0.0	0.0	0.0	0.0	0.0	0.0	0.0	0.0	0.0	0.0	0.0	0.0	0.0	0.0	0.0	0.0	2.0	0.0	0.0	0.0	0.0	0.0	0.0	0.0	0.0	0.0	0.0	0.0	0.0	0.0	0.0	0.0	0.0	0.0	0.0	0.0	0.0	0.0	0.0	0.0	0.0	0.0	0.0	0.0	0.0
9.29	0.24	0.0	0.0	0.0	0.0	0.0	0.0	0.0	0.0	6.0	0.0	0.0	0.0	0.0	0.0	0.0	0.0	2.0	0.0	0.0	0.0	0.0	0.0	0.0	0.0	0.0	2.0	0.0	0.0	0.0	0.0	2.0	0.0	0.0	0.0	0.0	0.0	0.0	0.0	0.0	0.0	0.0	0.0	0.0	0.0	0.0	0.0	0.0	0.0	0.0	0.0
9.32	0.24	0.0	0.0	0.0	0.0	0.0	2.0	0.0	2.0	0.0	0.0	0.0	0.0	0.0	0.0	0.0	0.0	2.0	0.0	0.0	0.0	0.0	0.0	2.0	0.0	0.0	0.0	0.0	0.0	0.0	0.0	0.0	0.0	0.0	0.0	0.0	0.0	0.0	0.0	0.0	0.0	0.0	0.0	0.0	0.0	2.0	0.0	0.0	0.0	2.0	0.0
9.35	0.2	0.0	0.0	0.0	0.0	0.0	2.0	2.0	0.0	0.0	0.0	0.0	0.0	0.0	0.0	0.0	2.0	0.0	0.0	0.0	0.0	0.0	2.0	0.0	0.0	0.0	2.0	0.0	0.0	0.0	0.0	0.0	0.0	0.0	0.0	0.0	0.0	0.0	0.0	0.0	0.0	0.0	0.0	0.0	0.0	0.0	0.0	0.0	0.0	0.0	0.0
9.38	0.08	2.0	0.0	0.0	0.0	0.0	0.0	0.0	0.0	0.0	0.0	0.0	0.0	0.0	0.0	0.0	0.0	0.0	0.0	0.0	0.0	0.0	0.0	0.0	0.0	0.0	0.0	0.0	0.0	0.0	0.0	2.0	0.0	0.0	0.0	0.0	0.0	0.0	0.0	0.0	0.0	0.0	0.0	0.0	0.0	0.0	0.0	0.0	0.0	0.0	0.0
9.41	0.4	0.0	0.0	0.0	0.0	0.0	0.0	0.0	0.0	0.0	0.0	0.0	0.0	0.0	0.0	0.0	0.0	6.0	2.0	0.0	0.0	2.0	0.0	0.0	0.0	0.0	0.0	0.0	0.0	0.0	0.0	0.0	0.0	0.0	0.0	0.0	0.0	0.0	0.0	0.0	0.0	0.0	0.0	2.0	0.0	0.0	4.0	0.0	0.0	4.0	0.0
9.44	0.56	0.0	0.0	0.0	0.0	0.0	0.0	0.0	0.0	0.0	0.0	4.0	0.0	0.0	0.0	0.0	0.0	0.0	0.0	0.0	0.0	0.0	0.0	0.0	0.0	0.0	0.0	0.0	4.0	0.0	2.0	0.0	4.0	0.0	0.0	0.0	0.0	0.0	0.0	0.0	0.0	0.0	2.0	10.0	0.0	0.0	0.0	2.0	0.0	0.0	0.0
9.47	0.56	0.0	0.0	2.0	0.0	0.0	4.0	2.0	0.0	0.0	0.0	0.0	0.0	2.0	0.0	0.0	0.0	0.0	0.0	0.0	0.0	0.0	0.0	0.0	0.0	0.0	4.0	0.0	0.0	0.0	0.0	0.0	2.0	0.0	0.0	0.0	0.0	0.0	0.0	0.0	0.0	2.0	0.0	2.0	0.0	0.0	6.0	0.0	0.0	2.0	0.0
9.5	0.36	0.0	0.0	0.0	0.0	2.0	0.0	0.0	0.0	0.0	0.0	0.0	4.0	0.0	0.0	0.0	0.0	0.0	0.0	0.0	0.0	0.0	0.0	0.0	0.0	0.0	0.0	0.0	0.0	0.0	0.0	4.0	0.0	0.0	0.0	0.0	0.0	0.0	0.0	0.0	4.0	0.0	0.0	0.0	0.0	0.0	0.0	0.0	0.0	4.0	0.0
9.53	0.36	0.0	0.0	0.0	2.0	0.0	2.0	0.0	0.0	0.0	0.0	0.0	0.0	0.0	4.0	0.0	6.0	0.0	0.0	0.0	0.0	0.0	2.0	0.0	2.0	0.0	0.0	0.0	0.0	0.0	0.0	0.0	0.0	0.0	0.0	0.0	0.0	0.0	0.0	0.0	0.0	0.0	0.0	0.0	0.0	0.0	0.0	0.0	0.0	0.0	0.0
9.56	0.32	0.0	0.0	0.0	0.0	0.0	2.0	0.0	0.0	2.0	0.0	0.0	0.0	0.0	0.0	0.0	0.0	0.0	0.0	0.0	0.0	0.0	0.0	0.0	0.0	0.0	0.0	0.0	4.0	0.0	0.0	0.0	2.0	0.0	0.0	4.0	0.0	0.0	0.0	0.0	0.0	2.0	0.0	0.0	0.0	0.0	0.0	0.0	0.0	0.0	0.0
9.59	0.24	0.0	0.0	0.0	0.0	0.0	0.0	0.0	0.0	0.0	0.0	0.0	2.0	0.0	0.0	0.0	0.0	0.0	0.0	0.0	2.0	0.0	0.0	0.0	0.0	0.0	0.0	0.0	4.0	0.0	0.0	0.0	0.0	4.0	0.0	0.0	0.0	0.0	0.0	0.0	0.0	0.0	0.0	0.0	0.0	0.0	0.0	0.0	0.0	0.0	0.0
9.62	0.44	0.0	0.0	0.0	0.0	0.0	0.0	0.0	0.0	0.0	6.0	4.0	0.0	0.0	0.0	2.0	0.0	0.0	0.0	0.0	0.0	0.0	0.0	0.0	0.0	0.0	0.0	0.0	2.0	0.0	0.0	2.0	0.0	0.0	0.0	0.0	0.0	0.0	0.0	2.0	0.0	0.0	4.0	0.0	0.0	0.0	0.0	0.0	0.0	0.0	0.0
9.65	0.84	4.0	0.0	0.0	0.0	2.0	0.0	0.0	0.0	0.0	0.0	4.0	0.0	0.0	0.0	0.0	0.0	0.0	0.0	0.0	0.0	2.0	0.0	2.0	0.0	0.0	0.0	0.0	0.0	0.0	0.0	0.0	0.0	0.0	0.0	0.0	2.0	0.0	0.0	0.0	2.0	0.0	6.0	0.0	0.0	0.0	2.0	6.0	0.0	4.0	6.0
9.68	0.68	0.0	2.0	2.0	0.0	0.0	0.0	0.0	0.0	2.0	0.0	0.0	4.0	0.0	0.0	6.0	0.0	6.0	0.0	0.0	0.0	0.0	0.0	2.0	0.0	4.0	0.0	0.0	0.0	0.0	0.0	0.0	0.0	0.0	0.0	2.0	0.0	0.0	0.0	0.0	0.0	0.0	0.0	4.0	0.0	0.0	0.0	0.0	0.0	0.0	0.0
9.71	0.68	0.0	2.0	0.0	0.0	0.0	0.0	0.0	0.0	0.0	0.0	2.0	0.0	8.0	0.0	0.0	4.0	0.0	0.0	0.0	0.0	4.0	0.0	0.0	0.0	0.0	0.0	0.0	0.0	0.0	0.0	4.0	2.0	0.0	2.0	4.0	0.0	0.0	0.0	0.0	0.0	0.0	2.0	0.0	0.0	0.0	0.0	0.0	0.0	0.0	0.0
9.74	0.36	0.0	0.0	0.0	0.0	0.0	0.0	0.0	2.0	2.0	2.0	0.0	0.0	0.0	2.0	0.0	0.0	0.0	0.0	2.0	2.0	0.0	0.0	0.0	0.0	0.0	0.0	0.0	0.0	0.0	0.0	0.0	0.0	0.0	0.0	0.0	0.0	0.0	0.0	4.0	0.0	0.0	0.0	0.0	2.0	0.0	0.0	0.0	0.0	0.0	0.0
9.77	0.72	0.0	6.0	0.0	0.0	4.0	0.0	0.0	0.0	0.0	4.0	0.0	0.0	0.0	0.0	2.0	0.0	0.0	0.0	0.0	2.0	0.0	0.0	0.0	0.0	0.0	0.0	0.0	0.0	0.0	0.0	0.0	0.0	0.0	0.0	0.0	0.0	0.0	4.0	0.0	0.0	4.0	0.0	0.0	0.0	4.0	4.0	0.0	2.0	0.0	0.0
9.8	0.92	0.0	4.0	4.0	2.0	0.0	0.0	0.0	0.0	0.0	0.0	0.0	2.0	0.0	0.0	0.0	6.0	0.0	0.0	4.0	0.0	0.0	0.0	0.0	2.0	2.0	0.0	0.0	0.0	4.0	0.0	0.0	0.0	0.0	0.0	0.0	0.0	0.0	0.0	0.0	0.0	0.0	2.0	0.0	0.0	6.0	4.0	2.0	0.0	0.0	2.0
9.83	0.76	2.0	10.0	0.0	0.0	0.0	2.0	2.0	0.0	0.0	0.0	0.0	0.0	0.0	0.0	0.0	0.0	0.0	0.0	0.0	0.0	8.0	0.0	0.0	2.0	2.0	0.0	0.0	0.0	4.0	0.0	0.0	0.0	0.0	0.0	0.0	0.0	0.0	2.0	0.0	0.0	0.0	0.0	0.0	0.0	0.0	0.0	2.0	0.0	2.0	0.0
9.86	0.28	0.0	0.0	0.0	0.0	0.0	0.0	0.0	0.0	2.0	0.0	0.0	0.0	0.0	0.0	0.0	4.0	0.0	2.0	0.0	0.0	0.0	4.0	0.0	0.0	0.0	0.0	0.0	0.0	0.0	0.0	0.0	0.0	0.0	0.0	0.0	0.0	0.0	0.0	0.0	0.0	0.0	0.0	0.0	0.0	2.0	0.0	0.0	0.0	0.0	0.0
9.89	0.6	2.0	4.0	0.0	0.0	0.0	0.0	0.0	0.0	0.0	0.0	0.0	2.0	2.0	2.0	0.0	0.0	0.0	0.0	0.0	0.0	0.0	0.0	0.0	0.0	0.0	0.0	0.0	0.0	0.0	2.0	0.0	2.0	0.0	6.0	0.0	0.0	0.0	0.0	2.0	4.0	0.0	0.0	2.0	0.0	0.0	0.0	0.0	0.0	0.0	0.0
9.92	0.56	0.0	0.0	2.0	2.0	0.0	2.0	0.0	4.0	0.0	4.0	2.0	0.0	0.0	0.0	0.0	0.0	0.0	0.0	0.0	2.0	2.0	0.0	0.0	0.0	0.0	4.0	0.0	0.0	0.0	0.0	0.0	2.0	0.0	0.0	0.0	0.0	0.0	0.0	0.0	0.0	0.0	2.0	0.0	0.0	0.0	0.0	0.0	0.0	0.0	0.0
9.95	0.76	0.0	0.0	0.0	6.0	0.0	0.0	2.0	0.0	2.0	4.0	2.0	0.0	4.0	0.0	0.0	0.0	0.0	0.0	0.0	0.0	0.0	4.0	0.0	0.0	0.0	0.0	0.0	0.0	0.0	0.0	2.0	0.0	0.0	2.0	0.0	4.0	0.0	0.0	0.0	0.0	0.0	0.0	0.0	4.0	2.0	0.0	0.0	0.0	0.0	0.0
9.98	0.92	2.0	6.0	0.0	0.0	0.0	2.0	0.0	0.0	2.0	2.0	6.0	0.0	0.0	6.0	0.0	0.0	0.0	0.0	2.0	2.0	2.0	2.0	0.0	0.0	0.0	0.0	2.0	0.0	0.0	2.0	2.0	0.0	0.0	0.0	0.0	0.0	2.0	2.0	0.0	0.0	0.0	0.0	0.0	0.0	0.0	0.0	2.0	0.0	0.0	0.0
10.01	1.12	0.0	0.0	4.0	4.0	6.0	2.0	0.0	6.0	4.0	0.0	4.0	2.0	0.0	0.0	0.0	2.0	2.0	2.0	0.0	0.0	0.0	0.0	0.0	0.0	2.0	4.0	0.0	0.0	0.0	2.0	0.0	0.0	0.0	0.0	0.0	2.0	0.0	0.0	0.0	0.0	2.0	0.0	4.0	0.0	2.0	0.0	0.0	0.0	0.0	0.0
10.04	0.88	0.0	0.0	0.0	0.0	0.0	0.0	0.0	0.0	0.0	4.0	2.0	0.0	0.0	0.0	2.0	0.0	0.0	0.0	0.0	0.0	0.0	8.0	2.0	0.0	8.0	0.0	0.0	0.0	0.0	2.0	2.0	0.0	0.0	0.0	0.0	0.0	2.0	0.0	2.0	0.0	0.0	4.0	0.0	2.0	4.0	0.0	0.0	0.0	0.0	0.0
10.07	0.8	0.0	0.0	2.0	0.0	0.0	0.0	0.0	0.0	0.0	0.0	2.0	0.0	0.0	0.0	0.0	0.0	0.0	4.0	0.0	2.0	0.0	0.0	2.0	0.0	0.0	2.0	2.0	0.0	0.0	0.0	0.0	0.0	0.0	2.0	0.0	0.0	4.0	0.0	0.0	0.0	6.0	2.0	0.0	4.0	0.0	0.0	0.0	2.0	4.0	0.0
10.1	0.84	2.0	0.0	0.0	0.0	4.0	0.0	4.0	4.0	0.0	0.0	0.0	0.0	0.0	4.0	0.0	0.0	2.0	0.0	4.0	0.0	2.0	0.0	0.0	2.0	2.0	2.0	2.0	0.0	0.0	0.0	0.0	0.0	0.0	2.0	0.0	2.0	0.0	0.0	0.0	0.0	0.0	0.0	0.0	0.0	0.0	0.0	0.0	4.0	0.0	0.0
10.13	1.28	0.0	2.0	0.0	0.0	0.0	0.0	2.0	0.0	2.0	4.0	4.0	12.0	0.0	0.0	0.0	2.0	0.0	2.0	0.0	0.0	6.0	0.0	0.0	0.0	0.0	0.0	6.0	2.0	0.0	0.0	0.0	2.0	0.0	4.0	0.0	0.0	0.0	0.0	4.0	0.0	0.0	2.0	0.0	4.0	0.0	4.0	0.0	0.0	0.0	0.0
10.16	1.16	0.0	0.0	0.0	0.0	4.0	0.0	4.0	0.0	0.0	2.0	0.0	2.0	2.0	0.0	0.0	0.0	0.0	0.0	6.0	0.0	2.0	2.0	0.0	2.0	0.0	0.0	0.0	4.0	2.0	0.0	2.0	4.0	0.0	0.0	6.0	0.0	2.0	0.0	0.0	0.0	4.0	6.0	0.0	2.0	0.0	0.0	0.0	0.0	0.0	0.0
10.19	1.28	4.0	0.0	6.0	0.0	4.0	2.0	4.0	4.0	0.0	2.0	4.0	0.0	0.0	0.0	0.0	0.0	0.0	2.0	0.0	0.0	6.0	0.0	4.0	0.0	2.0	0.0	4.0	2.0	0.0	0.0	0.0	0.0	4.0	0.0	0.0	2.0	0.0	0.0	0.0	0.0	2.0	0.0	0.0	2.0	0.0	2.0	0.0	0.0	2.0	0.0
10.22	1.04	0.0	0.0	0.0	0.0	0.0	0.0	4.0	0.0	8.0	0.0	0.0	4.0	0.0	2.0	2.0	0.0	2.0	0.0	4.0	0.0	4.0	0.0	0.0	0.0	0.0	0.0	2.0	0.0	4.0	2.0	0.0	0.0	0.0	0.0	4.0	2.0	0.0	0.0	4.0	0.0	0.0	0.0	0.0	0.0	0.0	0.0	0.0	0.0	0.0	4.0
10.25	1.08	0.0	0.0	6.0	0.0	0.0	2.0	0.0	2.0	2.0	2.0	0.0	2.0	0.0	0.0	4.0	2.0	0.0	0.0	4.0	6.0	0.0	2.0	0.0	0.0	6.0	0.0	0.0	0.0	0.0	0.0	0.0	0.0	0.0	0.0	2.0	2.0	0.0	0.0	0.0	0.0	0.0	0.0	0.0	0.0	6.0	0.0	2.0	0.0	0.0	2.0
10.28	0.8	2.0	0.0	2.0	0.0	0.0	4.0	4.0	0.0	0.0	0.0	0.0	0.0	0.0	2.0	0.0	0.0	2.0	0.0	2.0	0.0	0.0	0.0	0.0	0.0	4.0	4.0	2.0	0.0	2.0	0.0	0.0	0.0	0.0	0.0	0.0	0.0	0.0	0.0	4.0	0.0	0.0	0.0	0.0	0.0	4.0	0.0	0.0	2.0	0.0	0.0
10.31	1.08	0.0	0.0	0.0	0.0	0.0	0.0	2.0	8.0	0.0	2.0	2.0	2.0	2.0	2.0	0.0	0.0	2.0	4.0	2.0	0.0	0.0	0.0	2.0	0.0	0.0	4.0	2.0	0.0	2.0	0.0	0.0	0.0	0.0	0.0	0.0	0.0	0.0	0.0	0.0	0.0	0.0	0.0	4.0	0.0	8.0	0.0	0.0	0.0	2.0	2.0
10.34	0.84	0.0	0.0	0.0	0.0	0.0	0.0	0.0	0.0	0.0	2.0	0.0	2.0	0.0	0.0	0.0	2.0	0.0	0.0	4.0	4.0	6.0	0.0	0.0	0.0	2.0	0.0	0.0	0.0	0.0	0.0	0.0	0.0	2.0	2.0	4.0	4.0	0.0	0.0	2.0	0.0	2.0	0.0	0.0	0.0	2.0	2.0	0.0	0.0	0.0	0.0
10.37	1.16	0.0	0.0	2.0	0.0	0.0	0.0	2.0	4.0	0.0	2.0	0.0	4.0	4.0	0.0	2.0	4.0	2.0	0.0	4.0	4.0	0.0	0.0	2.0	0.0	4.0	4.0	0.0	2.0	0.0	0.0	4.0	0.0	2.0	0.0	0.0	0.0	0.0	0.0	2.0	2.0	0.0	0.0	0.0	0.0	0.0	0.0	0.0	0.0	0.0	2.0
10.4	1.72	2.0	4.0	0.0	0.0	0.0	0.0	4.0	0.0	0.0	4.0	0.0	2.0	2.0	0.0	0.0	2.0	0.0	4.0	0.0	2.0	0.0	0.0	8.0	2.0	0.0	0.0	0.0	0.0	2.0	0.0	2.0	0.0	4.0	0.0	0.0	2.0	2.0	0.0	4.0	10.0	6.0	0.0	0.0	8.0	0.0	0.0	0.0	4.0	6.0	0.0
10.43	1.28	6.0	0.0	0.0	0.0	0.0	0.0	0.0	0.0	2.0	0.0	2.0	0.0	0.0	0.0	0.0	0.0	0.0	4.0	4.0	2.0	0.0	6.0	0.0	0.0	4.0	0.0	0.0	0.0	0.0	0.0	0.0	0.0	0.0	0.0	0.0	2.0	0.0	4.0	0.0	8.0	6.0	0.0	2.0	4.0	0.0	2.0	2.0	0.0	4.0	0.0
10.46	1.24	0.0	0.0	4.0	0.0	0.0	4.0	0.0	0.0	0.0	4.0	0.0	0.0	6.0	0.0	0.0	4.0	6.0	0.0	0.0	2.0	0.0	0.0	0.0	0.0	0.0	0.0	0.0	2.0	0.0	2.0	0.0	4.0	0.0	0.0	8.0	2.0	0.0	4.0	0.0	0.0	6.0	0.0	0.0	0.0	0.0	0.0	0.0	0.0	0.0	4.0
10.49	1.08	4.0	0.0	0.0	0.0	2.0	2.0	0.0	0.0	0.0	6.0	4.0	0.0	0.0	0.0	0.0	0.0	4.0	0.0	0.0	0.0	4.0	0.0	0.0	0.0	0.0	0.0	0.0	2.0	0.0	0.0	0.0	0.0	0.0	0.0	0.0	2.0	0.0	0.0	8.0	0.0	12.0	0.0	0.0	0.0	0.0	2.0	0.0	0.0	2.0	0.0
10.52	1.44	0.0	2.0	0.0	0.0	0.0	0.0	0.0	0.0	4.0	2.0	0.0	4.0	0.0	4.0	2.0	6.0	6.0	0.0	2.0	0.0	2.0	4.0	0.0	0.0	0.0	0.0	0.0	0.0	0.0	0.0	4.0	2.0	0.0	2.0	2.0	0.0	0.0	6.0	0.0	0.0	2.0	2.0	4.0	2.0	2.0	4.0	0.0	2.0	0.0	0.0
10.55	1.32	0.0	2.0	0.0	0.0	6.0	0.0	0.0	0.0	0.0	0.0	0.0	0.0	4.0	2.0	0.0	0.0	4.0	0.0	0.0	2.0	4.0	2.0	0.0	0.0	0.0	0.0	4.0	2.0	0.0	0.0	0.0	6.0	0.0	0.0	0.0	0.0	6.0	6.0	4.0	0.0	2.0	0.0	0.0	0.0	0.0	0.0	0.0	0.0	0.0	10.0
10.58	1.36	0.0	4.0	0.0	0.0	0.0	0.0	0.0	6.0	0.0	0.0	0.0	2.0	6.0	0.0	0.0	0.0	4.0	4.0	0.0	0.0	0.0	2.0	0.0	2.0	2.0	0.0	6.0	4.0	0.0	0.0	0.0	4.0	0.0	0.0	0.0	4.0	0.0	2.0	2.0	0.0	4.0	0.0	4.0	0.0	0.0	0.0	0.0	2.0	4.0	0.0
10.61	1.64	0.0	2.0	0.0	4.0	0.0	0.0	2.0	0.0	0.0	2.0	8.0	2.0	8.0	6.0	6.0	4.0	2.0	0.0	0.0	4.0	0.0	0.0	0.0	2.0	2.0	0.0	0.0	0.0	2.0	4.0	0.0	4.0	0.0	0.0	0.0	0.0	4.0	0.0	0.0	0.0	0.0	0.0	0.0	0.0	0.0	2.0	6.0	4.0	0.0	2.0
10.64	1.44	0.0	4.0	2.0	0.0	0.0	0.0	0.0	6.0	0.0	0.0	0.0	0.0	2.0	6.0	0.0	0.0	6.0	0.0	0.0	0.0	0.0	0.0	4.0	4.0	0.0	2.0	4.0	0.0	0.0	6.0	0.0	4.0	0.0	2.0	2.0	2.0	0.0	4.0	2.0	0.0	2.0	0.0	0.0	0.0	0.0	0.0	0.0	4.0	0.0	4.0
10.67	2.24	0.0	0.0	2.0	2.0	2.0	4.0	4.0	8.0	0.0	2.0	0.0	0.0	0.0	4.0	4.0	0.0	0.0	4.0	4.0	4.0	4.0	0.0	0.0	4.0	0.0	6.0	4.0	8.0	6.0	0.0	4.0	0.0	0.0	2.0	4.0	0.0	6.0	4.0	0.0	0.0	6.0	0.0	0.0	6.0	0.0	0.0	0.0	4.0	0.0	0.0
10.7	1.6	0.0	0.0	0.0	0.0	0.0	0.0	2.0	0.0	2.0	0.0	0.0	2.0	2.0	0.0	4.0	2.0	4.0	2.0	8.0	0.0	0.0	4.0	4.0	0.0	0.0	0.0	0.0	0.0	6.0	2.0	10.0	2.0	0.0	2.0	6.0	4.0	0.0	0.0	2.0	0.0	0.0	0.0	4.0	4.0	0.0	2.0	0.0	0.0	0.0	0.0
10.73	1.92	0.0	4.0	6.0	0.0	0.0	0.0	4.0	0.0	0.0	0.0	2.0	0.0	0.0	8.0	0.0	4.0	0.0	2.0	0.0	2.0	4.0	2.0	2.0	0.0	4.0	2.0	0.0	0.0	2.0	2.0	10.0	0.0	4.0	2.0	6.0	4.0	4.0	0.0	4.0	0.0	0.0	0.0	0.0	0.0	6.0	2.0	4.0	0.0	0.0	0.0
10.76	1.6	0.0	2.0	0.0	0.0	2.0	0.0	0.0	2.0	0.0	0.0	6.0	2.0	2.0	4.0	4.0	2.0	0.0	2.0	0.0	0.0	0.0	8.0	2.0	0.0	6.0	4.0	0.0	0.0	2.0	2.0	0.0	0.0	4.0	2.0	0.0	6.0	0.0	4.0	0.0	0.0	0.0	0.0	0.0	0.0	0.0	4.0	0.0	4.0	0.0	4.0
10.79	2.36	2.0	0.0	4.0	0.0	0.0	4.0	2.0	0.0	0.0	6.0	8.0	6.0	2.0	2.0	0.0	2.0	4.0	18.0	0.0	0.0	0.0	0.0	0.0	2.0	2.0	0.0	4.0	2.0	2.0	2.0	4.0	0.0	0.0	0.0	0.0	0.0	0.0	4.0	0.0	6.0	0.0	10.0	0.0	4.0	4.0	6.0	0.0	0.0	2.0	4.0
10.82	1.6	0.0	2.0	2.0	4.0	0.0	0.0	0.0	4.0	0.0	0.0	0.0	0.0	6.0	2.0	0.0	0.0	4.0	8.0	0.0	0.0	2.0	2.0	2.0	0.0	6.0	2.0	0.0	0.0	4.0	0.0	0.0	0.0	2.0	0.0	0.0	4.0	0.0	2.0	0.0	0.0	2.0	0.0	4.0	2.0	2.0	4.0	4.0	2.0	0.0	2.0
10.85	1.64	4.0	0.0	4.0	2.0	2.0	2.0	0.0	0.0	0.0	2.0	0.0	0.0	2.0	2.0	0.0	0.0	0.0	6.0	4.0	0.0	0.0	4.0	2.0	2.0	0.0	2.0	4.0	2.0	2.0	0.0	0.0	2.0	0.0	4.0	0.0	0.0	0.0	0.0	0.0	4.0	4.0	2.0	0.0	0.0	2.0	4.0	2.0	2.0	0.0	8.0
10.88	1.76	2.0	4.0	2.0	4.0	0.0	2.0	2.0	6.0	0.0	0.0	0.0	0.0	2.0	4.0	0.0	0.0	0.0	2.0	0.0	4.0	4.0	0.0	4.0	0.0	2.0	6.0	0.0	2.0	0.0	0.0	0.0	4.0	2.0	4.0	0.0	0.0	4.0	2.0	4.0	4.0	0.0	8.0	0.0	2.0	0.0	0.0	0.0	0.0	0.0	2.0
10.91	2.2	0.0	4.0	0.0	0.0	6.0	6.0	2.0	0.0	6.0	6.0	4.0	4.0	2.0	0.0	8.0	2.0	4.0	2.0	4.0	6.0	0.0	2.0	0.0	0.0	0.0	10.0	0.0	0.0	0.0	0.0	0.0	0.0	4.0	0.0	0.0	8.0	0.0	2.0	4.0	4.0	2.0	0.0	4.0	0.0	0.0	0.0	0.0	2.0	0.0	2.0
10.94	1.64	0.0	0.0	0.0	2.0	0.0	0.0	0.0	0.0	0.0	0.0	6.0	4.0	4.0	4.0	4.0	0.0	0.0	2.0	8.0	0.0	0.0	0.0	0.0	2.0	0.0	4.0	0.0	2.0	2.0	2.0	0.0	8.0	0.0	0.0	0.0	6.0	2.0	0.0	0.0	4.0	0.0	0.0	2.0	6.0	2.0	0.0	0.0	0.0	2.0	4.0
10.97	1.8	2.0	0.0	2.0	0.0	4.0	2.0	0.0	0.0	6.0	0.0	10.0	4.0	2.0	2.0	4.0	0.0	2.0	0.0	0.0	0.0	0.0	4.0	0.0	0.0	0.0	0.0	4.0	4.0	0.0	0.0	0.0	4.0	4.0	8.0	0.0	4.0	8.0	0.0	0.0	2.0	2.0	0.0	0.0	0.0	0.0	0.0	0.0	0.0	4.0	2.0
11.0	3.0	0.0	6.0	0.0	8.0	0.0	0.0	2.0	2.0	2.0	0.0	8.0	2.0	14.0	2.0	4.0	8.0	0.0	4.0	4.0	2.0	0.0	4.0	0.0	0.0	6.0	0.0	0.0	4.0	2.0	4.0	8.0	2.0	0.0	8.0	0.0	6.0	0.0	2.0	6.0	0.0	6.0	2.0	4.0	0.0	4.0	6.0	2.0	0.0	4.0	2.0
11.03	1.84	0.0	0.0	2.0	10.0	0.0	6.0	0.0	0.0	0.0	0.0	2.0	8.0	0.0	6.0	4.0	0.0	8.0	4.0	2.0	0.0	0.0	2.0	0.0	0.0	0.0	0.0	0.0	0.0	2.0	0.0	0.0	0.0	2.0	6.0	0.0	4.0	0.0	0.0	4.0	0.0	0.0	4.0	0.0	2.0	0.0	0.0	0.0	8.0	2.0	4.0
11.06	2.84	2.0	2.0	4.0	4.0	4.0	0.0	2.0	4.0	2.0	0.0	4.0	0.0	0.0	4.0	8.0	0.0	4.0	0.0	10.0	2.0	8.0	2.0	2.0	10.0	0.0	4.0	2.0	4.0	0.0	0.0	2.0	4.0	2.0	4.0	4.0	0.0	4.0	0.0	8.0	2.0	0.0	6.0	0.0	4.0	0.0	0.0	4.0	0.0	8.0	2.0
11.09	1.96	2.0	2.0	0.0	2.0	0.0	2.0	4.0	0.0	6.0	4.0	0.0	6.0	2.0	2.0	0.0	0.0	0.0	0.0	2.0	4.0	6.0	2.0	0.0	0.0	4.0	0.0	4.0	0.0	0.0	0.0	4.0	2.0	4.0	0.0	2.0	8.0	0.0	0.0	2.0	0.0	8.0	4.0	0.0	2.0	2.0	4.0	0.0	0.0	2.0	0.0
11.12	2.08	0.0	8.0	0.0	4.0	0.0	8.0	2.0	2.0	2.0	0.0	4.0	0.0	4.0	2.0	0.0	2.0	0.0	4.0	0.0	0.0	2.0	0.0	0.0	4.0	2.0	0.0	4.0	0.0	0.0	6.0	4.0	0.0	0.0	4.0	4.0	2.0	6.0	2.0	2.0	2.0	0.0	6.0	0.0	4.0	4.0	0.0	0.0	4.0	0.0	0.0
11.15	2.16	2.0	2.0	2.0	2.0	0.0	0.0	0.0	0.0	6.0	4.0	2.0	0.0	0.0	8.0	6.0	8.0	0.0	8.0	0.0	2.0	0.0	0.0	6.0	0.0	0.0	0.0	0.0	0.0	0.0	4.0	2.0	0.0	0.0	0.0	0.0	0.0	0.0	0.0	4.0	0.0	8.0	6.0	4.0	10.0	0.0	2.0	4.0	0.0	0.0	6.0
11.18	2.32	4.0	2.0	0.0	0.0	0.0	4.0	0.0	0.0	4.0	6.0	0.0	2.0	0.0	2.0	0.0	0.0	2.0	8.0	2.0	2.0	2.0	4.0	0.0	4.0	6.0	2.0	0.0	6.0	0.0	0.0	2.0	4.0	10.0	6.0	6.0	2.0	0.0	0.0	2.0	6.0	0.0	0.0	4.0	4.0	2.0	2.0	0.0	2.0	2.0	0.0
11.21	2.48	2.0	0.0	0.0	0.0	0.0	2.0	0.0	4.0	0.0	4.0	10.0	2.0	2.0	0.0	2.0	0.0	4.0	8.0	0.0	2.0	4.0	0.0	4.0	0.0	8.0	2.0	2.0	4.0	0.0	0.0	4.0	0.0	4.0	0.0	2.0	0.0	6.0	8.0	2.0	4.0	0.0	4.0	4.0	0.0	4.0	2.0	4.0	4.0	0.0	6.0
11.24	2.16	0.0	2.0	8.0	0.0	8.0	2.0	4.0	2.0	0.0	8.0	0.0	0.0	2.0	4.0	0.0	2.0	4.0	0.0	0.0	2.0	0.0	2.0	0.0	0.0	2.0	4.0	2.0	2.0	2.0	0.0	0.0	0.0	0.0	2.0	0.0	2.0	0.0	0.0	4.0	0.0	6.0	6.0	2.0	2.0	4.0	0.0	4.0	0.0	6.0	8.0
11.27	2.08	0.0	0.0	4.0	2.0	0.0	2.0	0.0	2.0	2.0	2.0	4.0	2.0	4.0	0.0	2.0	0.0	0.0	4.0	8.0	0.0	0.0	0.0	2.0	14.0	0.0	0.0	8.0	4.0	0.0	2.0	0.0	6.0	2.0	2.0	4.0	2.0	0.0	0.0	4.0	0.0	0.0	2.0	2.0	0.0	2.0	10.0	0.0	0.0	0.0	0.0
11.3	2.24	0.0	0.0	2.0	2.0	0.0	0.0	2.0	0.0	2.0	0.0	8.0	4.0	2.0	0.0	6.0	4.0	6.0	6.0	0.0	4.0	2.0	2.0	4.0	2.0	2.0	2.0	2.0	6.0	0.0	0.0	0.0	0.0	4.0	4.0	4.0	2.0	0.0	6.0	0.0	0.0	0.0	6.0	2.0	0.0	0.0	0.0	8.0	0.0	2.0	4.0
11.33	2.04	4.0	2.0	8.0	4.0	2.0	6.0	4.0	0.0	0.0	8.0	4.0	0.0	2.0	0.0	2.0	8.0	0.0	8.0	0.0	0.0	0.0	2.0	2.0	0.0	4.0	4.0	6.0	0.0	0.0	0.0	4.0	4.0	4.0	2.0	0.0	0.0	0.0	0.0	0.0	2.0	0.0	0.0	0.0	0.0	0.0	0.0	0.0	2.0	0.0	4.0
11.36	2.96	6.0	2.0	6.0	2.0	2.0	2.0	0.0	0.0	0.0	0.0	0.0	4.0	10.0	0.0	6.0	0.0	4.0	4.0	2.0	4.0	0.0	2.0	6.0	6.0	6.0	0.0	12.0	10.0	0.0	4.0	0.0	0.0	0.0	2.0	4.0	0.0	2.0	0.0	0.0	0.0	4.0	4.0	4.0	10.0	6.0	2.0	0.0	6.0	0.0	4.0
11.39	2.56	0.0	6.0	0.0	2.0	4.0	0.0	6.0	0.0	0.0	0.0	8.0	2.0	2.0	0.0	2.0	10.0	0.0	4.0	0.0	4.0	10.0	4.0	0.0	2.0	0.0	0.0	4.0	2.0	0.0	2.0	2.0	4.0	2.0	0.0	10.0	0.0	2.0	6.0	0.0	8.0	0.0	6.0	2.0	0.0	0.0	0.0	4.0	0.0	0.0	8.0
11.42	2.88	4.0	2.0	4.0	10.0	2.0	2.0	2.0	4.0	0.0	4.0	4.0	0.0	2.0	6.0	2.0	8.0	2.0	4.0	2.0	4.0	2.0	2.0	2.0	4.0	6.0	0.0	0.0	0.0	4.0	4.0	2.0	2.0	4.0	2.0	10.0	2.0	2.0	0.0	0.0	4.0	8.0	2.0	4.0	0.0	4.0	4.0	0.0	2.0	0.0	0.0
11.45	2.76	2.0	0.0	4.0	2.0	8.0	4.0	0.0	2.0	2.0	4.0	4.0	0.0	4.0	4.0	2.0	2.0	2.0	2.0	4.0	10.0	4.0	4.0	4.0	2.0	2.0	16.0	8.0	0.0	0.0	2.0	0.0	2.0	4.0	2.0	0.0	0.0	0.0	0.0	0.0	0.0	2.0	2.0	2.0	2.0	2.0	4.0	6.0	6.0	0.0	0.0
11.48	1.84	0.0	0.0	2.0	0.0	0.0	0.0	2.0	0.0	0.0	0.0	0.0	2.0	0.0	6.0	2.0	8.0	0.0	4.0	4.0	0.0	10.0	4.0	0.0	2.0	0.0	0.0	6.0	0.0	4.0	0.0	2.0	2.0	2.0	2.0	2.0	6.0	0.0	2.0	2.0	0.0	2.0	2.0	0.0	0.0	0.0	2.0	0.0	2.0	0.0	8.0
11.51	2.88	0.0	0.0	4.0	2.0	10.0	0.0	2.0	4.0	8.0	0.0	2.0	6.0	8.0	4.0	0.0	2.0	4.0	2.0	10.0	2.0	2.0	0.0	0.0	4.0	0.0	6.0	6.0	4.0	4.0	2.0	0.0	0.0	8.0	6.0	8.0	0.0	0.0	0.0	0.0	0.0	4.0	4.0	8.0	2.0	2.0	0.0	0.0	0.0	4.0	0.0
11.54	2.8	0.0	6.0	2.0	2.0	2.0	10.0	2.0	8.0	4.0	2.0	4.0	6.0	0.0	4.0	0.0	0.0	4.0	0.0	0.0	0.0	2.0	4.0	0.0	0.0	2.0	0.0	2.0	4.0	0.0	2.0	4.0	4.0	2.0	0.0	10.0	0.0	8.0	2.0	0.0	0.0	2.0	2.0	4.0	4.0	6.0	4.0	4.0	2.0	10.0	0.0
11.57	3.12	18.0	0.0	2.0	2.0	0.0	0.0	8.0	0.0	4.0	2.0	2.0	4.0	4.0	4.0	8.0	0.0	10.0	0.0	6.0	2.0	0.0	0.0	0.0	6.0	4.0	10.0	6.0	6.0	4.0	2.0	0.0	4.0	0.0	0.0	2.0	0.0	0.0	4.0	2.0	4.0	0.0	4.0	4.0	0.0	2.0	0.0	10.0	2.0	2.0	2.0
11.6	3.08	4.0	0.0	4.0	0.0	10.0	2.0	0.0	0.0	6.0	6.0	0.0	0.0	0.0	6.0	0.0	0.0	2.0	2.0	6.0	0.0	4.0	0.0	0.0	10.0	0.0	8.0	10.0	0.0	6.0	12.0	6.0	8.0	0.0	4.0	4.0	2.0	0.0	2.0	2.0	0.0	2.0	2.0	2.0	2.0	0.0	4.0	0.0	6.0	6.0	4.0
11.63	2.76	4.0	0.0	2.0	2.0	0.0	2.0	2.0	2.0	2.0	10.0	2.0	0.0	0.0	8.0	2.0	6.0	0.0	16.0	4.0	4.0	4.0	0.0	0.0	0.0	0.0	4.0	4.0	4.0	2.0	0.0	6.0	4.0	8.0	2.0	0.0	4.0	6.0	6.0	0.0	0.0	2.0	0.0	6.0	2.0	2.0	2.0	0.0	0.0	0.0	2.0
11.66	3.48	8.0	6.0	4.0	6.0	0.0	0.0	2.0	2.0	0.0	4.0	0.0	2.0	2.0	0.0	2.0	0.0	4.0	16.0	8.0	0.0	0.0	8.0	2.0	4.0	0.0	6.0	4.0	4.0	4.0	14.0	4.0	12.0	4.0	0.0	4.0	0.0	2.0	2.0	2.0	4.0	2.0	6.0	0.0	0.0	0.0	4.0	4.0	10.0	2.0	0.0
11.69	3.4	4.0	10.0	0.0	4.0	2.0	2.0	0.0	4.0	4.0	0.0	0.0	10.0	4.0	4.0	2.0	10.0	0.0	12.0	4.0	0.0	0.0	4.0	2.0	0.0	2.0	0.0	2.0	0.0	0.0	8.0	2.0	2.0	8.0	2.0	0.0	2.0	6.0	2.0	0.0	8.0	10.0	4.0	10.0	4.0	4.0	0.0	0.0	2.0	6.0	4.0
11.72	4.08	8.0	0.0	4.0	4.0	4.0	0.0	2.0	0.0	2.0	0.0	6.0	6.0	4.0	2.0	2.0	6.0	2.0	42.0	0.0	4.0	0.0	2.0	6.0	2.0	0.0	6.0	2.0	2.0	8.0	0.0	6.0	4.0	4.0	10.0	0.0	2.0	12.0	0.0	12.0	0.0	0.0	4.0	4.0	2.0	2.0	4.0	4.0	6.0	0.0	2.0
11.75	4.04	0.0	8.0	0.0	2.0	4.0	10.0	6.0	2.0	2.0	0.0	0.0	2.0	2.0	8.0	6.0	4.0	2.0	14.0	0.0	0.0	12.0	0.0	0.0	0.0	4.0	12.0	0.0	2.0	8.0	8.0	0.0	2.0	6.0	4.0	4.0	10.0	4.0	4.0	6.0	2.0	0.0	4.0	6.0	4.0	4.0	6.0	4.0	2.0	4.0	8.0
11.78	3.0	2.0	4.0	0.0	4.0	4.0	4.0	10.0	8.0	0.0	6.0	0.0	2.0	6.0	2.0	2.0	4.0	4.0	0.0	4.0	2.0	0.0	2.0	2.0	2.0	0.0	0.0	8.0	2.0	2.0	0.0	0.0	4.0	4.0	0.0	8.0	10.0	6.0	0.0	4.0	4.0	2.0	6.0	0.0	6.0	4.0	0.0	0.0	2.0	2.0	2.0
11.81	3.12	0.0	0.0	2.0	0.0	2.0	4.0	4.0	10.0	0.0	6.0	8.0	2.0	2.0	8.0	6.0	0.0	0.0	4.0	2.0	4.0	0.0	4.0	8.0	4.0	6.0	6.0	2.0	2.0	6.0	4.0	6.0	6.0	0.0	0.0	2.0	2.0	4.0	0.0	2.0	0.0	6.0	4.0	8.0	2.0	0.0	4.0	0.0	0.0	4.0	0.0
11.84	3.2	0.0	10.0	4.0	2.0	6.0	0.0	0.0	2.0	0.0	0.0	0.0	10.0	4.0	2.0	6.0	0.0	4.0	6.0	2.0	2.0	0.0	2.0	8.0	4.0	4.0	0.0	6.0	8.0	6.0	10.0	0.0	2.0	4.0	4.0	0.0	4.0	0.0	0.0	6.0	8.0	8.0	4.0	0.0	0.0	0.0	0.0	4.0	2.0	0.0	6.0
11.87	3.4	0.0	4.0	6.0	0.0	4.0	4.0	2.0	0.0	2.0	6.0	8.0	4.0	0.0	4.0	0.0	0.0	0.0	4.0	6.0	6.0	0.0	20.0	12.0	6.0	12.0	0.0	6.0	4.0	0.0	0.0	10.0	0.0	2.0	0.0	0.0	0.0	4.0	2.0	10.0	2.0	4.0	4.0	0.0	0.0	0.0	0.0	0.0	0.0	8.0	4.0
11.9	4.48	0.0	4.0	0.0	20.0	10.0	2.0	6.0	0.0	4.0	4.0	6.0	6.0	0.0	0.0	4.0	8.0	0.0	2.0	6.0	2.0	0.0	8.0	0.0	4.0	8.0	4.0	2.0	2.0	18.0	6.0	6.0	6.0	4.0	4.0	4.0	4.0	0.0	4.0	4.0	4.0	4.0	4.0	10.0	8.0	4.0	4.0	8.0	6.0	0.0	0.0
11.93	4.08	12.0	0.0	2.0	8.0	0.0	2.0	12.0	2.0	0.0	14.0	16.0	2.0	6.0	0.0	0.0	2.0	8.0	2.0	0.0	0.0	0.0	2.0	8.0	0.0	2.0	6.0	6.0	2.0	2.0	2.0	6.0	4.0	10.0	2.0	10.0	2.0	6.0	2.0	0.0	0.0	0.0	0.0	14.0	4.0	0.0	2.0	6.0	4.0	10.0	4.0
11.96	3.6	0.0	0.0	4.0	2.0	4.0	6.0	6.0	0.0	2.0	2.0	10.0	0.0	2.0	6.0	10.0	2.0	8.0	6.0	2.0	6.0	0.0	2.0	0.0	2.0	6.0	4.0	2.0	0.0	0.0	4.0	6.0	4.0	4.0	6.0	4.0	6.0	0.0	0.0	2.0	4.0	14.0	0.0	2.0	0.0	4.0	6.0	8.0	0.0	8.0	4.0
11.99	3.28	0.0	4.0	2.0	2.0	4.0	2.0	2.0	6.0	2.0	2.0	0.0	14.0	4.0	4.0	0.0	12.0	2.0	0.0	2.0	2.0	12.0	0.0	0.0	6.0	0.0	6.0	4.0	0.0	2.0	2.0	0.0	6.0	6.0	0.0	6.0	4.0	10.0	6.0	0.0	0.0	0.0	0.0	2.0	8.0	2.0	4.0	2.0	0.0	4.0	6.0
12.02	3.68	0.0	0.0	4.0	6.0	2.0	4.0	0.0	2.0	4.0	6.0	0.0	6.0	0.0	2.0	2.0	4.0	0.0	2.0	4.0	10.0	2.0	2.0	4.0	8.0	0.0	16.0	0.0	6.0	6.0	4.0	14.0	0.0	4.0	0.0	6.0	4.0	2.0	0.0	0.0	4.0	2.0	4.0	0.0	2.0	6.0	2.0	0.0	4.0	18.0	6.0
12.05	4.2	4.0	0.0	10.0	4.0	4.0	6.0	2.0	2.0	4.0	4.0	6.0	6.0	6.0	0.0	6.0	10.0	10.0	6.0	2.0	4.0	0.0	0.0	6.0	4.0	2.0	10.0	2.0	4.0	14.0	2.0	2.0	0.0	2.0	12.0	0.0	2.0	6.0	2.0	8.0	2.0	0.0	4.0	2.0	0.0	6.0	4.0	2.0	6.0	10.0	0.0
12.08	4.48	2.0	2.0	8.0	2.0	0.0	4.0	4.0	2.0	4.0	2.0	4.0	6.0	0.0	2.0	8.0	10.0	4.0	0.0	0.0	12.0	4.0	10.0	4.0	6.0	8.0	6.0	6.0	0.0	0.0	0.0	10.0	8.0	0.0	2.0	4.0	12.0	4.0	4.0	8.0	2.0	4.0	12.0	14.0	8.0	4.0	0.0	0.0	0.0	2.0	6.0
12.11	5.0	2.0	4.0	2.0	4.0	4.0	2.0	4.0	2.0	12.0	12.0	4.0	4.0	4.0	0.0	8.0	8.0	4.0	10.0	4.0	8.0	2.0	2.0	6.0	6.0	0.0	16.0	4.0	0.0	6.0	4.0	4.0	4.0	14.0	10.0	12.0	4.0	6.0	6.0	2.0	2.0	6.0	2.0	10.0	4.0	4.0	4.0	2.0	2.0	0.0	4.0
12.14	4.72	8.0	2.0	4.0	2.0	6.0	6.0	4.0	4.0	6.0	0.0	6.0	4.0	0.0	2.0	16.0	2.0	14.0	8.0	6.0	0.0	6.0	4.0	4.0	4.0	8.0	4.0	0.0	0.0	2.0	10.0	6.0	10.0	6.0	6.0	2.0	4.0	4.0	0.0	14.0	0.0	12.0	0.0	4.0	10.0	6.0	2.0	8.0	0.0	0.0	0.0
12.17	4.0	4.0	0.0	4.0	6.0	0.0	10.0	4.0	12.0	4.0	4.0	4.0	2.0	6.0	6.0	2.0	0.0	2.0	12.0	0.0	4.0	6.0	2.0	2.0	14.0	0.0	4.0	8.0	0.0	2.0	4.0	6.0	6.0	0.0	0.0	6.0	4.0	4.0	8.0	2.0	4.0	2.0	0.0	6.0	2.0	2.0	10.0	0.0	2.0	6.0	2.0
12.2	3.8	0.0	6.0	4.0	4.0	0.0	2.0	0.0	8.0	0.0	0.0	2.0	0.0	0.0	4.0	14.0	2.0	6.0	12.0	4.0	8.0	4.0	2.0	0.0	0.0	4.0	2.0	2.0	4.0	2.0	6.0	2.0	8.0	12.0	6.0	4.0	0.0	6.0	2.0	4.0	2.0	0.0	0.0	8.0	0.0	8.0	4.0	6.0	4.0	4.0	8.0
12.23	4.52	8.0	2.0	6.0	0.0	2.0	6.0	0.0	20.0	4.0	2.0	0.0	6.0	2.0	8.0	6.0	0.0	0.0	12.0	4.0	0.0	2.0	4.0	12.0	0.0	4.0	0.0	16.0	12.0	4.0	6.0	4.0	2.0	12.0	4.0	0.0	6.0	4.0	2.0	0.0	2.0	6.0	8.0	2.0	8.0	4.0	0.0	0.0	6.0	0.0	8.0
12.26	3.36	8.0	2.0	10.0	6.0	2.0	6.0	2.0	8.0	0.0	0.0	0.0	4.0	2.0	6.0	2.0	4.0	8.0	12.0	0.0	8.0	0.0	2.0	0.0	6.0	6.0	0.0	0.0	6.0	6.0	0.0	0.0	4.0	2.0	4.0	2.0	0.0	2.0	2.0	6.0	2.0	4.0	0.0	0.0	2.0	4.0	2.0	6.0	0.0	6.0	4.0
12.29	5.4	0.0	4.0	12.0	4.0	2.0	4.0	4.0	4.0	2.0	0.0	14.0	0.0	6.0	10.0	4.0	4.0	6.0	4.0	6.0	18.0	4.0	6.0	12.0	4.0	2.0	6.0	0.0	18.0	2.0	0.0	0.0	6.0	8.0	12.0	8.0	10.0	4.0	10.0	2.0	0.0	6.0	14.0	0.0	4.0	2.0	12.0	2.0	4.0	0.0	4.0
12.32	4.64	6.0	0.0	8.0	2.0	2.0	0.0	8.0	2.0	4.0	4.0	6.0	10.0	2.0	12.0	12.0	0.0	10.0	12.0	2.0	8.0	14.0	2.0	6.0	2.0	4.0	4.0	10.0	4.0	2.0	6.0	0.0	8.0	0.0	6.0	0.0	2.0	0.0	0.0	4.0	6.0	6.0	2.0	2.0	2.0	0.0	2.0	0.0	8.0	10.0	10.0
12.35	4.48	10.0	6.0	2.0	6.0	4.0	14.0	10.0	0.0	4.0	4.0	14.0	4.0	2.0	2.0	4.0	2.0	2.0	4.0	6.0	0.0	6.0	14.0	2.0	6.0	2.0	6.0	2.0	2.0	4.0	0.0	4.0	6.0	4.0	0.0	4.0	2.0	14.0	10.0	2.0	2.0	6.0	4.0	2.0	0.0	2.0	6.0	0.0	0.0	8.0	4.0
12.38	4.32	8.0	4.0	16.0	0.0	4.0	2.0	2.0	2.0	8.0	2.0	6.0	2.0	0.0	6.0	0.0	4.0	2.0	2.0	2.0	2.0	4.0	0.0	0.0	10.0	4.0	0.0	0.0	8.0	0.0	10.0	4.0	10.0	0.0	6.0	2.0	6.0	0.0	2.0	0.0	12.0	4.0	2.0	0.0	4.0	4.0	28.0	4.0	4.0	4.0	10.0
12.41	5.2	6.0	16.0	2.0	0.0	2.0	14.0	12.0	4.0	8.0	4.0	6.0	8.0	4.0	8.0	6.0	6.0	10.0	4.0	2.0	4.0	14.0	8.0	10.0	4.0	0.0	4.0	6.0	2.0	0.0	8.0	0.0	8.0	0.0	0.0	6.0	0.0	0.0	6.0	0.0	0.0	2.0	8.0	0.0	0.0	4.0	6.0	2.0	10.0	0.0	26.0
12.44	4.92	8.0	4.0	0.0	12.0	0.0	4.0	4.0	4.0	6.0	0.0	8.0	0.0	2.0	2.0	4.0	0.0	6.0	6.0	0.0	6.0	8.0	4.0	0.0	4.0	4.0	2.0	10.0	4.0	10.0	4.0	0.0	2.0	4.0	0.0	6.0	0.0	8.0	10.0	10.0	6.0	6.0	4.0	8.0	0.0	16.0	6.0	10.0	6.0	2.0	16.0
12.47	5.08	6.0	6.0	0.0	4.0	0.0	0.0	2.0	6.0	6.0	4.0	0.0	8.0	10.0	8.0	6.0	16.0	0.0	2.0	2.0	6.0	0.0	6.0	2.0	6.0	2.0	2.0	0.0	2.0	6.0	12.0	8.0	10.0	8.0	4.0	12.0	10.0	10.0	6.0	4.0	2.0	6.0	2.0	4.0	4.0	14.0	4.0	0.0	6.0	0.0	10.0
12.5	4.44	10.0	10.0	0.0	12.0	2.0	0.0	0.0	0.0	6.0	8.0	0.0	4.0	0.0	0.0	10.0	12.0	0.0	6.0	4.0	0.0	4.0	10.0	2.0	2.0	0.0	6.0	2.0	0.0	2.0	4.0	4.0	10.0	4.0	4.0	16.0	4.0	8.0	8.0	4.0	2.0	0.0	8.0	6.0	4.0	6.0	4.0	4.0	0.0	6.0	4.0
12.53	5.24	0.0	10.0	2.0	8.0	16.0	4.0	6.0	10.0	12.0	0.0	6.0	4.0	6.0	4.0	4.0	0.0	10.0	6.0	4.0	4.0	0.0	4.0	0.0	12.0	2.0	20.0	10.0	0.0	2.0	4.0	2.0	0.0	10.0	14.0	2.0	8.0	0.0	12.0	2.0	2.0	0.0	6.0	2.0	2.0	0.0	8.0	2.0	12.0	2.0	6.0
12.56	5.4	0.0	4.0	0.0	2.0	6.0	10.0	4.0	6.0	6.0	14.0	6.0	4.0	8.0	12.0	2.0	4.0	6.0	4.0	8.0	4.0	4.0	4.0	0.0	2.0	12.0	10.0	2.0	18.0	12.0	0.0	8.0	2.0	4.0	0.0	12.0	8.0	4.0	10.0	0.0	0.0	0.0	2.0	4.0	4.0	8.0	10.0	4.0	8.0	4.0	4.0
12.59	4.96	10.0	10.0	4.0	6.0	2.0	2.0	2.0	2.0	8.0	2.0	6.0	2.0	12.0	10.0	8.0	6.0	8.0	2.0	0.0	10.0	12.0	4.0	4.0	10.0	6.0	4.0	0.0	4.0	2.0	4.0	6.0	2.0	8.0	6.0	4.0	2.0	6.0	2.0	4.0	6.0	4.0	0.0	8.0	4.0	0.0	2.0	10.0	2.0	2.0	8.0
12.62	5.88	0.0	10.0	4.0	4.0	0.0	6.0	10.0	10.0	0.0	8.0	6.0	2.0	8.0	10.0	8.0	6.0	6.0	0.0	14.0	8.0	12.0	6.0	4.0	6.0	0.0	6.0	2.0	6.0	4.0	8.0	6.0	10.0	12.0	4.0	2.0	4.0	8.0	4.0	12.0	4.0	6.0	0.0	4.0	6.0	2.0	6.0	14.0	0.0	0.0	16.0
12.65	6.0	4.0	12.0	6.0	2.0	6.0	4.0	6.0	8.0	8.0	14.0	10.0	2.0	4.0	0.0	2.0	0.0	6.0	4.0	12.0	6.0	2.0	8.0	8.0	0.0	12.0	6.0	10.0	14.0	10.0	12.0	8.0	0.0	6.0	6.0	0.0	4.0	4.0	10.0	14.0	10.0	8.0	0.0	4.0	4.0	2.0	8.0	6.0	8.0	0.0	0.0
12.68	6.04	10.0	14.0	8.0	4.0	14.0	4.0	0.0	12.0	2.0	8.0	6.0	12.0	6.0	2.0	8.0	6.0	6.0	16.0	8.0	6.0	4.0	0.0	6.0	6.0	6.0	4.0	2.0	6.0	4.0	6.0	10.0	2.0	2.0	0.0	0.0	8.0	8.0	8.0	8.0	8.0	4.0	2.0	2.0	4.0	6.0	6.0	6.0	4.0	8.0	10.0
12.71	6.72	2.0	4.0	4.0	6.0	2.0	12.0	2.0	6.0	6.0	8.0	10.0	0.0	6.0	8.0	4.0	4.0	12.0	6.0	2.0	18.0	6.0	2.0	2.0	8.0	4.0	8.0	4.0	2.0	6.0	6.0	6.0	10.0	14.0	2.0	12.0	8.0	6.0	4.0	12.0	12.0	6.0	4.0	2.0	6.0	8.0	10.0	2.0	16.0	14.0	12.0
12.74	8.4	2.0	14.0	16.0	14.0	2.0	10.0	4.0	14.0	6.0	12.0	14.0	14.0	14.0	4.0	2.0	6.0	4.0	10.0	4.0	8.0	6.0	4.0	6.0	16.0	8.0	8.0	8.0	6.0	2.0	8.0	0.0	4.0	4.0	6.0	2.0	18.0	2.0	4.0	12.0	14.0	18.0	18.0	6.0	12.0	6.0	14.0	16.0	6.0	10.0	2.0
12.77	9.0	16.0	8.0	0.0	4.0	2.0	0.0	8.0	4.0	2.0	16.0	22.0	2.0	8.0	6.0	12.0	4.0	10.0	46.0	12.0	8.0	0.0	14.0	20.0	6.0	6.0	32.0	0.0	8.0	6.0	2.0	14.0	14.0	16.0	4.0	6.0	10.0	4.0	2.0	10.0	0.0	14.0	4.0	18.0	4.0	4.0	6.0	2.0	14.0	12.0	8.0
12.8	9.72	12.0	2.0	8.0	14.0	10.0	10.0	10.0	4.0	20.0	34.0	4.0	8.0	2.0	8.0	4.0	4.0	10.0	36.0	0.0	12.0	10.0	8.0	8.0	8.0	8.0	34.0	8.0	16.0	6.0	4.0	10.0	4.0	2.0	6.0	10.0	2.0	20.0	14.0	6.0	2.0	18.0	4.0	4.0	12.0	4.0	10.0	8.0	12.0	10.0	6.0
12.83	9.32	10.0	8.0	10.0	6.0	10.0	8.0	2.0	6.0	4.0	6.0	6.0	10.0	6.0	6.0	8.0	8.0	12.0	28.0	14.0	16.0	6.0	14.0	6.0	4.0	4.0	6.0	8.0	8.0	12.0	12.0	10.0	6.0	30.0	8.0	18.0	8.0	4.0	32.0	6.0	8.0	8.0	8.0	8.0	4.0	0.0	8.0	14.0	2.0	6.0	14.0
12.86	9.24	2.0	12.0	12.0	18.0	10.0	12.0	20.0	20.0	6.0	20.0	4.0	6.0	14.0	4.0	6.0	4.0	2.0	16.0	14.0	4.0	6.0	8.0	14.0	2.0	2.0	20.0	6.0	12.0	4.0	4.0	8.0	2.0	0.0	6.0	22.0	4.0	6.0	22.0	10.0	12.0	10.0	0.0	8.0	12.0	2.0	10.0	8.0	18.0	12.0	6.0
12.89	8.68	8.0	12.0	12.0	10.0	4.0	4.0	2.0	16.0	10.0	4.0	8.0	2.0	2.0	16.0	10.0	8.0	2.0	16.0	10.0	8.0	12.0	6.0	6.0	14.0	16.0	2.0	0.0	10.0	4.0	10.0	0.0	10.0	10.0	12.0	8.0	10.0	12.0	22.0	14.0	20.0	4.0	12.0	4.0	12.0	6.0	6.0	8.0	8.0	8.0	4.0
12.92	8.96	2.0	6.0	6.0	16.0	8.0	6.0	14.0	10.0	14.0	26.0	8.0	0.0	16.0	14.0	22.0	0.0	4.0	14.0	0.0	6.0	10.0	6.0	10.0	22.0	10.0	16.0	8.0	4.0	10.0	18.0	12.0	12.0	10.0	0.0	2.0	4.0	10.0	10.0	8.0	6.0	8.0	8.0	8.0	4.0	6.0	8.0	10.0	6.0	6.0	4.0
12.95	8.6	14.0	12.0	18.0	0.0	8.0	6.0	8.0	2.0	10.0	2.0	16.0	8.0	8.0	8.0	10.0	6.0	8.0	10.0	10.0	12.0	4.0	14.0	6.0	6.0	6.0	14.0	16.0	8.0	16.0	2.0	8.0	14.0	4.0	2.0	16.0	6.0	8.0	24.0	8.0	14.0	8.0	14.0	8.0	6.0	4.0	0.0	10.0	2.0	4.0	2.0
12.98	10.0	16.0	24.0	12.0	6.0	2.0	12.0	18.0	24.0	8.0	14.0	8.0	6.0	6.0	10.0	6.0	10.0	8.0	6.0	0.0	6.0	10.0	14.0	6.0	12.0	8.0	6.0	10.0	8.0	16.0	8.0	14.0	14.0	10.0	4.0	8.0	20.0	6.0	10.0	12.0	0.0	14.0	6.0	6.0	14.0	18.0	14.0	0.0	4.0	14.0	12.0
13.01	10.96	4.0	6.0	8.0	4.0	10.0	28.0	2.0	14.0	20.0	12.0	6.0	10.0	14.0	12.0	12.0	30.0	12.0	18.0	8.0	8.0	8.0	8.0	4.0	10.0	26.0	20.0	20.0	12.0	8.0	6.0	8.0	22.0	8.0	14.0	10.0	8.0	8.0	2.0	12.0	18.0	4.0	4.0	12.0	4.0	12.0	6.0	8.0	10.0	0.0	18.0
13.04	13.32	14.0	14.0	10.0	6.0	16.0	10.0	14.0	2.0	12.0	26.0	18.0	22.0	14.0	30.0	8.0	8.0	16.0	10.0	14.0	12.0	10.0	20.0	4.0	10.0	12.0	16.0	20.0	16.0	8.0	10.0	8.0	20.0	20.0	8.0	12.0	32.0	16.0	18.0	14.0	14.0	6.0	14.0	12.0	16.0	6.0	16.0	8.0	2.0	8.0	14.0
13.07	14.84	16.0	16.0	16.0	20.0	22.0	16.0	10.0	18.0	6.0	24.0	22.0	18.0	16.0	10.0	4.0	4.0	10.0	22.0	20.0	6.0	16.0	12.0	26.0	26.0	8.0	16.0	6.0	0.0	8.0	18.0	16.0	20.0	14.0	8.0	28.0	42.0	2.0	20.0	14.0	12.0	2.0	16.0	10.0	12.0	22.0	18.0	16.0	14.0	6.0	18.0
13.1	14.16	12.0	14.0	16.0	20.0	12.0	18.0	10.0	8.0	12.0	6.0	16.0	48.0	20.0	26.0	10.0	18.0	12.0	10.0	4.0	16.0	12.0	12.0	12.0	16.0	0.0	6.0	12.0	10.0	6.0	20.0	10.0	32.0	12.0	14.0	18.0	34.0	14.0	6.0	2.0	30.0	8.0	20.0	24.0	8.0	22.0	2.0	14.0	18.0	4.0	2.0
13.13	18.52	12.0	20.0	16.0	20.0	24.0	14.0	10.0	8.0	18.0	14.0	10.0	4.0	10.0	22.0	16.0	18.0	18.0	16.0	16.0	6.0	20.0	10.0	8.0	22.0	16.0	22.0	16.0	20.0	4.0	10.0	14.0	26.0	22.0	10.0	10.0	204.0	16.0	18.0	10.0	22.0	10.0	16.0	6.0	18.0	12.0	18.0	6.0	24.0	10.0	14.0
13.16	20.56	14.0	20.0	24.0	16.0	8.0	20.0	20.0	20.0	0.0	12.0	14.0	20.0	12.0	6.0	10.0	20.0	12.0	24.0	12.0	10.0	10.0	12.0	20.0	30.0	24.0	130.0	12.0	16.0	26.0	8.0	8.0	28.0	24.0	18.0	16.0	110.0	14.0	32.0	10.0	30.0	26.0	8.0	10.0	10.0	6.0	14.0	20.0	20.0	18.0	24.0
13.19	17.6	14.0	12.0	4.0	18.0	22.0	14.0	12.0	16.0	4.0	2.0	12.0	12.0	16.0	14.0	18.0	10.0	14.0	18.0	10.0	28.0	4.0	8.0	14.0	12.0	8.0	68.0	14.0	10.0	20.0	20.0	22.0	26.0	18.0	14.0	6.0	114.0	6.0	24.0	10.0	20.0	12.0	20.0	28.0	24.0	14.0	8.0	18.0	22.0	22.0	4.0
13.22	18.24	16.0	6.0	10.0	14.0	22.0	20.0	6.0	14.0	24.0	22.0	20.0	8.0	10.0	22.0	26.0	6.0	20.0	14.0	16.0	4.0	10.0	14.0	4.0	40.0	6.0	112.0	16.0	12.0	26.0	14.0	16.0	12.0	18.0	26.0	12.0	32.0	12.0	12.0	12.0	22.0	14.0	26.0	20.0	12.0	20.0	16.0	20.0	10.0	32.0	14.0
13.25	22.32	28.0	14.0	12.0	32.0	22.0	10.0	18.0	18.0	12.0	24.0	18.0	24.0	8.0	24.0	16.0	20.0	16.0	24.0	10.0	8.0	20.0	12.0	12.0	12.0	12.0	42.0	22.0	14.0	20.0	10.0	16.0	14.0	12.0	14.0	12.0	224.0	28.0	16.0	24.0	28.0	32.0	18.0	8.0	18.0	22.0	16.0	18.0	18.0	30.0	14.0
13.28	20.2	32.0	8.0	22.0	20.0	22.0	12.0	26.0	18.0	26.0	24.0	12.0	6.0	14.0	10.0	16.0	28.0	12.0	12.0	18.0	4.0	18.0	24.0	8.0	36.0	6.0	32.0	4.0	8.0	22.0	18.0	22.0	12.0	26.0	10.0	16.0	150.0	18.0	12.0	16.0	30.0	18.0	10.0	26.0	6.0	16.0	30.0	20.0	28.0	8.0	18.0
13.31	18.32	28.0	22.0	8.0	18.0	8.0	10.0	12.0	18.0	14.0	30.0	32.0	12.0	34.0	8.0	8.0	24.0	18.0	20.0	10.0	14.0	26.0	18.0	8.0	18.0	10.0	14.0	16.0	18.0	28.0	34.0	26.0	30.0	10.0	10.0	4.0	46.0	20.0	18.0	12.0	36.0	8.0	24.0	14.0	10.0	12.0	30.0	18.0	16.0	16.0	18.0
13.34	21.44	14.0	14.0	22.0	34.0	26.0	22.0	18.0	14.0	18.0	12.0	26.0	38.0	40.0	12.0	12.0	18.0	12.0	16.0	8.0	12.0	18.0	28.0	24.0	24.0	20.0	14.0	6.0	12.0	20.0	20.0	22.0	24.0	22.0	22.0	20.0	132.0	12.0	20.0	16.0	46.0	26.0	16.0	20.0	10.0	18.0	6.0	16.0	16.0	20.0	14.0
13.37	20.16	12.0	26.0	28.0	26.0	22.0	18.0	10.0	22.0	18.0	34.0	28.0	34.0	28.0	18.0	30.0	18.0	12.0	20.0	8.0	22.0	16.0	22.0	8.0	28.0	14.0	14.0	32.0	22.0	24.0	20.0	20.0	32.0	10.0	12.0	20.0	28.0	10.0	20.0	22.0	6.0	10.0	28.0	8.0	20.0	18.0	14.0	36.0	26.0	8.0	26.0
13.4	20.56	20.0	20.0	12.0	20.0	22.0	20.0	26.0	26.0	34.0	16.0	24.0	16.0	26.0	20.0	16.0	8.0	12.0	30.0	10.0	10.0	34.0	14.0	18.0	24.0	16.0	24.0	10.0	8.0	36.0	14.0	20.0	40.0	12.0	28.0	18.0	50.0	32.0	28.0	12.0	20.0	20.0	18.0	20.0	18.0	16.0	18.0	30.0	16.0	10.0	16.0
13.43	19.88	20.0	16.0	16.0	24.0	14.0	12.0	10.0	28.0	14.0	22.0	18.0	18.0	20.0	14.0	22.0	16.0	22.0	6.0	8.0	12.0	28.0	14.0	28.0	10.0	22.0	22.0	10.0	26.0	26.0	32.0	22.0	60.0	12.0	6.0	24.0	30.0	20.0	12.0	24.0	8.0	18.0	24.0	34.0	26.0	20.0	22.0	28.0	14.0	10.0	30.0
13.46	21.52	36.0	24.0	18.0	22.0	30.0	22.0	26.0	16.0	20.0	30.0	16.0	14.0	28.0	10.0	22.0	32.0	26.0	12.0	26.0	22.0	22.0	28.0	6.0	16.0	30.0	18.0	8.0	20.0	10.0	22.0	22.0	32.0	36.0	34.0	10.0	30.0	20.0	24.0	14.0	10.0	30.0	22.0	20.0	20.0	8.0	26.0	30.0	20.0	16.0	20.0
13.49	21.88	30.0	20.0	36.0	20.0	26.0	32.0	28.0	38.0	20.0	22.0	24.0	10.0	18.0	28.0	10.0	18.0	20.0	18.0	34.0	10.0	42.0	22.0	14.0	46.0	22.0	20.0	14.0	30.0	12.0	24.0	26.0	22.0	24.0	12.0	32.0	14.0	12.0	22.0	10.0	24.0	4.0	18.0	30.0	14.0	12.0	14.0	30.0	20.0	24.0	22.0
13.52	23.52	40.0	16.0	30.0	14.0	14.0	20.0	10.0	14.0	20.0	24.0	26.0	40.0	14.0	42.0	22.0	28.0	30.0	36.0	38.0	32.0	24.0	44.0	10.0	26.0	20.0	8.0	24.0	28.0	14.0	20.0	22.0	50.0	22.0	8.0	34.0	14.0	20.0	18.0	20.0	20.0	18.0	16.0	14.0	26.0	24.0	14.0	28.0	16.0	34.0	30.0
13.55	22.92	32.0	24.0	28.0	24.0	38.0	6.0	26.0	24.0	24.0	26.0	22.0	18.0	22.0	24.0	16.0	34.0	90.0	12.0	30.0	18.0	20.0	20.0	4.0	24.0	22.0	20.0	26.0	20.0	16.0	10.0	12.0	10.0	36.0	14.0	28.0	16.0	14.0	34.0	20.0	24.0	28.0	16.0	22.0	22.0	22.0	18.0	24.0	16.0	16.0	34.0
13.58	24.36	18.0	20.0	16.0	18.0	44.0	40.0	42.0	42.0	4.0	22.0	12.0	40.0	12.0	24.0	34.0	24.0	32.0	20.0	36.0	30.0	16.0	22.0	20.0	18.0	18.0	14.0	30.0	24.0	26.0	30.0	28.0	10.0	20.0	14.0	22.0	24.0	14.0	28.0	24.0	22.0	28.0	24.0	28.0	16.0	30.0	36.0	38.0	18.0	20.0	26.0
13.61	25.16	22.0	28.0	26.0	24.0	24.0	14.0	26.0	42.0	30.0	22.0	18.0	22.0	30.0	22.0	26.0	12.0	26.0	26.0	14.0	22.0	22.0	30.0	20.0	18.0	14.0	34.0	34.0	34.0	26.0	22.0	20.0	54.0	20.0	52.0	24.0	20.0	14.0	16.0	18.0	26.0	42.0	26.0	24.0	30.0	42.0	16.0	18.0	14.0	34.0	18.0
13.64	26.8	40.0	26.0	18.0	26.0	18.0	40.0	40.0	56.0	24.0	12.0	26.0	40.0	22.0	28.0	22.0	24.0	14.0	38.0	32.0	26.0	26.0	20.0	30.0	26.0	26.0	30.0	26.0	24.0	16.0	14.0	18.0	24.0	16.0	30.0	22.0	12.0	28.0	32.0	14.0	32.0	30.0	36.0	24.0	32.0	44.0	26.0	38.0	26.0	26.0	20.0
13.67	28.8	24.0	28.0	32.0	40.0	36.0	30.0	46.0	40.0	36.0	4.0	18.0	30.0	34.0	24.0	36.0	20.0	16.0	30.0	20.0	36.0	16.0	28.0	24.0	30.0	20.0	14.0	30.0	28.0	16.0	26.0	38.0	24.0	18.0	28.0	20.0	22.0	14.0	22.0	32.0	14.0	26.0	20.0	32.0	28.0	36.0	26.0	44.0	34.0	18.0	132.0
13.7	28.24	32.0	32.0	18.0	34.0	20.0	22.0	14.0	28.0	34.0	28.0	36.0	38.0	42.0	38.0	20.0	22.0	22.0	22.0	28.0	8.0	20.0	16.0	16.0	18.0	46.0	26.0	38.0	28.0	26.0	36.0	12.0	48.0	30.0	10.0	32.0	28.0	18.0	38.0	16.0	38.0	14.0	40.0	44.0	28.0	18.0	46.0	42.0	16.0	44.0	42.0
13.73	27.28	16.0	22.0	34.0	12.0	32.0	32.0	16.0	28.0	40.0	50.0	16.0	14.0	30.0	22.0	22.0	42.0	24.0	34.0	30.0	30.0	14.0	42.0	30.0	38.0	20.0	20.0	14.0	14.0	24.0	28.0	22.0	10.0	34.0	20.0	28.0	56.0	38.0	22.0	20.0	32.0	34.0	28.0	18.0	30.0	42.0	26.0	46.0	10.0	34.0	24.0
13.76	30.76	34.0	22.0	18.0	40.0	40.0	54.0	28.0	30.0	18.0	42.0	46.0	32.0	60.0	22.0	16.0	10.0	28.0	34.0	44.0	22.0	30.0	42.0	32.0	26.0	10.0	16.0	24.0	24.0	30.0	30.0	14.0	18.0	20.0	14.0	26.0	48.0	12.0	22.0	44.0	36.0	22.0	36.0	24.0	20.0	38.0	14.0	78.0	46.0	52.0	50.0
13.79	32.24	40.0	18.0	36.0	38.0	36.0	58.0	36.0	30.0	28.0	36.0	46.0	32.0	34.0	16.0	30.0	20.0	44.0	28.0	52.0	36.0	34.0	28.0	28.0	34.0	20.0	24.0	22.0	22.0	46.0	28.0	32.0	42.0	14.0	20.0	30.0	38.0	28.0	28.0	38.0	50.0	22.0	32.0	24.0	34.0	24.0	34.0	44.0	20.0	30.0	48.0
13.82	30.4	48.0	50.0	34.0	22.0	16.0	24.0	10.0	22.0	34.0	34.0	34.0	32.0	40.0	18.0	52.0	28.0	34.0	30.0	32.0	20.0	70.0	38.0	12.0	28.0	24.0	18.0	28.0	36.0	46.0	34.0	20.0	34.0	26.0	40.0	34.0	32.0	20.0	14.0	14.0	32.0	42.0	36.0	32.0	40.0	40.0	22.0	36.0	18.0	20.0	20.0
13.85	32.36	42.0	32.0	24.0	48.0	34.0	34.0	24.0	40.0	18.0	40.0	48.0	20.0	50.0	14.0	40.0	26.0	56.0	22.0	32.0	32.0	28.0	78.0	24.0	46.0	30.0	24.0	32.0	22.0	44.0	24.0	12.0	40.0	40.0	26.0	6.0	40.0	28.0	20.0	30.0	36.0	38.0	44.0	34.0	34.0	18.0	28.0	20.0	36.0	28.0	32.0
13.88	33.0	20.0	28.0	38.0	20.0	38.0	38.0	22.0	24.0	20.0	56.0	24.0	24.0	40.0	30.0	44.0	22.0	40.0	30.0	26.0	38.0	30.0	32.0	34.0	24.0	22.0	38.0	20.0	24.0	38.0	22.0	44.0	38.0	26.0	44.0	42.0	32.0	114.0	42.0	34.0	20.0	26.0	30.0	30.0	34.0	24.0	26.0	26.0	26.0	52.0	34.0
13.91	31.72	36.0	18.0	34.0	24.0	18.0	32.0	42.0	52.0	26.0	60.0	8.0	26.0	30.0	30.0	40.0	28.0	42.0	28.0	30.0	34.0	34.0	8.0	36.0	26.0	38.0	36.0	18.0	36.0	40.0	26.0	34.0	40.0	26.0	28.0	34.0	30.0	64.0	20.0	22.0	58.0	30.0	12.0	54.0	38.0	34.0	26.0	34.0	32.0	18.0	16.0
13.94	33.2	18.0	38.0	42.0	38.0	32.0	24.0	40.0	32.0	32.0	38.0	36.0	36.0	58.0	30.0	44.0	38.0	20.0	36.0	32.0	22.0	24.0	42.0	26.0	28.0	38.0	26.0	36.0	36.0	34.0	34.0	32.0	32.0	22.0	34.0	36.0	30.0	10.0	44.0	44.0	28.0	34.0	24.0	40.0	24.0	46.0	20.0	54.0	28.0	32.0	36.0
13.97	35.36	34.0	40.0	40.0	38.0	36.0	40.0	34.0	30.0	36.0	28.0	36.0	30.0	32.0	36.0	56.0	38.0	40.0	20.0	36.0	36.0	18.0	60.0	38.0	26.0	24.0	32.0	26.0	36.0	16.0	38.0	28.0	52.0	38.0	36.0	40.0	24.0	36.0	28.0	18.0	22.0	96.0	46.0	78.0	20.0	30.0	24.0	34.0	30.0	20.0	38.0
14.0	39.56	34.0	46.0	32.0	30.0	24.0	46.0	52.0	36.0	46.0	42.0	60.0	30.0	46.0	44.0	44.0	32.0	44.0	28.0	24.0	32.0	38.0	50.0	38.0	40.0	42.0	40.0	44.0	48.0	20.0	18.0	34.0	48.0	42.0	40.0	32.0	40.0	40.0	46.0	18.0	16.0	188.0	30.0	32.0	40.0	22.0	26.0	32.0	44.0	28.0	30.0
14.03	42.16	44.0	28.0	52.0	34.0	42.0	36.0	62.0	48.0	38.0	54.0	54.0	60.0	34.0	50.0	36.0	36.0	26.0	40.0	28.0	48.0	34.0	218.0	28.0	32.0	22.0	36.0	22.0	44.0	16.0	34.0	64.0	42.0	48.0	50.0	50.0	20.0	42.0	32.0	28.0	38.0	34.0	20.0	60.0	60.0	20.0	26.0	38.0	34.0	36.0	30.0
14.06	40.88	56.0	26.0	40.0	46.0	54.0	44.0	38.0	30.0	40.0	28.0	28.0	28.0	48.0	36.0	52.0	34.0	52.0	38.0	34.0	36.0	48.0	74.0	32.0	30.0	20.0	36.0	14.0	22.0	40.0	52.0	40.0	50.0	48.0	48.0	16.0	36.0	32.0	34.0	24.0	48.0	120.0	56.0	44.0	42.0	46.0	38.0	54.0	34.0	42.0	36.0
14.09	56.48	38.0	48.0	30.0	64.0	40.0	46.0	32.0	38.0	48.0	44.0	46.0	66.0	30.0	38.0	32.0	60.0	40.0	22.0	58.0	50.0	58.0	552.0	22.0	38.0	64.0	38.0	40.0	52.0	40.0	36.0	34.0	52.0	26.0	22.0	46.0	32.0	36.0	50.0	52.0	56.0	240.0	24.0	44.0	34.0	44.0	46.0	56.0	42.0	36.0	42.0
14.12	42.84	66.0	24.0	40.0	46.0	46.0	48.0	36.0	28.0	48.0	46.0	48.0	36.0	42.0	32.0	62.0	26.0	26.0	34.0	34.0	28.0	30.0	146.0	58.0	54.0	46.0	44.0	44.0	24.0	30.0	22.0	40.0	42.0	32.0	38.0	30.0	20.0	38.0	32.0	42.0	10.0	158.0	60.0	52.0	34.0	42.0	38.0	38.0	38.0	40.0	24.0
14.15	41.08	66.0	26.0	54.0	40.0	30.0	38.0	36.0	30.0	42.0	32.0	42.0	50.0	50.0	26.0	50.0	52.0	24.0	40.0	44.0	36.0	56.0	44.0	36.0	40.0	44.0	28.0	38.0	46.0	40.0	28.0	62.0	24.0	32.0	20.0	36.0	24.0	28.0	30.0	50.0	32.0	154.0	38.0	36.0	42.0	34.0	44.0	54.0	34.0	22.0	50.0
14.18	45.16	28.0	58.0	40.0	34.0	58.0	32.0	34.0	38.0	42.0	44.0	42.0	40.0	50.0	62.0	40.0	42.0	22.0	38.0	40.0	32.0	92.0	56.0	42.0	44.0	52.0	46.0	36.0	24.0	40.0	28.0	38.0	36.0	34.0	52.0	46.0	62.0	38.0	56.0	38.0	48.0	138.0	46.0	50.0	40.0	32.0	34.0	64.0	54.0	48.0	28.0
14.21	41.72	22.0	30.0	46.0	32.0	34.0	52.0	30.0	42.0	26.0	52.0	40.0	38.0	56.0	78.0	52.0	40.0	12.0	44.0	40.0	32.0	36.0	50.0	36.0	46.0	24.0	42.0	32.0	52.0	44.0	28.0	54.0	56.0	50.0	34.0	32.0	36.0	28.0	38.0	36.0	28.0	106.0	44.0	52.0	60.0	28.0	54.0	48.0	22.0	46.0	46.0
14.24	43.36	32.0	46.0	32.0	58.0	20.0	52.0	22.0	34.0	36.0	32.0	22.0	44.0	50.0	54.0	52.0	58.0	30.0	60.0	42.0	46.0	54.0	44.0	58.0	28.0	50.0	52.0	50.0	48.0	28.0	28.0	42.0	42.0	36.0	50.0	38.0	20.0	52.0	58.0	44.0	66.0	82.0	28.0	44.0	40.0	16.0	38.0	56.0	40.0	64.0	50.0
14.27	46.88	24.0	40.0	34.0	40.0	42.0	38.0	44.0	30.0	64.0	36.0	48.0	38.0	28.0	38.0	40.0	54.0	48.0	114.0	54.0	50.0	30.0	48.0	46.0	68.0	58.0	28.0	28.0	58.0	58.0	66.0	46.0	40.0	22.0	42.0	42.0	36.0	52.0	54.0	34.0	50.0	88.0	54.0	38.0	40.0	58.0	58.0	42.0	32.0	54.0	70.0
14.3	47.28	68.0	32.0	28.0	50.0	64.0	52.0	54.0	20.0	40.0	42.0	46.0	52.0	24.0	42.0	40.0	76.0	48.0	52.0	62.0	44.0	48.0	44.0	48.0	64.0	54.0	52.0	34.0	60.0	52.0	18.0	42.0	36.0	52.0	32.0	60.0	64.0	54.0	26.0	62.0	60.0	72.0	42.0	50.0	28.0	48.0	56.0	44.0	44.0	44.0	38.0
14.33	50.24	34.0	64.0	74.0	42.0	36.0	30.0	26.0	80.0	36.0	48.0	30.0	96.0	50.0	38.0	52.0	40.0	44.0	32.0	60.0	58.0	38.0	58.0	50.0	46.0	50.0	56.0	50.0	58.0	32.0	40.0	38.0	86.0	40.0	82.0	40.0	50.0	56.0	36.0	48.0	82.0	72.0	36.0	40.0	50.0	80.0	40.0	48.0	36.0	38.0	66.0
14.36	54.2	48.0	58.0	60.0	42.0	50.0	50.0	48.0	68.0	24.0	58.0	70.0	52.0	48.0	56.0	52.0	56.0	46.0	68.0	52.0	32.0	50.0	72.0	58.0	54.0	42.0	52.0	44.0	28.0	76.0	44.0	46.0	58.0	34.0	52.0	22.0	58.0	42.0	42.0	68.0	40.0	68.0	40.0	36.0	214.0	54.0	50.0	78.0	62.0	42.0	46.0
14.39	48.16	52.0	34.0	60.0	38.0	74.0	54.0	36.0	48.0	30.0	34.0	30.0	40.0	60.0	80.0	48.0	40.0	30.0	36.0	26.0	48.0	66.0	44.0	46.0	74.0	36.0	38.0	54.0	58.0	72.0	56.0	40.0	48.0	40.0	44.0	50.0	50.0	44.0	34.0	40.0	42.0	34.0	40.0	68.0	72.0	78.0	24.0	32.0	64.0	70.0	52.0
14.42	49.16	20.0	44.0	48.0	52.0	58.0	32.0	42.0	48.0	44.0	46.0	78.0	68.0	66.0	60.0	54.0	38.0	30.0	34.0	50.0	70.0	32.0	60.0	42.0	80.0	44.0	58.0	38.0	50.0	38.0	48.0	56.0	50.0	42.0	44.0	46.0	36.0	42.0	50.0	64.0	44.0	72.0	46.0	52.0	66.0	34.0	34.0	72.0	48.0	46.0	42.0
14.45	50.56	44.0	72.0	70.0	46.0	66.0	66.0	34.0	34.0	66.0	70.0	48.0	94.0	48.0	64.0	34.0	26.0	64.0	42.0	58.0	38.0	32.0	60.0	36.0	42.0	32.0	54.0	58.0	50.0	58.0	32.0	34.0	54.0	62.0	42.0	38.0	38.0	56.0	62.0	60.0	50.0	60.0	44.0	40.0	44.0	60.0	48.0	46.0	56.0	62.0	34.0
14.48	51.2	62.0	34.0	66.0	44.0	48.0	46.0	52.0	82.0	40.0	82.0	48.0	66.0	56.0	38.0	76.0	50.0	26.0	66.0	54.0	80.0	42.0	44.0	50.0	42.0	50.0	54.0	36.0	62.0	42.0	36.0	54.0	38.0	40.0	34.0	84.0	46.0	42.0	54.0	50.0	76.0	52.0	56.0	70.0	62.0	46.0	38.0	44.0	30.0	36.0	34.0
14.51	53.88	40.0	38.0	48.0	58.0	44.0	54.0	34.0	74.0	68.0	66.0	50.0	54.0	66.0	66.0	54.0	58.0	44.0	50.0	44.0	80.0	42.0	74.0	44.0	56.0	52.0	54.0	48.0	62.0	42.0	56.0	52.0	54.0	30.0	46.0	72.0	32.0	38.0	64.0	58.0	82.0	68.0	50.0	46.0	36.0	56.0	78.0	66.0	54.0	46.0	46.0
14.54	53.68	50.0	56.0	50.0	42.0	54.0	68.0	36.0	74.0	28.0	42.0	48.0	46.0	30.0	44.0	44.0	34.0	76.0	58.0	60.0	54.0	60.0	76.0	40.0	46.0	48.0	66.0	80.0	64.0	56.0	56.0	50.0	58.0	40.0	54.0	70.0	48.0	42.0	56.0	46.0	30.0	42.0	54.0	32.0	74.0	62.0	84.0	92.0	46.0	74.0	44.0
14.57	53.52	38.0	64.0	52.0	60.0	32.0	52.0	26.0	70.0	50.0	60.0	60.0	68.0	58.0	52.0	48.0	56.0	50.0	44.0	64.0	74.0	62.0	52.0	58.0	46.0	44.0	62.0	42.0	60.0	30.0	56.0	40.0	52.0	66.0	48.0	32.0	62.0	40.0	56.0	50.0	68.0	66.0	60.0	46.0	54.0	66.0	64.0	48.0	68.0	50.0	50.0
14.6	56.88	40.0	62.0	68.0	58.0	56.0	58.0	64.0	34.0	54.0	52.0	38.0	56.0	62.0	60.0	54.0	56.0	66.0	46.0	60.0	54.0	66.0	46.0	74.0	54.0	70.0	48.0	44.0	50.0	78.0	64.0	54.0	70.0	32.0	42.0	50.0	52.0	52.0	56.0	54.0	64.0	158.0	46.0	82.0	46.0	42.0	60.0	50.0	54.0	52.0	36.0
14.63	54.56	58.0	48.0	46.0	74.0	72.0	38.0	46.0	36.0	52.0	66.0	52.0	52.0	38.0	72.0	44.0	54.0	58.0	58.0	42.0	64.0	44.0	50.0	74.0	50.0	42.0	64.0	42.0	54.0	74.0	36.0	52.0	60.0	78.0	66.0	62.0	42.0	46.0	46.0	42.0	50.0	102.0	48.0	58.0	64.0	38.0	56.0	62.0	30.0	58.0	68.0
14.66	56.56	52.0	72.0	82.0	54.0	76.0	68.0	56.0	62.0	76.0	62.0	22.0	42.0	62.0	70.0	56.0	56.0	36.0	54.0	74.0	52.0	38.0	44.0	36.0	58.0	64.0	58.0	56.0	78.0	56.0	56.0	52.0	80.0	46.0	46.0	62.0	40.0	40.0	58.0	54.0	38.0	114.0	46.0	32.0	52.0	50.0	42.0	48.0	42.0	64.0	94.0
14.69	61.96	52.0	54.0	82.0	68.0	84.0	36.0	50.0	58.0	80.0	42.0	58.0	46.0	70.0	50.0	68.0	78.0	62.0	48.0	60.0	64.0	68.0	72.0	40.0	54.0	60.0	56.0	66.0	60.0	68.0	54.0	56.0	94.0	56.0	66.0	58.0	42.0	74.0	52.0	42.0	72.0	118.0	36.0	74.0	66.0	78.0	52.0	68.0	36.0	90.0	60.0
14.72	59.4	82.0	60.0	64.0	82.0	64.0	62.0	48.0	96.0	76.0	46.0	68.0	62.0	76.0	52.0	66.0	48.0	64.0	46.0	26.0	56.0	52.0	90.0	80.0	52.0	42.0	54.0	50.0	38.0	70.0	56.0	54.0	58.0	40.0	48.0	62.0	66.0	50.0	66.0	54.0	62.0	70.0	68.0	64.0	64.0	36.0	50.0	56.0	54.0	54.0	66.0
14.75	60.08	58.0	64.0	72.0	44.0	62.0	50.0	56.0	60.0	66.0	88.0	88.0	58.0	72.0	62.0	74.0	58.0	64.0	64.0	52.0	34.0	44.0	34.0	48.0	62.0	48.0	38.0	44.0	54.0	58.0	72.0	64.0	72.0	76.0	72.0	70.0	80.0	54.0	44.0	48.0	68.0	58.0	86.0	42.0	50.0	56.0	34.0	56.0	98.0	62.0	66.0
14.78	60.24	64.0	56.0	46.0	50.0	48.0	76.0	42.0	64.0	84.0	68.0	70.0	68.0	74.0	62.0	72.0	56.0	52.0	52.0	58.0	88.0	56.0	66.0	48.0	52.0	82.0	70.0	70.0	54.0	52.0	48.0	96.0	44.0	66.0	86.0	62.0	54.0	38.0	60.0	72.0	44.0	68.0	54.0	56.0	72.0	50.0	50.0	46.0	58.0	26.0	62.0
14.81	58.48	48.0	58.0	60.0	64.0	52.0	58.0	62.0	54.0	78.0	70.0	42.0	54.0	60.0	64.0	66.0	66.0	86.0	38.0	54.0	58.0	48.0	58.0	68.0	54.0	60.0	60.0	58.0	70.0	58.0	34.0	48.0	48.0	50.0	58.0	78.0	52.0	68.0	54.0	66.0	42.0	54.0	78.0	50.0	54.0	56.0	66.0	72.0	84.0	36.0	50.0
14.84	59.72	66.0	76.0	58.0	44.0	48.0	32.0	50.0	64.0	74.0	56.0	50.0	54.0	54.0	68.0	58.0	78.0	46.0	56.0	78.0	64.0	46.0	68.0	82.0	82.0	54.0	50.0	52.0	48.0	74.0	66.0	58.0	60.0	58.0	48.0	64.0	62.0	72.0	68.0	78.0	54.0	58.0	66.0	68.0	54.0	36.0	38.0	78.0	54.0	64.0	52.0
14.87	64.12	78.0	56.0	60.0	46.0	58.0	80.0	68.0	56.0	78.0	50.0	84.0	78.0	62.0	36.0	58.0	74.0	52.0	76.0	56.0	78.0	76.0	46.0	60.0	50.0	48.0	100.0	60.0	62.0	76.0	48.0	56.0	86.0	46.0	52.0	70.0	76.0	66.0	54.0	66.0	88.0	60.0	48.0	90.0	50.0	46.0	78.0	64.0	72.0	70.0	58.0
14.9	64.28	34.0	60.0	58.0	86.0	76.0	62.0	70.0	72.0	54.0	50.0	80.0	76.0	72.0	76.0	48.0	60.0	94.0	60.0	62.0	46.0	60.0	64.0	66.0	62.0	64.0	40.0	62.0	76.0	76.0	54.0	86.0	70.0	44.0	64.0	70.0	92.0	48.0	70.0	72.0	60.0	86.0	88.0	82.0	76.0	48.0	70.0	46.0	40.0	40.0	42.0
14.93	68.52	56.0	62.0	46.0	98.0	76.0	58.0	78.0	40.0	54.0	62.0	82.0	98.0	64.0	90.0	76.0	54.0	64.0	48.0	70.0	54.0	60.0	84.0	60.0	56.0	48.0	82.0	72.0	60.0	56.0	94.0	62.0	120.0	64.0	42.0	58.0	70.0	84.0	70.0	78.0	62.0	84.0	66.0	56.0	64.0	98.0	88.0	74.0	64.0	62.0	58.0
14.96	64.6	58.0	66.0	52.0	34.0	68.0	78.0	66.0	64.0	66.0	66.0	70.0	82.0	76.0	60.0	66.0	94.0	76.0	68.0	60.0	80.0	80.0	74.0	70.0	42.0	32.0	72.0	38.0	58.0	74.0	76.0	74.0	112.0	44.0	84.0	62.0	70.0	42.0	72.0	44.0	52.0	94.0	74.0	56.0	46.0	36.0	48.0	44.0	52.0	88.0	70.0
14.99	66.52	62.0	70.0	92.0	82.0	48.0	84.0	56.0	48.0	68.0	56.0	78.0	64.0	50.0	90.0	66.0	64.0	56.0	88.0	70.0	70.0	54.0	82.0	58.0	98.0	60.0	60.0	84.0	66.0	52.0	56.0	46.0	138.0	60.0	68.0	66.0	52.0	46.0	76.0	60.0	76.0	44.0	40.0	80.0	60.0	46.0	62.0	58.0	78.0	82.0	56.0
15.02	69.88	72.0	40.0	48.0	60.0	74.0	48.0	72.0	54.0	92.0	84.0	82.0	68.0	82.0	78.0	90.0	80.0	60.0	64.0	76.0	58.0	54.0	62.0	80.0	42.0	74.0	56.0	58.0	66.0	108.0	76.0	64.0	88.0	76.0	44.0	60.0	92.0	54.0	88.0	92.0	98.0	70.0	76.0	80.0	74.0	88.0	76.0	56.0	44.0	60.0	56.0
15.05	69.48	68.0	72.0	66.0	64.0	84.0	54.0	84.0	70.0	76.0	68.0	74.0	68.0	60.0	50.0	62.0	60.0	70.0	66.0	72.0	54.0	102.0	98.0	52.0	104.0	102.0	68.0	58.0	80.0	58.0	86.0	84.0	84.0	54.0	70.0	74.0	50.0	76.0	50.0	62.0	94.0	64.0	68.0	66.0	48.0	56.0	70.0	74.0	62.0	70.0	48.0
15.08	68.44	74.0	98.0	68.0	72.0	60.0	76.0	66.0	72.0	68.0	74.0	56.0	62.0	64.0	72.0	60.0	96.0	80.0	62.0	58.0	60.0	48.0	118.0	64.0	136.0	32.0	70.0	76.0	48.0	76.0	72.0	48.0	60.0	44.0	72.0	62.0	54.0	54.0	68.0	68.0	52.0	60.0	58.0	116.0	58.0	74.0	70.0	52.0	72.0	68.0	74.0
15.11	68.92	72.0	40.0	72.0	42.0	46.0	30.0	100.0	52.0	66.0	58.0	46.0	72.0	68.0	70.0	56.0	66.0	62.0	66.0	72.0	56.0	44.0	72.0	90.0	258.0	56.0	42.0	54.0	76.0	72.0	64.0	94.0	62.0	76.0	56.0	126.0	48.0	58.0	62.0	54.0	96.0	52.0	82.0	58.0	74.0	70.0	70.0	62.0	72.0	68.0	66.0
15.14	71.64	76.0	70.0	92.0	90.0	66.0	64.0	90.0	74.0	58.0	66.0	70.0	44.0	58.0	66.0	86.0	70.0	80.0	60.0	80.0	76.0	58.0	78.0	82.0	216.0	60.0	62.0	94.0	74.0	92.0	58.0	68.0	46.0	74.0	62.0	50.0	42.0	62.0	80.0	58.0	54.0	70.0	60.0	60.0	58.0	94.0	86.0	50.0	68.0	56.0	74.0
15.17	76.96	118.0	60.0	92.0	84.0	56.0	54.0	66.0	100.0	66.0	74.0	90.0	82.0	82.0	78.0	88.0	88.0	90.0	84.0	66.0	44.0	62.0	80.0	66.0	154.0	56.0	74.0	60.0	76.0	76.0	88.0	42.0	190.0	70.0	72.0	96.0	78.0	56.0	46.0	58.0	88.0	64.0	98.0	82.0	40.0	94.0	44.0	66.0	96.0	60.0	54.0
15.2	70.4	40.0	40.0	96.0	66.0	62.0	72.0	54.0	76.0	68.0	76.0	76.0	48.0	82.0	50.0	68.0	72.0	46.0	44.0	50.0	52.0	76.0	72.0	84.0	90.0	64.0	44.0	120.0	72.0	78.0	58.0	52.0	136.0	78.0	70.0	84.0	50.0	72.0	80.0	78.0	56.0	66.0	70.0	64.0	82.0	98.0	70.0	76.0	68.0	92.0	82.0
15.23	85.52	74.0	74.0	56.0	474.0	64.0	74.0	100.0	144.0	76.0	58.0	70.0	78.0	66.0	76.0	90.0	70.0	84.0	72.0	72.0	70.0	74.0	58.0	100.0	90.0	70.0	74.0	174.0	50.0	64.0	70.0	90.0	84.0	62.0	86.0	88.0	60.0	70.0	86.0	76.0	90.0	90.0	72.0	56.0	58.0	68.0	108.0	82.0	48.0	62.0	74.0
15.26	79.04	70.0	80.0	68.0	304.0	76.0	66.0	104.0	66.0	42.0	100.0	78.0	94.0	82.0	78.0	84.0	100.0	80.0	76.0	78.0	90.0	38.0	96.0	74.0	72.0	74.0	50.0	240.0	68.0	76.0	58.0	46.0	72.0	56.0	60.0	62.0	50.0	78.0	60.0	62.0	54.0	54.0	80.0	30.0	84.0	78.0	60.0	86.0	50.0	80.0	88.0
15.29	80.88	76.0	78.0	80.0	290.0	82.0	84.0	72.0	126.0	76.0	72.0	148.0	74.0	60.0	64.0	80.0	60.0	90.0	72.0	82.0	104.0	96.0	76.0	86.0	58.0	70.0	102.0	108.0	76.0	40.0	56.0	70.0	62.0	62.0	76.0	80.0	76.0	76.0	46.0	68.0	86.0	78.0	94.0	70.0	56.0	80.0	54.0	68.0	78.0	54.0	72.0
15.32	84.96	78.0	82.0	62.0	204.0	84.0	82.0	60.0	112.0	92.0	84.0	210.0	80.0	90.0	66.0	94.0	62.0	68.0	70.0	78.0	82.0	78.0	80.0	64.0	104.0	72.0	64.0	64.0	94.0	106.0	88.0	68.0	174.0	104.0	82.0	70.0	60.0	82.0	52.0	58.0	76.0	70.0	106.0	56.0	74.0	62.0	66.0	70.0	96.0	88.0	80.0
15.35	79.84	92.0	58.0	84.0	152.0	52.0	92.0	76.0	84.0	76.0	60.0	84.0	78.0	92.0	74.0	70.0	78.0	52.0	68.0	80.0	98.0	88.0	72.0	58.0	92.0	84.0	76.0	104.0	100.0	84.0	82.0	74.0	128.0	80.0	88.0	54.0	72.0	70.0	66.0	84.0	74.0	80.0	50.0	84.0	56.0	98.0	60.0	80.0	80.0	88.0	86.0
15.38	80.04	74.0	96.0	100.0	88.0	84.0	66.0	106.0	94.0	50.0	80.0	64.0	88.0	114.0	78.0	110.0	80.0	88.0	82.0	66.0	68.0	78.0	80.0	80.0	78.0	82.0	72.0	104.0	54.0	78.0	96.0	68.0	74.0	92.0	94.0	78.0	80.0	70.0	66.0	68.0	76.0	82.0	80.0	54.0	54.0	80.0	62.0	60.0	76.0	170.0	40.0
15.41	83.08	78.0	76.0	82.0	118.0	90.0	74.0	76.0	70.0	62.0	202.0	86.0	96.0	68.0	86.0	54.0	72.0	68.0	90.0	96.0	84.0	70.0	58.0	88.0	62.0	96.0	74.0	102.0	72.0	112.0	60.0	110.0	92.0	66.0	62.0	112.0	84.0	108.0	62.0	74.0	88.0	78.0	70.0	76.0	74.0	70.0	106.0	80.0	56.0	80.0	84.0
15.44	82.4	68.0	68.0	94.0	114.0	72.0	64.0	82.0	56.0	80.0	274.0	96.0	92.0	100.0	102.0	98.0	96.0	94.0	64.0	76.0	96.0	56.0	90.0	48.0	70.0	62.0	90.0	92.0	76.0	74.0	82.0	72.0	56.0	96.0	106.0	82.0	98.0	62.0	60.0	60.0	68.0	96.0	66.0	70.0	78.0	94.0	46.0	60.0	72.0	76.0	76.0
15.47	81.4	100.0	78.0	82.0	68.0	86.0	88.0	60.0	66.0	84.0	92.0	40.0	106.0	122.0	78.0	70.0	46.0	90.0	60.0	100.0	78.0	102.0	54.0	58.0	102.0	80.0	74.0	88.0	80.0	110.0	108.0	98.0	68.0	80.0	44.0	86.0	46.0	96.0	68.0	66.0	62.0	70.0	108.0	96.0	98.0	106.0	90.0	92.0	68.0	88.0	90.0
15.5	83.24	58.0	92.0	68.0	156.0	114.0	66.0	72.0	94.0	56.0	76.0	96.0	64.0	104.0	94.0	74.0	80.0	62.0	70.0	60.0	78.0	70.0	116.0	84.0	80.0	84.0	84.0	74.0	82.0	64.0	104.0	94.0	66.0	58.0	102.0	126.0	78.0	88.0	84.0	98.0	68.0	68.0	74.0	118.0	80.0	82.0	76.0	80.0	64.0	78.0	104.0
15.53	94.92	92.0	96.0	70.0	98.0	58.0	70.0	70.0	54.0	100.0	84.0	86.0	92.0	72.0	56.0	124.0	70.0	108.0	88.0	80.0	72.0	104.0	68.0	62.0	90.0	54.0	72.0	110.0	58.0	66.0	94.0	78.0	84.0	92.0	60.0	100.0	100.0	54.0	98.0	76.0	66.0	80.0	74.0	454.0	74.0	72.0	76.0	86.0	68.0	72.0	464.0
15.56	82.84	84.0	82.0	60.0	108.0	66.0	102.0	50.0	90.0	66.0	72.0	70.0	108.0	70.0	118.0	86.0	74.0	82.0	70.0	68.0	92.0	64.0	84.0	64.0	98.0	90.0	70.0	68.0	74.0	84.0	68.0	80.0	88.0	58.0	108.0	90.0	80.0	52.0	62.0	60.0	74.0	72.0	62.0	320.0	82.0	60.0	54.0	106.0	68.0	72.0	112.0
15.59	86.24	76.0	66.0	64.0	102.0	80.0	94.0	58.0	62.0	98.0	96.0	88.0	74.0	104.0	68.0	80.0	66.0	76.0	84.0	76.0	66.0	100.0	88.0	72.0	66.0	50.0	52.0	62.0	74.0	60.0	70.0	60.0	104.0	74.0	78.0	82.0	60.0	106.0	80.0	80.0	120.0	86.0	96.0	366.0	76.0	96.0	94.0	88.0	80.0	78.0	136.0
15.62	86.12	88.0	50.0	90.0	80.0	90.0	76.0	64.0	112.0	76.0	112.0	80.0	114.0	102.0	106.0	82.0	86.0	96.0	104.0	106.0	74.0	60.0	70.0	86.0	74.0	74.0	74.0	66.0	92.0	120.0	98.0	88.0	74.0	76.0	96.0	40.0	90.0	162.0	58.0	64.0	82.0	62.0	62.0	174.0	88.0	76.0	84.0	88.0	62.0	78.0	100.0
15.65	92.88	88.0	76.0	74.0	102.0	92.0	76.0	84.0	110.0	90.0	76.0	92.0	136.0	48.0	88.0	116.0	84.0	110.0	72.0	112.0	80.0	104.0	104.0	72.0	82.0	96.0	110.0	62.0	92.0	94.0	112.0	80.0	84.0	100.0	104.0	102.0	76.0	112.0	80.0	62.0	94.0	78.0	132.0	192.0	98.0	94.0	82.0	108.0	68.0	94.0	70.0
15.68	87.72	122.0	90.0	116.0	94.0	76.0	80.0	88.0	80.0	92.0	84.0	106.0	110.0	74.0	74.0	102.0	54.0	90.0	66.0	72.0	114.0	82.0	86.0	104.0	112.0	90.0	64.0	70.0	80.0	56.0	66.0	76.0	88.0	94.0	110.0	58.0	90.0	106.0	70.0	94.0	82.0	84.0	120.0	114.0	94.0	76.0	102.0	58.0	76.0	108.0	92.0
15.71	86.4	90.0	92.0	94.0	64.0	94.0	112.0	90.0	80.0	120.0	80.0	92.0	86.0	92.0	80.0	54.0	84.0	58.0	110.0	84.0	72.0	90.0	78.0	76.0	82.0	94.0	86.0	62.0	70.0	82.0	104.0	60.0	96.0	72.0	82.0	88.0	112.0	92.0	70.0	108.0	86.0	104.0	102.0	104.0	80.0	62.0	96.0	112.0	66.0	82.0	94.0
15.74	83.88	66.0	76.0	86.0	70.0	70.0	66.0	66.0	128.0	86.0	72.0	88.0	108.0	86.0	92.0	70.0	106.0	86.0	100.0	42.0	80.0	74.0	102.0	90.0	104.0	92.0	124.0	68.0	74.0	74.0	52.0	114.0	62.0	86.0	86.0	102.0	78.0	88.0	104.0	76.0	90.0	98.0	92.0	96.0	84.0	80.0	96.0	82.0	52.0	76.0	54.0
15.77	90.08	68.0	92.0	120.0	106.0	88.0	76.0	94.0	92.0	82.0	80.0	86.0	86.0	76.0	82.0	78.0	128.0	68.0	98.0	90.0	112.0	72.0	78.0	126.0	82.0	106.0	64.0	82.0	68.0	90.0	70.0	80.0	86.0	92.0	96.0	106.0	82.0	82.0	92.0	68.0	86.0	102.0	100.0	240.0	74.0	56.0	70.0	70.0	116.0	66.0	100.0
15.8	90.12	114.0	82.0	92.0	110.0	80.0	132.0	84.0	88.0	60.0	78.0	94.0	108.0	76.0	96.0	94.0	82.0	88.0	112.0	98.0	92.0	88.0	60.0	70.0	106.0	106.0	98.0	112.0	54.0	66.0	80.0	116.0	96.0	96.0	78.0	72.0	68.0	92.0	80.0	84.0	54.0	80.0	104.0	156.0	88.0	64.0	114.0	112.0	84.0	70.0	98.0
15.83	93.24	94.0	76.0	98.0	134.0	96.0	70.0	112.0	88.0	78.0	96.0	100.0	88.0	172.0	112.0	84.0	74.0	90.0	80.0	80.0	68.0	94.0	122.0	80.0	74.0	60.0	92.0	138.0	70.0	88.0	82.0	88.0	82.0	84.0	98.0	88.0	94.0	74.0	76.0	90.0	118.0	92.0	64.0	134.0	116.0	116.0	76.0	142.0	114.0	64.0	62.0
15.86	94.64	60.0	76.0	80.0	76.0	120.0	112.0	84.0	68.0	106.0	76.0	122.0	104.0	128.0	88.0	84.0	102.0	84.0	114.0	66.0	90.0	108.0	108.0	106.0	78.0	88.0	110.0	102.0	124.0	86.0	102.0	122.0	80.0	70.0	86.0	90.0	108.0	108.0	92.0	80.0	84.0	120.0	114.0	106.0	88.0	80.0	74.0	154.0	96.0	58.0	70.0
15.89	92.84	104.0	88.0	66.0	94.0	84.0	68.0	64.0	100.0	88.0	80.0	110.0	90.0	98.0	102.0	120.0	76.0	102.0	94.0	94.0	130.0	74.0	114.0	142.0	94.0	70.0	116.0	84.0	88.0	72.0	76.0	70.0	100.0	110.0	80.0	104.0	78.0	68.0	86.0	70.0	94.0	104.0	86.0	108.0	92.0	86.0	60.0	172.0	144.0	56.0	92.0
15.92	94.8	84.0	98.0	76.0	86.0	100.0	76.0	76.0	94.0	84.0	114.0	92.0	114.0	92.0	108.0	88.0	134.0	82.0	80.0	102.0	106.0	66.0	100.0	112.0	98.0	78.0	80.0	68.0	120.0	106.0	82.0	108.0	98.0	72.0	114.0	104.0	102.0	96.0	86.0	110.0	84.0	76.0	110.0	110.0	102.0	96.0	82.0	114.0	76.0	94.0	110.0
15.95	91.52	104.0	102.0	130.0	98.0	66.0	112.0	108.0	74.0	88.0	104.0	62.0	114.0	104.0	112.0	124.0	68.0	90.0	80.0	110.0	92.0	90.0	112.0	70.0	86.0	78.0	84.0	120.0	84.0	92.0	78.0	86.0	100.0	76.0	76.0	88.0	70.0	74.0	96.0	54.0	70.0	100.0	100.0	112.0	84.0	98.0	56.0	140.0	100.0	90.0	70.0
15.98	98.44	116.0	104.0	94.0	84.0	58.0	128.0	82.0	80.0	102.0	86.0	106.0	94.0	80.0	82.0	100.0	104.0	100.0	90.0	82.0	190.0	240.0	80.0	104.0	66.0	108.0	84.0	96.0	84.0	78.0	98.0	78.0	108.0	92.0	106.0	78.0	96.0	110.0	84.0	84.0	118.0	84.0	116.0	98.0	94.0	114.0	64.0	94.0	102.0	98.0	104.0
