# SCAN started at: 2017-12-06 13:58:47
# Elen_Scan Mass: 28.2 Resolution: 30
# ----------------------------------------
# 
10	1.92	0	4	4	2	0	6	6	2	0	0	0	2	0	6	0	4	0	4	0	0	0	0	2	6	0
10.01	0	0	0	0	0	0	0	0	0	0	0	0	0	0	0	0	0	0	0	0	0	0	0	0	0	0
10.02	0	0	0	0	0	0	0	0	0	0	0	0	0	0	0	0	0	0	0	0	0	0	0	0	0	0
10.03	0	0	0	0	0	0	0	0	0	0	0	0	0	0	0	0	0	0	0	0	0	0	0	0	0	0
10.04	0.24	0	0	0	0	0	0	0	0	0	0	0	0	6	0	0	0	0	0	0	0	0	0	0	0	0
10.05	0.08	0	0	0	0	0	0	0	0	0	0	0	0	0	0	0	0	0	0	0	0	2	0	0	0	0
10.06	0.08	0	0	0	0	0	0	0	0	0	0	2	0	0	0	0	0	0	0	0	0	0	0	0	0	0
10.07	0	0	0	0	0	0	0	0	0	0	0	0	0	0	0	0	0	0	0	0	0	0	0	0	0	0
10.08	0.16	0	0	0	4	0	0	0	0	0	0	0	0	0	0	0	0	0	0	0	0	0	0	0	0	0
10.09	0	0	0	0	0	0	0	0	0	0	0	0	0	0	0	0	0	0	0	0	0	0	0	0	0	0
10.1	0.16	0	0	0	0	0	0	0	0	0	0	0	0	0	4	0	0	0	0	0	0	0	0	0	0	0
10.11	0	0	0	0	0	0	0	0	0	0	0	0	0	0	0	0	0	0	0	0	0	0	0	0	0	0
10.12	0	0	0	0	0	0	0	0	0	0	0	0	0	0	0	0	0	0	0	0	0	0	0	0	0	0
10.13	0	0	0	0	0	0	0	0	0	0	0	0	0	0	0	0	0	0	0	0	0	0	0	0	0	0
10.14	0	0	0	0	0	0	0	0	0	0	0	0	0	0	0	0	0	0	0	0	0	0	0	0	0	0
10.15	0.16	0	0	0	0	0	0	0	0	0	0	0	0	2	0	0	0	0	0	0	0	2	0	0	0	0
10.16	0	0	0	0	0	0	0	0	0	0	0	0	0	0	0	0	0	0	0	0	0	0	0	0	0	0
10.17	0.08	0	0	0	0	0	0	0	2	0	0	0	0	0	0	0	0	0	0	0	0	0	0	0	0	0
10.18	0	0	0	0	0	0	0	0	0	0	0	0	0	0	0	0	0	0	0	0	0	0	0	0	0	0
10.19	0	0	0	0	0	0	0	0	0	0	0	0	0	0	0	0	0	0	0	0	0	0	0	0	0	0
10.2	0	0	0	0	0	0	0	0	0	0	0	0	0	0	0	0	0	0	0	0	0	0	0	0	0	0
10.21	0.08	0	0	0	0	0	0	0	0	0	0	0	0	0	0	0	2	0	0	0	0	0	0	0	0	0
10.22	0	0	0	0	0	0	0	0	0	0	0	0	0	0	0	0	0	0	0	0	0	0	0	0	0	0
10.23	0.08	0	0	0	0	0	0	0	0	0	0	0	0	0	0	0	0	0	0	0	0	2	0	0	0	0
10.24	0	0	0	0	0	0	0	0	0	0	0	0	0	0	0	0	0	0	0	0	0	0	0	0	0	0
10.25	0	0	0	0	0	0	0	0	0	0	0	0	0	0	0	0	0	0	0	0	0	0	0	0	0	0
10.26	0	0	0	0	0	0	0	0	0	0	0	0	0	0	0	0	0	0	0	0	0	0	0	0	0	0
10.27	0.08	0	0	0	0	0	0	0	0	0	0	0	0	0	0	0	0	0	0	0	0	2	0	0	0	0
10.28	0	0	0	0	0	0	0	0	0	0	0	0	0	0	0	0	0	0	0	0	0	0	0	0	0	0
10.29	0	0	0	0	0	0	0	0	0	0	0	0	0	0	0	0	0	0	0	0	0	0	0	0	0	0
10.3	0	0	0	0	0	0	0	0	0	0	0	0	0	0	0	0	0	0	0	0	0	0	0	0	0	0
10.31	0	0	0	0	0	0	0	0	0	0	0	0	0	0	0	0	0	0	0	0	0	0	0	0	0	0
10.32	0	0	0	0	0	0	0	0	0	0	0	0	0	0	0	0	0	0	0	0	0	0	0	0	0	0
10.33	0	0	0	0	0	0	0	0	0	0	0	0	0	0	0	0	0	0	0	0	0	0	0	0	0	0
10.34	0	0	0	0	0	0	0	0	0	0	0	0	0	0	0	0	0	0	0	0	0	0	0	0	0	0
10.35	0	0	0	0	0	0	0	0	0	0	0	0	0	0	0	0	0	0	0	0	0	0	0	0	0	0
10.36	0	0	0	0	0	0	0	0	0	0	0	0	0	0	0	0	0	0	0	0	0	0	0	0	0	0
10.37	0	0	0	0	0	0	0	0	0	0	0	0	0	0	0	0	0	0	0	0	0	0	0	0	0	0
10.38	0	0	0	0	0	0	0	0	0	0	0	0	0	0	0	0	0	0	0	0	0	0	0	0	0	0
10.39	0	0	0	0	0	0	0	0	0	0	0	0	0	0	0	0	0	0	0	0	0	0	0	0	0	0
10.4	0.08	0	0	0	0	0	0	0	0	0	0	0	0	0	0	0	0	0	0	0	0	0	0	0	2	0
10.41	0.24	0	0	0	0	0	0	0	0	0	0	0	0	0	0	0	0	0	0	0	0	0	0	0	0	6
10.42	0	0	0	0	0	0	0	0	0	0	0	0	0	0	0	0	0	0	0	0	0	0	0	0	0	0
10.43	0	0	0	0	0	0	0	0	0	0	0	0	0	0	0	0	0	0	0	0	0	0	0	0	0	0
10.44	0.08	0	0	0	0	2	0	0	0	0	0	0	0	0	0	0	0	0	0	0	0	0	0	0	0	0
10.45	0.16	0	4	0	0	0	0	0	0	0	0	0	0	0	0	0	0	0	0	0	0	0	0	0	0	0
10.46	0.24	0	0	0	0	0	4	0	0	0	0	0	0	0	0	0	0	2	0	0	0	0	0	0	0	0
10.47	0.16	0	0	0	0	0	0	0	0	0	4	0	0	0	0	0	0	0	0	0	0	0	0	0	0	0
10.48	0	0	0	0	0	0	0	0	0	0	0	0	0	0	0	0	0	0	0	0	0	0	0	0	0	0
10.49	0	0	0	0	0	0	0	0	0	0	0	0	0	0	0	0	0	0	0	0	0	0	0	0	0	0
10.5	0.24	0	0	0	0	0	0	0	0	0	0	0	2	0	0	0	0	0	0	0	0	4	0	0	0	0
10.51	0.08	0	0	0	0	0	0	0	0	0	0	0	0	0	0	0	2	0	0	0	0	0	0	0	0	0
10.52	0	0	0	0	0	0	0	0	0	0	0	0	0	0	0	0	0	0	0	0	0	0	0	0	0	0
10.53	0.08	0	0	0	0	2	0	0	0	0	0	0	0	0	0	0	0	0	0	0	0	0	0	0	0	0
10.54	0.16	0	0	0	0	0	0	0	0	0	0	0	0	0	0	4	0	0	0	0	0	0	0	0	0	0
10.55	0.08	0	0	0	0	0	0	0	0	0	0	0	0	0	0	0	0	0	0	0	2	0	0	0	0	0
10.56	0.08	0	0	0	0	0	0	0	0	0	0	0	2	0	0	0	0	0	0	0	0	0	0	0	0	0
10.57	0	0	0	0	0	0	0	0	0	0	0	0	0	0	0	0	0	0	0	0	0	0	0	0	0	0
10.58	0.08	0	0	0	0	2	0	0	0	0	0	0	0	0	0	0	0	0	0	0	0	0	0	0	0	0
10.59	0.32	0	0	0	4	0	0	0	0	0	0	0	0	0	0	0	0	0	0	0	4	0	0	0	0	0
10.6	0.08	0	0	0	0	0	2	0	0	0	0	0	0	0	0	0	0	0	0	0	0	0	0	0	0	0
10.61	0.16	0	0	0	0	0	0	0	0	2	0	0	0	0	0	0	0	0	0	2	0	0	0	0	0	0
10.62	0	0	0	0	0	0	0	0	0	0	0	0	0	0	0	0	0	0	0	0	0	0	0	0	0	0
10.63	0	0	0	0	0	0	0	0	0	0	0	0	0	0	0	0	0	0	0	0	0	0	0	0	0	0
10.64	0	0	0	0	0	0	0	0	0	0	0	0	0	0	0	0	0	0	0	0	0	0	0	0	0	0
10.65	0.08	0	0	0	0	0	0	0	0	0	0	0	0	0	0	0	0	0	0	0	0	0	0	0	0	2
10.66	0.08	0	0	0	0	0	0	0	0	0	0	0	0	0	0	0	0	2	0	0	0	0	0	0	0	0
10.67	0	0	0	0	0	0	0	0	0	0	0	0	0	0	0	0	0	0	0	0	0	0	0	0	0	0
10.68	0	0	0	0	0	0	0	0	0	0	0	0	0	0	0	0	0	0	0	0	0	0	0	0	0	0
10.69	0.08	0	0	0	0	0	0	0	0	0	0	0	0	0	0	0	2	0	0	0	0	0	0	0	0	0
10.7	0	0	0	0	0	0	0	0	0	0	0	0	0	0	0	0	0	0	0	0	0	0	0	0	0	0
10.71	0.16	0	0	0	0	0	0	0	0	0	0	0	4	0	0	0	0	0	0	0	0	0	0	0	0	0
10.72	0	0	0	0	0	0	0	0	0	0	0	0	0	0	0	0	0	0	0	0	0	0	0	0	0	0
10.73	0.08	0	0	0	0	0	0	0	0	0	0	0	0	0	0	0	0	0	0	0	0	0	2	0	0	0
10.74	0.24	0	0	0	0	0	0	0	0	0	0	2	0	0	2	0	0	0	2	0	0	0	0	0	0	0
10.75	0	0	0	0	0	0	0	0	0	0	0	0	0	0	0	0	0	0	0	0	0	0	0	0	0	0
10.76	0	0	0	0	0	0	0	0	0	0	0	0	0	0	0	0	0	0	0	0	0	0	0	0	0	0
10.77	0	0	0	0	0	0	0	0	0	0	0	0	0	0	0	0	0	0	0	0	0	0	0	0	0	0
10.78	0	0	0	0	0	0	0	0	0	0	0	0	0	0	0	0	0	0	0	0	0	0	0	0	0	0
10.79	0	0	0	0	0	0	0	0	0	0	0	0	0	0	0	0	0	0	0	0	0	0	0	0	0	0
10.8	0.08	0	2	0	0	0	0	0	0	0	0	0	0	0	0	0	0	0	0	0	0	0	0	0	0	0
10.81	0	0	0	0	0	0	0	0	0	0	0	0	0	0	0	0	0	0	0	0	0	0	0	0	0	0
10.82	0.08	0	0	0	0	0	0	0	0	0	0	0	0	2	0	0	0	0	0	0	0	0	0	0	0	0
10.83	0	0	0	0	0	0	0	0	0	0	0	0	0	0	0	0	0	0	0	0	0	0	0	0	0	0
10.84	0.08	0	2	0	0	0	0	0	0	0	0	0	0	0	0	0	0	0	0	0	0	0	0	0	0	0
10.85	0	0	0	0	0	0	0	0	0	0	0	0	0	0	0	0	0	0	0	0	0	0	0	0	0	0
10.86	0.08	0	0	0	0	0	0	0	0	0	0	0	0	0	0	0	0	0	0	0	0	0	0	0	0	2
10.87	0.24	0	0	0	0	0	0	0	0	0	0	0	0	0	0	0	0	0	0	0	0	0	4	2	0	0
10.88	0.16	0	0	0	0	0	0	0	0	2	0	0	0	0	0	0	0	0	0	0	0	0	2	0	0	0
10.89	0.16	0	0	0	0	0	0	0	0	0	0	0	0	0	0	0	0	0	0	0	0	2	2	0	0	0
10.9	0	0	0	0	0	0	0	0	0	0	0	0	0	0	0	0	0	0	0	0	0	0	0	0	0	0
10.91	0	0	0	0	0	0	0	0	0	0	0	0	0	0	0	0	0	0	0	0	0	0	0	0	0	0
10.92	0.16	0	0	0	0	0	0	4	0	0	0	0	0	0	0	0	0	0	0	0	0	0	0	0	0	0
10.93	0	0	0	0	0	0	0	0	0	0	0	0	0	0	0	0	0	0	0	0	0	0	0	0	0	0
10.94	0.16	0	0	0	0	0	0	0	0	0	0	0	0	0	0	0	0	2	2	0	0	0	0	0	0	0
10.95	0	0	0	0	0	0	0	0	0	0	0	0	0	0	0	0	0	0	0	0	0	0	0	0	0	0
10.96	0.16	2	0	0	0	0	0	0	0	0	0	2	0	0	0	0	0	0	0	0	0	0	0	0	0	0
10.97	0.16	0	2	0	0	0	0	0	0	0	0	0	0	0	0	0	0	0	0	0	0	0	0	0	0	2
10.98	0.08	0	0	0	0	0	0	0	0	0	0	2	0	0	0	0	0	0	0	0	0	0	0	0	0	0
10.99	0	0	0	0	0	0	0	0	0	0	0	0	0	0	0	0	0	0	0	0	0	0	0	0	0	0
11	0.08	0	0	0	0	0	0	0	0	0	0	0	0	0	0	0	0	0	0	2	0	0	0	0	0	0
11.01	0.32	0	0	0	0	0	2	0	0	0	0	0	0	0	4	0	0	0	0	0	0	2	0	0	0	0
11.02	0.08	0	0	0	0	2	0	0	0	0	0	0	0	0	0	0	0	0	0	0	0	0	0	0	0	0
11.03	0	0	0	0	0	0	0	0	0	0	0	0	0	0	0	0	0	0	0	0	0	0	0	0	0	0
11.04	0	0	0	0	0	0	0	0	0	0	0	0	0	0	0	0	0	0	0	0	0	0	0	0	0	0
11.05	0	0	0	0	0	0	0	0	0	0	0	0	0	0	0	0	0	0	0	0	0	0	0	0	0	0
11.06	0	0	0	0	0	0	0	0	0	0	0	0	0	0	0	0	0	0	0	0	0	0	0	0	0	0
11.07	0.48	0	0	0	2	0	0	6	0	0	0	0	0	0	0	0	4	0	0	0	0	0	0	0	0	0
11.08	0	0	0	0	0	0	0	0	0	0	0	0	0	0	0	0	0	0	0	0	0	0	0	0	0	0
11.09	0.24	0	0	0	4	0	0	0	0	2	0	0	0	0	0	0	0	0	0	0	0	0	0	0	0	0
11.1	0	0	0	0	0	0	0	0	0	0	0	0	0	0	0	0	0	0	0	0	0	0	0	0	0	0
11.11	0.08	0	0	0	0	0	2	0	0	0	0	0	0	0	0	0	0	0	0	0	0	0	0	0	0	0
11.12	0.08	0	0	0	0	0	2	0	0	0	0	0	0	0	0	0	0	0	0	0	0	0	0	0	0	0
11.13	0.16	0	0	2	0	0	0	2	0	0	0	0	0	0	0	0	0	0	0	0	0	0	0	0	0	0
11.14	0	0	0	0	0	0	0	0	0	0	0	0	0	0	0	0	0	0	0	0	0	0	0	0	0	0
11.15	0.08	0	0	0	0	0	0	0	0	0	0	0	0	0	0	0	0	2	0	0	0	0	0	0	0	0
11.16	0	0	0	0	0	0	0	0	0	0	0	0	0	0	0	0	0	0	0	0	0	0	0	0	0	0
11.17	0.08	0	0	0	0	0	0	0	0	0	2	0	0	0	0	0	0	0	0	0	0	0	0	0	0	0
11.18	0.08	2	0	0	0	0	0	0	0	0	0	0	0	0	0	0	0	0	0	0	0	0	0	0	0	0
11.19	0	0	0	0	0	0	0	0	0	0	0	0	0	0	0	0	0	0	0	0	0	0	0	0	0	0
11.2	0.24	0	0	0	0	0	0	0	0	0	2	0	0	0	0	0	0	2	0	0	2	0	0	0	0	0
11.21	0.32	0	0	0	0	0	0	0	0	0	0	0	0	0	0	0	6	0	0	0	0	0	0	2	0	0
11.22	0.32	0	0	0	0	4	0	0	0	0	0	0	0	0	0	0	0	2	0	0	0	0	0	0	0	2
11.23	0	0	0	0	0	0	0	0	0	0	0	0	0	0	0	0	0	0	0	0	0	0	0	0	0	0
11.24	0	0	0	0	0	0	0	0	0	0	0	0	0	0	0	0	0	0	0	0	0	0	0	0	0	0
11.25	0	0	0	0	0	0	0	0	0	0	0	0	0	0	0	0	0	0	0	0	0	0	0	0	0	0
11.26	0.16	0	0	0	0	0	0	0	0	0	0	0	0	0	0	0	0	0	0	0	0	0	0	0	4	0
11.27	0	0	0	0	0	0	0	0	0	0	0	0	0	0	0	0	0	0	0	0	0	0	0	0	0	0
11.28	0.08	0	0	0	0	0	0	0	0	0	0	0	0	2	0	0	0	0	0	0	0	0	0	0	0	0
11.29	0.4	2	0	0	0	0	0	2	0	0	0	6	0	0	0	0	0	0	0	0	0	0	0	0	0	0
11.3	0.08	0	0	0	0	0	0	0	0	0	0	0	0	0	0	0	0	0	0	0	0	0	0	2	0	0
11.31	0.48	4	0	0	0	0	4	0	0	0	0	0	0	0	2	0	0	2	0	0	0	0	0	0	0	0
11.32	0	0	0	0	0	0	0	0	0	0	0	0	0	0	0	0	0	0	0	0	0	0	0	0	0	0
11.33	0.16	0	0	0	0	0	0	0	0	0	0	0	0	0	2	0	0	0	0	0	0	2	0	0	0	0
11.34	0	0	0	0	0	0	0	0	0	0	0	0	0	0	0	0	0	0	0	0	0	0	0	0	0	0
11.35	0.24	0	0	0	0	0	0	0	0	0	0	0	0	0	0	4	0	0	0	0	0	2	0	0	0	0
11.36	0	0	0	0	0	0	0	0	0	0	0	0	0	0	0	0	0	0	0	0	0	0	0	0	0	0
11.37	0.24	0	0	0	0	0	0	0	0	0	0	0	0	2	0	0	0	0	0	0	0	4	0	0	0	0
11.38	0.32	0	0	0	0	0	0	0	0	0	0	0	0	2	0	4	2	0	0	0	0	0	0	0	0	0
11.39	0.08	0	0	0	0	0	0	0	0	2	0	0	0	0	0	0	0	0	0	0	0	0	0	0	0	0
11.4	0	0	0	0	0	0	0	0	0	0	0	0	0	0	0	0	0	0	0	0	0	0	0	0	0	0
11.41	0.08	0	0	0	0	0	0	0	0	0	0	0	0	0	0	0	0	0	0	0	0	2	0	0	0	0
11.42	0.24	0	0	0	2	0	0	0	0	0	0	0	0	0	0	0	0	0	2	2	0	0	0	0	0	0
11.43	0.16	0	0	0	0	0	0	0	0	0	0	2	0	0	0	0	0	0	0	0	0	0	2	0	0	0
11.44	0	0	0	0	0	0	0	0	0	0	0	0	0	0	0	0	0	0	0	0	0	0	0	0	0	0
11.45	0	0	0	0	0	0	0	0	0	0	0	0	0	0	0	0	0	0	0	0	0	0	0	0	0	0
11.46	0.24	0	0	0	0	0	0	0	0	0	0	0	0	0	0	0	0	0	0	0	0	4	0	0	0	2
11.47	0.16	0	0	0	0	0	0	0	0	4	0	0	0	0	0	0	0	0	0	0	0	0	0	0	0	0
11.48	0	0	0	0	0	0	0	0	0	0	0	0	0	0	0	0	0	0	0	0	0	0	0	0	0	0
11.49	0	0	0	0	0	0	0	0	0	0	0	0	0	0	0	0	0	0	0	0	0	0	0	0	0	0
11.5	0.08	0	0	0	0	0	0	0	0	0	0	0	0	0	2	0	0	0	0	0	0	0	0	0	0	0
11.51	0.24	0	0	2	0	0	0	0	0	0	0	4	0	0	0	0	0	0	0	0	0	0	0	0	0	0
11.52	0.16	0	0	0	0	0	0	0	0	4	0	0	0	0	0	0	0	0	0	0	0	0	0	0	0	0
11.53	0.4	0	0	0	0	0	0	0	0	0	0	0	0	0	0	0	0	0	0	0	6	0	4	0	0	0
11.54	0	0	0	0	0	0	0	0	0	0	0	0	0	0	0	0	0	0	0	0	0	0	0	0	0	0
11.55	0.24	0	0	2	0	0	0	4	0	0	0	0	0	0	0	0	0	0	0	0	0	0	0	0	0	0
11.56	0.08	0	2	0	0	0	0	0	0	0	0	0	0	0	0	0	0	0	0	0	0	0	0	0	0	0
11.57	0.16	0	2	0	0	2	0	0	0	0	0	0	0	0	0	0	0	0	0	0	0	0	0	0	0	0
11.58	0.16	4	0	0	0	0	0	0	0	0	0	0	0	0	0	0	0	0	0	0	0	0	0	0	0	0
11.59	0.24	0	0	2	0	0	0	0	0	0	4	0	0	0	0	0	0	0	0	0	0	0	0	0	0	0
11.6	0.4	0	2	0	0	0	0	2	2	0	0	0	0	2	0	0	0	0	0	2	0	0	0	0	0	0
11.61	0.08	0	0	0	0	0	0	0	0	0	0	0	0	0	0	0	0	2	0	0	0	0	0	0	0	0
11.62	0.08	2	0	0	0	0	0	0	0	0	0	0	0	0	0	0	0	0	0	0	0	0	0	0	0	0
11.63	0.24	0	0	0	0	0	0	0	0	0	0	0	0	0	0	0	0	0	0	0	6	0	0	0	0	0
11.64	0.08	0	0	0	0	0	0	0	0	0	0	0	0	0	0	0	2	0	0	0	0	0	0	0	0	0
11.65	0.16	0	0	0	0	0	0	0	0	0	0	2	0	0	0	0	0	0	0	0	0	2	0	0	0	0
11.66	0.08	0	0	0	0	0	0	0	2	0	0	0	0	0	0	0	0	0	0	0	0	0	0	0	0	0
11.67	0	0	0	0	0	0	0	0	0	0	0	0	0	0	0	0	0	0	0	0	0	0	0	0	0	0
11.68	0	0	0	0	0	0	0	0	0	0	0	0	0	0	0	0	0	0	0	0	0	0	0	0	0	0
11.69	0	0	0	0	0	0	0	0	0	0	0	0	0	0	0	0	0	0	0	0	0	0	0	0	0	0
11.7	0.24	0	0	0	0	0	0	4	0	0	0	0	0	2	0	0	0	0	0	0	0	0	0	0	0	0
11.71	0.16	0	0	0	0	0	0	0	4	0	0	0	0	0	0	0	0	0	0	0	0	0	0	0	0	0
11.72	0	0	0	0	0	0	0	0	0	0	0	0	0	0	0	0	0	0	0	0	0	0	0	0	0	0
11.73	0.16	0	0	0	0	0	0	0	0	0	4	0	0	0	0	0	0	0	0	0	0	0	0	0	0	0
11.74	0	0	0	0	0	0	0	0	0	0	0	0	0	0	0	0	0	0	0	0	0	0	0	0	0	0
11.75	0.08	0	0	0	0	0	0	0	2	0	0	0	0	0	0	0	0	0	0	0	0	0	0	0	0	0
11.76	0.16	2	0	0	0	0	0	0	0	0	0	0	0	0	0	0	0	0	0	0	0	0	2	0	0	0
11.77	0	0	0	0	0	0	0	0	0	0	0	0	0	0	0	0	0	0	0	0	0	0	0	0	0	0
11.78	0.08	0	0	0	0	0	0	0	0	2	0	0	0	0	0	0	0	0	0	0	0	0	0	0	0	0
11.79	0.08	0	0	0	0	0	0	0	0	0	0	0	2	0	0	0	0	0	0	0	0	0	0	0	0	0
11.8	0.24	0	0	0	0	0	2	0	0	0	0	0	0	0	0	0	0	0	0	0	0	0	4	0	0	0
11.81	0.08	0	0	0	0	0	0	0	0	0	0	0	0	0	0	0	0	0	0	0	0	0	0	0	2	0
11.82	0.24	0	2	0	0	0	0	0	0	0	0	2	0	0	0	0	0	0	0	2	0	0	0	0	0	0
11.83	0.16	0	0	0	0	0	0	0	0	0	0	0	0	0	0	2	0	0	0	0	0	2	0	0	0	0
11.84	0.48	0	0	0	0	2	0	0	0	0	0	0	0	0	4	0	4	0	2	0	0	0	0	0	0	0
11.85	0.16	0	0	0	0	0	0	0	0	0	0	2	0	0	0	0	0	0	0	0	0	0	0	2	0	0
11.86	0.24	0	0	0	0	0	0	0	0	2	0	0	0	0	0	0	0	0	4	0	0	0	0	0	0	0
11.87	0.08	0	0	0	2	0	0	0	0	0	0	0	0	0	0	0	0	0	0	0	0	0	0	0	0	0
11.88	0.16	0	0	0	0	0	0	0	2	2	0	0	0	0	0	0	0	0	0	0	0	0	0	0	0	0
11.89	0.32	0	0	0	0	0	0	4	0	0	0	0	0	0	0	2	0	0	0	0	0	0	2	0	0	0
11.9	0.08	0	0	0	0	2	0	0	0	0	0	0	0	0	0	0	0	0	0	0	0	0	0	0	0	0
11.91	0.24	0	0	0	0	0	0	2	0	0	0	0	4	0	0	0	0	0	0	0	0	0	0	0	0	0
11.92	0.4	2	0	0	0	0	0	2	0	0	0	0	0	0	0	0	2	4	0	0	0	0	0	0	0	0
11.93	0.32	0	0	0	2	0	0	0	0	0	0	0	0	0	0	0	0	0	0	0	0	0	6	0	0	0
11.94	0.16	0	0	2	0	0	0	0	0	0	0	0	0	0	0	0	0	0	0	0	0	0	2	0	0	0
11.95	0.16	0	0	2	0	0	0	2	0	0	0	0	0	0	0	0	0	0	0	0	0	0	0	0	0	0
11.96	0.24	0	0	0	0	0	0	0	0	0	0	0	0	0	0	0	0	0	0	0	0	4	0	0	0	2
11.97	0	0	0	0	0	0	0	0	0	0	0	0	0	0	0	0	0	0	0	0	0	0	0	0	0	0
11.98	0.24	0	4	0	0	0	0	0	0	0	0	0	0	0	0	0	2	0	0	0	0	0	0	0	0	0
11.99	0.48	0	0	0	2	0	0	0	0	4	0	0	0	0	0	2	0	0	0	0	0	0	0	0	0	4
12	0.08	0	2	0	0	0	0	0	0	0	0	0	0	0	0	0	0	0	0	0	0	0	0	0	0	0
12.01	0.64	0	0	0	0	0	4	0	2	0	8	0	0	0	0	0	0	0	0	0	0	2	0	0	0	0
12.02	0.48	0	0	0	0	0	0	0	0	2	0	0	0	2	0	0	0	2	4	0	0	0	0	0	0	2
12.03	0.16	0	0	0	0	0	0	0	0	0	0	0	0	0	0	0	0	0	4	0	0	0	0	0	0	0
12.04	0.08	0	0	2	0	0	0	0	0	0	0	0	0	0	0	0	0	0	0	0	0	0	0	0	0	0
12.05	0.08	0	0	0	0	0	0	0	0	0	0	0	0	0	0	0	2	0	0	0	0	0	0	0	0	0
12.06	0.08	2	0	0	0	0	0	0	0	0	0	0	0	0	0	0	0	0	0	0	0	0	0	0	0	0
12.07	0.32	2	2	0	0	0	0	0	4	0	0	0	0	0	0	0	0	0	0	0	0	0	0	0	0	0
12.08	0.16	0	0	0	0	0	0	0	0	0	0	0	4	0	0	0	0	0	0	0	0	0	0	0	0	0
12.09	0.16	0	0	0	0	0	0	0	0	0	0	0	0	0	0	0	0	0	0	4	0	0	0	0	0	0
12.1	0.24	0	0	0	0	0	0	0	0	0	0	0	0	0	0	0	0	0	0	6	0	0	0	0	0	0
12.11	0	0	0	0	0	0	0	0	0	0	0	0	0	0	0	0	0	0	0	0	0	0	0	0	0	0
12.12	0.4	0	0	0	0	4	0	0	0	0	0	0	0	0	0	0	0	0	0	2	0	0	0	0	2	2
12.13	0.32	0	0	0	0	0	0	0	0	0	2	0	0	0	0	0	0	0	0	0	0	0	2	0	2	2
12.14	0.48	0	0	4	0	0	0	0	0	0	6	0	0	0	0	0	0	0	0	0	0	0	0	2	0	0
12.15	0.08	0	0	2	0	0	0	0	0	0	0	0	0	0	0	0	0	0	0	0	0	0	0	0	0	0
12.16	0.32	0	0	0	0	0	2	0	0	0	0	0	0	0	0	0	0	0	0	0	0	2	0	2	2	0
12.17	0.32	0	0	0	0	2	0	0	0	0	0	0	0	0	0	4	0	0	0	0	0	0	0	2	0	0
12.18	0.4	0	0	0	0	2	2	0	0	0	0	0	2	0	0	0	0	0	0	0	4	0	0	0	0	0
12.19	0.24	0	0	0	0	0	0	0	0	0	0	0	0	0	2	0	0	0	0	0	0	0	2	0	0	2
12.2	0.24	0	0	0	0	0	0	0	0	0	2	0	0	0	0	0	0	0	0	0	2	0	0	2	0	0
12.21	0.32	0	0	0	0	0	2	2	0	0	0	0	0	0	0	2	0	0	0	0	0	0	2	0	0	0
12.22	0.48	0	2	0	0	2	0	0	0	0	0	2	0	2	0	0	0	0	4	0	0	0	0	0	0	0
12.23	0.16	0	0	0	0	0	0	0	0	0	0	0	0	0	0	0	0	0	0	0	0	0	0	4	0	0
12.24	0.4	0	4	0	0	0	0	0	0	0	0	0	0	0	0	0	0	4	0	2	0	0	0	0	0	0
12.25	0.16	0	0	0	0	0	0	0	0	0	0	0	0	0	0	0	0	0	0	0	0	0	0	0	4	0
12.26	0.4	0	0	0	0	0	0	2	0	0	0	0	2	0	0	0	0	0	4	0	0	2	0	0	0	0
12.27	0	0	0	0	0	0	0	0	0	0	0	0	0	0	0	0	0	0	0	0	0	0	0	0	0	0
12.28	0.4	0	0	0	0	0	2	0	0	2	0	0	0	0	2	0	0	0	0	2	0	0	2	0	0	0
12.29	0.56	0	0	0	0	0	2	0	0	2	0	0	0	0	6	2	0	0	0	2	0	0	0	0	0	0
12.3	0.24	0	0	0	0	0	2	0	0	0	0	0	4	0	0	0	0	0	0	0	0	0	0	0	0	0
12.31	0.08	0	0	0	0	0	0	0	0	0	0	0	0	0	0	0	0	0	0	0	0	0	0	0	2	0
12.32	0.24	0	0	2	0	0	0	0	0	0	0	4	0	0	0	0	0	0	0	0	0	0	0	0	0	0
12.33	0.32	0	0	0	0	0	0	0	0	0	0	0	0	0	0	0	0	0	6	0	0	0	0	0	2	0
12.34	0.32	0	0	0	0	2	0	0	0	2	0	0	0	0	0	0	4	0	0	0	0	0	0	0	0	0
12.35	0.4	2	0	0	0	0	0	2	0	0	0	0	0	0	0	0	0	2	0	4	0	0	0	0	0	0
12.36	0.24	0	4	0	0	0	0	0	0	0	0	0	0	0	0	0	0	0	0	0	0	0	0	2	0	0
12.37	0.64	0	2	2	0	0	0	0	2	0	0	0	0	0	4	0	0	0	4	0	2	0	0	0	0	0
12.38	0.24	0	0	0	0	0	0	0	0	0	0	0	0	0	0	0	0	0	0	0	0	0	0	0	2	4
12.39	0.32	0	6	0	0	0	0	0	2	0	0	0	0	0	0	0	0	0	0	0	0	0	0	0	0	0
12.4	0.08	0	0	0	0	0	0	2	0	0	0	0	0	0	0	0	0	0	0	0	0	0	0	0	0	0
12.41	0.16	0	0	0	0	0	0	0	0	0	0	0	0	0	0	0	0	0	0	0	0	0	0	0	0	4
12.42	0	0	0	0	0	0	0	0	0	0	0	0	0	0	0	0	0	0	0	0	0	0	0	0	0	0
12.43	0.64	0	0	0	0	0	0	0	0	0	0	4	0	4	0	0	0	0	0	2	2	0	0	0	0	4
12.44	0.72	4	0	0	0	0	0	0	0	0	0	4	0	4	0	0	0	0	4	0	0	0	0	0	0	2
12.45	0.72	0	0	0	0	2	0	0	0	0	0	0	4	0	0	0	0	4	0	0	0	0	0	4	4	0
12.46	0.24	0	0	0	0	0	0	0	0	0	0	2	0	0	0	0	0	0	0	4	0	0	0	0	0	0
12.47	0.16	0	0	0	0	0	0	0	4	0	0	0	0	0	0	0	0	0	0	0	0	0	0	0	0	0
12.48	0.96	0	0	0	0	0	0	0	0	6	0	0	0	4	0	4	2	0	0	0	2	2	2	0	2	0
12.49	0.24	0	0	0	0	2	0	0	0	0	0	0	0	0	0	0	4	0	0	0	0	0	0	0	0	0
12.5	0.8	0	4	0	0	0	0	4	0	0	0	0	0	0	0	0	6	0	0	4	0	0	0	0	2	0
12.51	0.56	0	4	0	0	0	0	0	2	0	0	0	2	0	0	0	0	2	0	0	0	4	0	0	0	0
12.52	0.64	0	0	0	0	0	0	0	0	0	0	4	0	0	4	2	0	0	0	0	0	0	2	0	0	4
12.53	0.24	0	0	0	0	0	0	0	0	0	0	0	0	0	0	4	0	0	0	2	0	0	0	0	0	0
12.54	0.32	0	2	0	0	0	0	0	0	0	0	0	0	4	0	2	0	0	0	0	0	0	0	0	0	0
12.55	0.56	0	2	0	0	0	0	0	0	0	0	4	2	0	0	0	0	0	0	2	0	0	4	0	0	0
12.56	0.16	0	0	0	0	0	0	0	0	0	2	0	0	0	0	0	0	2	0	0	0	0	0	0	0	0
12.57	0.32	0	0	0	0	0	0	0	0	2	0	0	0	0	2	0	0	0	4	0	0	0	0	0	0	0
12.58	0.48	0	0	4	0	0	0	0	0	0	2	0	0	0	2	0	0	2	2	0	0	0	0	0	0	0
12.59	0.4	4	0	0	0	0	0	0	4	0	0	0	0	0	0	0	0	0	0	0	2	0	0	0	0	0
12.6	0.64	0	0	0	0	0	0	0	0	0	0	0	0	4	0	0	4	0	0	4	0	0	4	0	0	0
12.61	0.48	0	0	2	0	0	0	0	0	0	0	0	2	0	0	0	0	0	0	0	0	6	2	0	0	0
12.62	0.16	4	0	0	0	0	0	0	0	0	0	0	0	0	0	0	0	0	0	0	0	0	0	0	0	0
12.63	0.16	0	0	0	0	0	0	4	0	0	0	0	0	0	0	0	0	0	0	0	0	0	0	0	0	0
12.64	0.56	2	2	0	4	0	0	0	0	0	0	0	0	4	0	0	0	0	0	0	0	0	0	0	2	0
12.65	0.96	0	0	0	6	0	0	0	0	0	0	0	0	4	2	0	0	0	0	4	0	0	0	4	0	4
12.66	0.16	0	0	0	2	0	0	0	0	0	0	0	0	0	0	0	2	0	0	0	0	0	0	0	0	0
12.67	0.4	0	0	4	0	0	0	0	0	0	0	0	0	0	0	2	0	0	0	0	0	0	0	2	0	2
12.68	0.96	0	0	0	0	0	0	0	0	0	0	2	4	2	4	0	0	0	0	2	0	0	0	4	6	0
12.69	0.48	0	0	2	0	0	0	0	0	0	0	0	0	0	2	0	0	0	4	2	0	0	2	0	0	0
12.7	0.32	2	2	0	0	0	0	0	0	0	0	0	0	0	0	0	0	0	2	0	0	2	0	0	0	0
12.71	0.56	0	0	0	4	0	4	0	0	0	0	2	0	0	0	2	0	0	0	0	0	0	0	0	2	0
12.72	0.4	0	0	0	0	0	0	0	2	0	0	0	0	0	0	2	2	0	0	0	0	0	4	0	0	0
12.73	0.4	4	0	0	0	0	0	0	0	0	0	0	0	2	0	0	0	2	0	0	0	0	0	0	0	2
12.74	0.48	0	4	0	0	0	0	0	0	0	0	0	0	0	0	0	0	0	0	0	0	0	4	4	0	0
12.75	0.48	0	0	0	2	0	2	0	0	2	0	2	0	0	0	0	0	0	0	0	4	0	0	0	0	0
12.76	0.64	2	0	0	4	2	0	2	0	0	0	0	0	2	0	0	0	0	0	0	0	0	2	0	2	0
12.77	0.8	0	0	0	0	4	0	2	0	0	0	8	0	0	0	0	4	0	0	0	0	2	0	0	0	0
12.78	0.32	0	0	2	0	2	0	0	0	0	0	0	0	0	2	0	0	0	2	0	0	0	0	0	0	0
12.79	0.88	0	0	0	0	0	0	4	0	10	0	0	0	0	0	0	0	0	0	0	0	4	2	0	2	0
12.8	0.08	0	0	0	0	0	0	0	0	0	0	0	0	0	0	0	0	2	0	0	0	0	0	0	0	0
12.81	0.24	0	0	0	4	0	0	0	0	0	0	0	0	0	0	0	0	0	0	2	0	0	0	0	0	0
12.82	0.64	0	0	0	0	2	0	2	0	0	2	2	6	0	2	0	0	0	0	0	0	0	0	0	0	0
12.83	0.32	2	0	0	0	0	4	0	0	0	0	2	0	0	0	0	0	0	0	0	0	0	0	0	0	0
12.84	0.24	0	0	0	0	2	0	0	0	0	0	0	0	4	0	0	0	0	0	0	0	0	0	0	0	0
12.85	0.08	0	0	0	0	0	0	0	0	0	0	0	0	0	2	0	0	0	0	0	0	0	0	0	0	0
12.86	0.24	0	0	0	0	0	0	0	0	0	0	0	0	0	4	0	0	0	0	0	0	2	0	0	0	0
12.87	0.4	0	0	0	0	2	0	0	0	0	0	2	0	0	0	0	0	0	0	4	0	2	0	0	0	0
12.88	0.32	2	0	2	0	0	0	0	0	0	0	0	0	0	0	0	0	0	0	0	0	0	0	4	0	0
12.89	0.64	0	0	0	0	0	0	6	2	0	0	0	0	0	0	0	0	2	0	2	0	0	4	0	0	0
12.9	0.88	0	2	0	0	0	0	2	0	0	0	0	0	2	0	0	2	10	0	0	4	0	0	0	0	0
12.91	0.56	0	0	0	2	0	0	0	0	2	0	2	0	0	0	0	0	0	0	4	0	0	0	0	4	0
12.92	0.48	0	0	0	0	0	0	0	0	2	4	0	0	0	0	0	0	0	4	0	0	0	0	0	2	0
12.93	0.64	0	4	0	0	0	0	2	0	0	0	0	0	0	0	0	0	0	2	0	0	0	4	0	4	0
12.94	0.24	0	0	0	0	0	0	0	0	4	0	0	0	0	0	0	0	0	2	0	0	0	0	0	0	0
12.95	0.32	0	2	0	0	0	2	0	0	0	0	0	0	0	0	0	0	0	2	0	0	0	0	2	0	0
12.96	0.24	0	0	0	0	0	0	0	0	2	0	0	4	0	0	0	0	0	0	0	0	0	0	0	0	0
12.97	0.88	0	0	2	0	4	2	0	0	0	0	0	0	4	2	0	0	4	0	0	0	2	0	0	2	0
12.98	0.4	0	0	0	0	0	0	0	0	8	0	0	0	0	0	0	0	0	0	0	0	0	0	0	0	2
12.99	0.48	0	0	4	0	0	0	0	0	0	0	0	2	0	0	0	0	0	0	4	0	0	2	0	0	0
13	0.8	0	0	0	0	0	0	4	4	2	0	0	0	2	0	2	0	0	4	0	0	0	0	2	0	0
13.01	0.56	0	0	0	0	0	0	0	2	0	4	0	0	0	0	0	0	0	0	0	0	4	2	2	0	0
13.02	0.32	0	0	0	0	2	0	0	0	0	0	0	0	0	0	0	0	4	0	2	0	0	0	0	0	0
13.03	0.4	0	0	0	0	0	0	0	0	0	0	4	0	0	0	4	0	2	0	0	0	0	0	0	0	0
13.04	0.16	0	0	0	0	0	0	0	0	0	0	0	0	0	2	0	0	0	0	0	0	0	0	0	0	2
13.05	0.72	0	0	0	6	0	0	0	0	0	4	0	0	0	0	0	4	0	0	0	2	0	0	0	2	0
13.06	0.32	0	0	0	0	0	0	0	2	0	2	0	0	0	0	0	0	0	0	0	2	0	0	0	0	2
13.07	0.32	0	0	2	0	0	0	0	6	0	0	0	0	0	0	0	0	0	0	0	0	0	0	0	0	0
13.08	0.96	0	2	0	0	2	0	0	0	0	2	0	2	2	0	4	4	0	0	2	0	0	0	0	4	0
13.09	0.8	0	0	0	2	0	0	4	2	0	0	4	0	2	0	0	0	0	0	0	0	2	4	0	0	0
13.1	0.64	0	2	0	0	0	2	0	0	0	4	0	0	0	0	0	0	0	0	0	2	0	0	0	4	2
13.11	1.12	0	0	6	0	4	2	0	0	0	0	4	0	0	6	0	0	0	0	0	0	0	0	0	0	6
13.12	0.4	0	0	0	0	4	0	0	0	0	0	0	0	0	0	2	0	2	2	0	0	0	0	0	0	0
13.13	0.96	0	0	2	0	0	6	4	0	0	2	0	0	0	0	0	2	0	0	0	0	0	0	6	0	2
13.14	0.96	0	0	0	2	0	0	0	0	0	6	2	2	0	0	0	0	0	0	4	2	0	0	0	2	4
13.15	0.56	0	0	2	2	0	0	0	0	0	0	0	0	0	0	0	2	0	0	0	0	0	2	2	4	0
13.16	0.72	6	0	0	0	2	0	0	0	0	0	0	0	0	0	0	0	0	2	0	0	0	2	2	0	4
13.17	0.32	0	0	0	0	4	0	0	0	0	0	0	0	0	0	0	0	0	0	2	0	2	0	0	0	0
13.18	1.44	0	0	4	0	4	0	0	0	0	0	4	0	0	0	0	0	0	2	2	6	0	6	0	0	8
13.19	0.64	0	0	0	0	0	0	2	0	0	2	0	0	0	0	0	4	2	0	0	2	0	0	2	2	0
13.2	0.56	0	2	0	2	2	0	0	0	0	0	0	0	0	0	0	0	0	0	0	0	6	0	2	0	0
13.21	0.48	0	0	0	0	4	0	0	0	0	0	0	0	2	0	0	2	0	0	0	2	0	2	0	0	0
13.22	0.88	0	0	0	0	2	2	0	4	0	0	0	0	4	6	0	0	0	0	0	0	0	0	4	0	0
13.23	0.4	0	0	0	2	0	0	0	0	0	0	0	0	2	4	0	0	0	0	0	0	0	0	0	0	2
13.24	0.4	0	0	0	0	0	0	0	0	4	0	0	0	0	0	0	0	0	0	0	0	2	0	0	0	4
13.25	0.48	0	2	0	0	0	0	0	2	0	2	0	0	2	0	0	0	0	0	2	0	0	2	0	0	0
13.26	0.56	0	0	0	0	0	2	0	0	2	0	0	0	0	0	2	0	0	0	2	2	0	4	0	0	0
13.27	0.8	0	4	2	0	0	0	2	0	4	2	0	0	0	0	0	4	0	2	0	0	0	0	0	0	0
13.28	0.8	2	0	0	2	6	0	0	0	2	2	0	0	0	2	0	0	2	0	0	0	2	0	0	0	0
13.29	0.8	0	2	0	4	0	0	0	2	0	0	0	2	2	0	0	0	0	0	0	0	4	0	0	2	2
13.3	0.4	0	0	0	2	4	0	0	0	0	0	2	0	0	0	0	0	2	0	0	0	0	0	0	0	0
13.31	0.8	0	0	0	0	4	0	0	0	0	0	0	2	0	0	0	0	0	0	4	4	0	0	4	0	2
13.32	1.2	0	0	0	0	0	0	0	0	0	0	4	2	2	4	6	8	0	0	2	0	0	0	2	0	0
13.33	0.88	0	0	0	4	0	0	0	4	2	0	0	0	0	0	6	0	0	2	0	0	0	0	0	0	4
13.34	1.2	0	0	0	4	0	0	2	0	2	0	6	4	0	6	0	0	0	4	0	2	0	0	0	0	0
13.35	0.56	0	0	0	0	0	0	4	0	4	2	0	0	0	0	0	0	0	0	2	0	0	0	0	2	0
13.36	0.24	0	0	0	0	0	0	0	0	0	0	0	4	0	0	0	0	0	0	0	0	0	0	2	0	0
13.37	0.88	0	4	0	0	0	0	0	0	2	2	4	2	2	4	0	0	0	0	0	0	0	0	2	0	0
13.38	0.64	0	0	0	0	0	0	2	2	0	0	0	0	0	0	0	2	0	0	0	4	0	0	2	0	4
13.39	0.56	0	0	0	0	4	4	0	0	0	2	0	2	0	0	0	0	0	0	2	0	0	0	0	0	0
13.4	1.2	0	0	10	0	0	0	2	2	0	0	2	8	0	2	0	0	0	0	0	0	0	0	0	4	0
13.41	1.44	0	0	2	0	2	0	0	2	6	0	0	0	2	0	2	0	4	8	2	0	0	4	2	0	0
13.42	1.04	0	2	0	0	2	0	0	0	2	0	0	0	4	4	0	0	0	0	0	0	4	0	4	0	4
13.43	1.36	0	0	0	2	2	4	2	0	0	6	0	0	0	10	2	2	0	2	0	2	0	0	0	0	0
13.44	0.48	0	2	2	0	0	0	0	0	2	0	0	2	2	0	0	0	0	0	0	0	2	0	0	0	0
13.45	1.6	0	4	0	4	2	0	0	0	2	0	0	2	2	6	2	2	0	0	2	2	4	0	6	0	0
13.46	0.56	0	0	0	0	0	0	0	0	0	0	2	4	0	2	4	0	2	0	0	0	0	0	0	0	0
13.47	0.64	2	0	0	4	0	0	0	0	4	0	0	0	4	0	0	0	0	0	2	0	0	0	0	0	0
13.48	0.56	0	0	0	0	0	0	2	2	2	2	0	0	0	0	0	0	0	0	2	0	0	0	4	0	0
13.49	0.96	0	0	0	2	4	2	0	0	0	0	0	0	0	0	0	0	0	8	2	6	0	0	0	0	0
13.5	0.88	0	0	0	0	0	0	2	0	0	4	0	0	4	2	4	0	0	2	0	0	2	2	0	0	0
13.51	1.28	0	0	4	0	0	4	0	4	2	4	0	0	4	0	0	2	0	0	2	0	0	0	0	6	0
13.52	0.72	0	2	6	0	0	0	0	0	0	0	0	0	0	0	0	0	0	2	0	0	4	0	0	4	0
13.53	2	10	0	0	0	0	0	0	0	2	8	6	0	0	0	4	0	0	10	2	2	4	0	0	0	2
13.54	1.2	0	2	0	0	0	0	0	0	4	0	0	0	0	4	0	0	2	10	0	0	4	0	0	4	0
13.55	1.12	0	0	0	2	0	0	0	2	0	0	8	0	0	0	2	4	0	2	0	0	2	2	0	0	4
13.56	1.68	0	0	0	4	2	6	0	0	2	6	0	4	4	2	0	0	0	2	2	4	0	0	0	4	0
13.57	1.12	0	0	0	4	2	4	0	2	6	0	0	0	0	0	0	0	4	0	0	0	0	0	0	4	2
13.58	0.64	0	0	0	2	0	0	0	0	0	2	0	6	0	0	0	2	0	0	0	0	0	4	0	0	0
13.59	1.04	0	0	0	0	0	0	0	0	0	4	4	2	0	0	0	0	0	2	4	6	0	0	0	4	0
13.6	0.64	0	2	0	4	0	0	0	0	0	0	0	0	0	0	0	4	2	2	0	0	0	0	0	2	0
13.61	1.28	2	0	2	4	0	2	0	4	2	0	0	4	4	0	0	0	0	0	0	0	0	0	6	0	2
13.62	2.48	6	2	0	4	0	0	0	2	6	4	6	0	0	2	0	6	2	0	2	6	2	4	2	2	4
13.63	1.68	0	0	4	6	0	0	0	4	2	2	8	2	0	0	0	0	0	2	0	2	2	0	0	6	2
13.64	1.76	0	0	0	6	0	0	6	14	4	2	0	0	2	0	0	0	6	2	0	2	0	0	0	0	0
13.65	1.12	0	2	0	2	0	0	0	0	4	0	0	0	0	10	4	0	0	0	0	2	2	0	0	0	2
13.66	1.68	2	0	4	0	0	0	0	4	0	0	2	0	4	0	0	10	2	0	2	0	0	6	2	0	4
13.67	1.12	0	0	0	2	0	0	0	0	2	2	0	0	0	4	0	2	2	0	0	2	2	2	4	0	4
13.68	2.08	2	4	4	6	2	0	0	0	0	2	0	0	2	4	4	4	0	0	6	0	0	6	4	0	2
13.69	1.2	0	0	0	0	4	2	4	6	2	0	0	0	2	0	0	0	0	4	0	0	2	0	2	0	2
13.7	1.36	0	0	10	0	0	4	0	4	0	2	4	4	0	0	0	0	2	0	0	2	2	0	0	0	0
13.71	1.76	0	0	4	0	6	2	0	0	0	4	4	8	0	0	0	0	2	0	0	6	0	8	0	0	0
13.72	1.28	6	2	2	0	4	2	0	0	0	0	0	0	0	2	0	0	0	0	4	0	0	0	8	2	0
13.73	1.68	2	6	0	0	0	0	0	2	0	0	4	0	6	2	0	2	2	0	0	4	2	2	4	2	2
13.74	2.32	0	6	0	2	14	0	0	4	10	2	0	0	6	0	0	4	0	0	6	0	0	0	4	0	0
13.75	1.76	0	0	10	2	4	0	2	0	0	2	0	4	4	4	0	0	4	0	0	0	0	4	4	0	0
13.76	1.84	2	6	0	2	0	2	4	0	4	2	4	0	2	4	0	0	4	0	6	2	2	0	0	0	0
13.77	1.92	0	0	2	6	2	0	0	0	4	4	0	6	0	0	0	0	2	2	4	2	4	2	0	2	6
13.78	1.44	4	4	0	0	0	2	2	0	0	0	4	2	6	0	4	4	0	0	0	0	0	0	0	0	4
13.79	2.24	2	0	2	2	0	0	0	10	0	0	0	6	0	0	4	2	2	4	10	2	0	2	4	0	4
13.8	1.6	0	2	0	0	2	0	0	0	2	0	6	0	4	0	4	0	0	4	4	2	0	0	4	2	4
13.81	1.28	2	0	2	0	0	0	0	0	2	2	0	6	0	4	0	2	2	0	4	0	2	0	0	2	2
13.82	1.6	0	0	0	0	2	0	4	0	0	0	4	4	4	0	0	6	0	4	4	2	0	2	0	0	4
13.83	2	4	12	0	0	0	4	0	0	2	2	2	0	0	2	0	8	4	0	0	0	0	0	0	4	6
13.84	2	4	8	0	4	0	2	6	0	4	0	0	4	2	0	2	2	0	0	0	6	0	0	2	0	4
13.85	1.2	4	0	4	0	2	2	0	0	2	0	0	0	0	4	6	0	0	2	0	0	0	0	4	0	0
13.86	1.52	2	0	2	4	2	0	0	4	2	2	0	0	0	4	0	0	4	0	6	0	0	0	0	4	2
13.87	1.2	0	2	0	2	0	4	2	4	0	0	2	0	2	2	0	2	0	0	4	0	0	0	0	4	0
13.88	1.2	4	0	0	0	2	0	0	0	6	0	2	0	4	0	4	2	0	0	2	0	0	4	0	0	0
13.89	1.68	0	4	2	0	2	2	4	0	6	0	0	2	2	0	4	0	8	0	0	0	2	0	0	4	0
13.9	1.68	2	6	4	4	0	0	0	0	0	0	4	0	2	0	0	0	0	4	0	6	2	0	4	0	4
13.91	2.16	8	10	0	0	2	4	0	2	2	0	2	0	2	4	4	4	0	4	0	0	2	2	2	0	0
13.92	3.04	2	4	10	0	0	4	0	10	0	4	2	4	0	2	0	0	2	6	4	4	4	2	6	6	0
13.93	1.6	2	0	6	2	6	2	6	0	0	0	2	0	4	0	0	2	4	0	0	0	0	0	2	0	2
13.94	2	4	0	0	2	2	4	0	4	0	2	2	8	0	6	4	0	0	2	0	0	4	0	0	0	6
13.95	1.68	0	6	4	0	0	0	0	0	2	2	2	0	4	2	2	0	0	0	4	4	0	0	4	2	4
13.96	2.48	0	4	0	8	2	10	0	0	0	0	0	4	2	8	0	2	2	0	0	4	2	4	0	10	0
13.97	2.56	2	2	0	4	0	2	0	4	0	0	4	4	0	0	2	6	2	0	4	4	2	4	2	12	4
13.98	2.56	0	8	4	2	6	6	2	0	0	0	4	2	2	2	0	2	6	4	4	0	2	4	0	0	4
13.99	2.4	0	0	0	4	2	2	0	2	2	8	4	2	0	4	6	0	6	0	4	6	0	0	6	2	0
14	2.16	4	0	0	0	0	0	0	4	2	6	2	0	4	0	4	0	2	2	4	2	0	2	4	10	2
14.01	1.68	0	2	2	0	2	4	2	0	0	2	0	4	2	2	0	0	4	0	0	4	0	2	4	2	4
14.02	2.56	0	0	0	0	16	2	4	2	4	2	0	0	6	4	8	4	0	2	2	0	2	2	2	0	2
14.03	1.2	0	6	2	0	0	2	4	0	0	4	2	0	2	4	0	0	0	0	0	0	0	0	0	4	0
14.04	3.44	2	14	4	0	2	0	0	0	2	2	0	4	0	2	0	16	10	4	0	6	0	8	4	0	6
14.05	1.52	0	2	0	2	0	0	0	4	0	2	4	2	0	4	0	0	2	0	0	0	6	6	4	0	0
14.06	2.08	4	8	0	2	0	2	0	2	4	2	2	6	6	0	2	2	0	2	4	0	0	2	0	2	0
14.07	2.48	2	2	2	4	0	0	0	2	2	0	0	0	10	4	4	0	2	0	6	2	8	0	4	6	2
14.08	1.68	0	0	0	0	2	0	2	0	0	4	2	4	4	4	2	0	6	2	4	0	2	0	2	2	0
14.09	2.08	2	4	2	0	2	0	0	2	2	0	0	2	4	0	2	0	2	6	0	2	12	6	0	2	0
14.1	1.84	0	4	0	0	0	0	6	0	0	0	12	0	8	0	4	0	0	0	0	4	0	2	4	2	0
14.11	1.92	0	2	2	0	2	2	0	4	4	0	2	2	4	2	0	0	6	2	0	10	2	2	0	0	0
14.12	2	2	2	0	0	2	0	6	4	0	0	4	2	4	2	2	6	0	6	4	0	2	0	0	0	2
14.13	3.36	0	2	2	4	2	0	6	0	8	4	0	0	2	8	2	2	6	14	0	4	0	8	6	0	4
14.14	2.4	2	0	2	0	2	4	0	2	4	2	2	8	2	2	2	0	2	4	4	0	0	2	2	2	10
14.15	2	0	6	0	0	6	2	2	2	0	2	0	4	6	2	0	0	0	4	0	6	2	0	0	4	2
14.16	2.4	2	6	6	6	0	2	2	10	0	4	2	2	0	0	0	2	4	2	0	0	0	4	2	0	4
14.17	2.32	0	0	0	0	2	0	4	2	0	0	6	2	0	0	4	8	10	2	2	6	6	0	2	0	2
14.18	2.56	4	0	0	4	6	0	0	2	2	2	6	0	4	4	10	0	0	4	0	4	0	4	2	6	0
14.19	1.68	0	2	0	2	0	0	0	2	8	0	0	0	0	0	12	0	0	4	0	2	0	4	2	0	4
14.2	2.88	6	4	0	0	8	6	0	0	10	2	4	0	0	0	4	2	4	2	6	6	2	4	0	0	2
14.21	2.96	0	0	4	0	4	2	6	0	2	4	0	0	2	6	4	0	2	6	0	10	8	4	6	2	2
14.22	3.04	0	0	8	0	2	2	8	0	2	4	8	4	2	10	4	0	0	0	6	0	4	0	4	4	4
14.23	2.4	4	0	4	2	4	2	8	0	0	4	2	0	2	2	0	6	0	2	2	2	2	0	0	0	12
14.24	2.4	4	0	6	0	8	0	0	2	4	0	0	6	2	4	4	2	4	0	2	2	6	0	0	4	0
14.25	3.04	4	4	10	6	2	2	0	0	2	2	0	10	2	4	4	0	4	2	0	2	2	0	10	0	4
14.26	3.6	2	6	6	2	4	6	6	4	4	0	6	4	6	0	2	0	0	0	2	4	4	4	10	4	4
14.27	3.68	2	8	6	0	0	8	0	0	4	6	0	6	4	2	8	0	4	4	4	4	2	6	2	10	2
14.28	2.56	2	0	6	4	6	0	0	4	2	4	0	0	4	4	8	12	0	0	2	4	0	0	2	0	0
14.29	2.8	6	4	2	8	0	2	2	0	0	0	6	4	2	2	2	8	8	0	2	0	0	2	2	8	0
14.3	2.48	2	4	2	4	0	2	2	2	2	2	0	6	0	0	0	14	4	6	0	4	0	4	0	0	2
14.31	4.24	2	2	8	0	4	0	0	12	6	4	0	4	0	0	2	10	8	2	4	0	6	4	14	6	8
14.32	4.08	2	4	10	4	2	10	4	8	4	2	0	2	10	2	8	0	2	6	4	2	2	2	8	0	4
14.33	3.68	4	0	8	10	0	0	4	2	2	2	2	0	12	0	4	2	2	10	6	8	4	0	6	0	4
14.34	3.04	4	6	0	0	0	2	0	6	0	0	2	0	10	4	10	8	0	0	6	0	4	10	2	0	2
14.35	3.6	4	2	6	0	0	4	0	8	0	12	10	8	2	0	4	6	0	0	0	6	0	6	0	6	6
14.36	4.4	2	2	2	8	2	4	12	2	2	4	8	0	0	14	0	4	2	2	0	4	16	8	0	4	8
14.37	3.04	0	0	2	8	0	2	2	2	0	8	4	4	0	2	2	0	6	6	4	0	4	2	2	2	14
14.38	2.72	0	0	2	0	4	6	4	4	2	4	4	8	0	6	2	4	0	10	6	0	0	0	2	0	0
14.39	3.76	2	2	6	12	2	6	4	2	0	4	4	4	0	2	2	10	0	8	6	4	4	0	0	0	10
14.4	3.92	2	4	6	2	6	2	4	0	4	0	0	4	2	12	4	4	2	6	0	0	8	0	6	16	4
14.41	3.44	4	2	4	0	6	2	2	6	6	6	4	0	2	6	0	4	2	4	4	4	12	4	2	0	0
14.42	4.48	8	8	4	0	4	0	2	8	0	18	4	6	0	2	2	6	2	10	6	0	0	6	8	6	2
14.43	3.12	6	4	8	2	2	0	2	4	0	8	2	0	2	0	2	0	8	6	0	4	4	6	0	8	0
14.44	3.28	2	0	2	10	6	0	6	2	4	4	0	0	4	2	4	2	4	0	0	8	12	0	8	2	0
14.45	4.08	4	4	0	6	4	4	6	4	6	0	10	4	0	6	0	20	2	0	8	2	0	6	2	2	2
14.46	3.36	2	4	2	6	0	2	4	4	2	6	0	4	2	6	0	6	0	2	4	6	0	6	4	4	8
14.47	3.04	2	0	2	0	8	0	2	0	2	2	6	6	0	4	4	2	6	8	4	4	2	6	4	2	0
14.48	3.84	2	2	8	0	0	4	10	2	2	2	10	4	14	2	6	0	6	0	2	12	2	4	0	2	0
14.49	4.24	4	0	8	6	6	4	2	0	2	4	2	10	6	0	2	4	8	6	0	6	2	4	16	0	4
14.5	3.2	6	2	0	6	0	6	6	0	6	0	2	0	2	6	8	0	4	2	2	4	2	0	8	8	0
14.51	3.36	0	2	2	4	2	0	6	4	0	8	6	0	6	0	0	6	6	8	8	4	4	4	2	2	0
14.52	4.08	0	0	10	2	4	4	0	6	12	6	6	0	4	0	4	4	8	4	4	2	8	2	2	8	2
14.53	5.04	0	4	6	8	10	4	2	10	8	6	6	0	6	0	4	10	6	0	4	2	6	2	10	2	10
14.54	3.92	16	8	2	4	4	2	4	0	0	2	8	0	2	2	10	6	2	0	4	10	4	4	0	4	0
14.55	4.88	6	12	10	2	2	0	2	6	6	2	0	6	0	2	4	4	6	12	2	10	2	8	6	6	6
14.56	3.6	2	10	0	0	2	10	4	4	0	4	4	6	0	2	2	2	2	4	6	12	2	4	0	4	4
14.57	3.84	4	0	14	6	4	4	4	4	0	2	8	0	2	2	4	4	2	6	6	8	2	0	0	2	8
14.58	3.6	10	2	4	10	2	4	6	4	0	2	2	0	8	2	8	0	6	2	2	6	2	4	2	2	0
14.59	4.16	0	10	6	4	0	4	2	4	4	0	2	0	4	2	0	2	2	16	6	8	2	0	6	6	14
14.6	4.88	20	2	0	4	8	0	6	2	12	2	2	0	6	2	2	0	2	6	10	2	6	18	6	0	4
14.61	4.24	6	4	4	2	2	12	4	0	4	4	4	0	4	0	4	4	14	12	8	0	0	6	2	0	6
14.62	4.32	2	6	4	8	6	0	0	4	6	4	6	0	0	6	2	4	6	2	10	2	4	4	8	8	6
14.63	4.88	0	4	6	12	16	0	14	4	4	4	2	6	2	6	6	6	4	0	6	4	4	8	2	2	0
14.64	5.6	0	6	4	14	8	4	0	6	6	6	0	2	14	2	8	2	2	6	16	18	6	2	0	4	4
14.65	4.64	10	2	8	10	2	0	4	4	4	6	2	4	2	10	2	6	2	4	0	0	0	8	16	4	6
14.66	4.08	8	6	4	2	6	2	8	6	2	4	4	6	0	0	2	10	2	8	0	0	6	6	0	2	8
14.67	4.72	8	8	6	6	2	6	8	2	4	4	4	6	8	2	0	0	2	4	4	6	4	2	6	4	12
14.68	3.52	2	4	6	2	4	2	4	4	8	4	10	6	2	2	0	0	0	4	2	2	4	6	2	2	6
14.69	4.88	10	2	0	2	4	6	4	4	6	6	6	2	6	4	6	4	6	6	8	10	4	2	12	2	0
14.7	4	2	4	4	4	2	0	6	2	8	2	0	0	6	12	2	0	16	6	2	2	6	0	8	6	0
14.71	5.44	6	10	2	4	4	4	2	12	4	8	14	8	2	8	8	4	4	6	2	2	2	0	6	8	6
14.72	3.84	2	0	2	6	8	8	2	6	4	8	0	0	6	4	8	6	2	4	4	10	4	2	0	0	0
14.73	5.2	14	6	0	12	6	6	8	2	4	0	12	0	0	0	0	0	10	6	12	0	6	6	10	4	6
14.74	5.52	4	6	8	12	2	2	6	6	2	6	0	6	2	6	6	10	8	4	4	6	10	8	4	6	4
14.75	5.12	10	0	4	10	0	0	0	8	6	18	2	10	2	12	2	0	10	0	8	4	8	2	2	8	2
14.76	4.8	10	2	22	8	2	2	6	4	6	12	0	2	2	4	4	2	8	0	2	0	2	4	12	2	2
14.77	5.68	12	6	0	10	8	10	6	6	12	10	4	4	18	6	0	0	2	0	4	0	6	4	8	2	4
14.78	4.88	0	0	6	10	0	4	2	2	10	8	4	6	2	4	8	8	6	0	4	8	8	4	6	6	6
14.79	3.36	0	4	0	2	4	4	0	6	8	0	4	0	0	4	2	8	6	8	6	0	0	0	8	10	0
14.8	3.52	4	2	8	2	4	4	8	2	0	4	4	2	2	2	2	0	2	4	2	2	2	4	8	8	6
14.81	5.36	6	0	10	4	6	2	8	2	2	12	2	6	6	6	6	10	4	6	4	8	16	0	0	6	2
14.82	5.92	2	2	6	10	4	8	2	6	10	14	6	2	2	6	12	4	6	0	2	6	2	8	14	10	4
14.83	5.52	6	4	2	8	4	0	6	0	4	10	2	10	12	8	8	4	2	6	4	0	6	6	10	8	8
14.84	4.96	0	4	4	4	14	12	10	0	8	2	2	0	0	4	10	6	6	4	4	4	4	8	8	2	4
14.85	5.2	8	10	2	4	10	4	2	6	2	0	8	4	12	4	0	8	0	4	8	10	4	2	10	6	2
14.86	5.28	2	2	2	8	4	18	0	4	0	8	8	4	6	4	4	6	4	4	6	4	0	14	10	4	6
14.87	6.08	8	8	4	6	8	2	0	2	8	16	10	12	14	6	2	8	6	6	2	4	12	4	2	2	0
14.88	6.64	10	12	14	4	6	6	4	0	2	2	12	2	8	16	10	10	6	4	6	6	8	8	8	0	2
14.89	5.36	6	6	6	4	2	2	8	6	2	6	12	2	2	2	6	4	6	2	4	8	0	6	10	10	12
14.9	6.48	4	6	8	8	0	2	10	14	0	18	18	2	0	6	4	6	12	6	12	2	2	10	4	2	6
14.91	6.48	0	6	12	2	6	2	10	4	4	4	8	4	12	2	4	6	4	0	14	8	14	8	16	10	2
14.92	6.64	2	2	6	2	2	4	4	4	10	12	12	0	2	4	8	10	14	10	4	12	12	2	6	8	14
14.93	7.92	8	12	12	16	2	4	14	6	10	4	8	16	2	2	2	6	14	4	4	14	4	6	8	12	8
14.94	6.08	0	12	2	2	8	4	6	14	2	12	14	0	0	8	4	8	8	10	8	10	4	4	2	8	2
14.95	6.72	6	0	10	8	4	8	16	6	2	0	2	0	16	12	12	10	10	12	8	2	6	14	0	4	0
14.96	7.68	16	4	4	12	2	10	12	2	10	12	2	12	10	10	6	8	2	12	14	2	10	4	2	2	12
14.97	8.16	14	18	0	8	10	6	4	14	8	14	6	4	2	6	12	10	14	8	10	6	10	8	2	4	6
14.98	9.36	10	14	10	12	4	14	6	4	6	0	22	0	10	2	8	8	20	6	12	4	30	14	6	8	4
14.99	6.24	4	6	0	8	4	6	4	2	18	8	4	4	4	2	4	18	4	0	14	4	6	6	16	4	6
15	8.8	2	8	12	10	6	2	20	6	6	10	8	8	12	14	8	10	2	14	12	0	4	12	14	10	10
15.01	8.56	8	12	8	10	4	0	2	16	6	18	8	10	8	8	8	2	10	10	16	0	4	4	6	22	14
15.02	8.88	8	6	8	22	4	10	6	8	6	12	14	10	8	6	10	8	10	4	16	8	6	10	10	6	6
15.03	8.48	8	8	12	14	10	10	8	6	6	6	14	6	18	8	6	4	0	16	4	8	16	12	6	2	4
15.04	10.64	20	12	4	4	18	10	4	12	22	4	26	12	22	6	14	6	4	8	12	6	10	2	14	6	8
15.05	11.6	14	12	4	14	4	4	12	4	6	8	2	16	10	10	12	18	14	28	24	16	10	18	10	8	12
15.06	10.72	10	12	2	12	12	6	12	8	12	16	6	14	8	10	8	12	20	12	6	12	10	6	16	20	6
15.07	11.36	22	4	16	22	26	10	12	12	16	2	12	6	6	12	14	4	8	22	8	8	6	8	10	8	10
15.08	12.32	16	12	12	8	12	10	16	6	2	0	22	6	16	12	20	14	14	6	6	10	22	16	20	20	10
15.09	10.16	2	8	12	14	26	2	4	14	6	12	8	8	2	10	16	10	12	10	12	6	4	20	6	22	8
15.1	10.64	14	16	14	16	6	6	14	6	0	10	16	16	2	10	8	10	4	22	6	12	6	16	8	12	16
15.11	12.72	18	6	16	10	14	14	14	12	12	16	8	4	10	10	16	18	20	12	10	8	22	18	8	8	14
15.12	12.8	18	8	16	8	14	20	10	16	12	26	10	4	8	28	6	4	20	18	14	14	18	8	8	8	4
15.13	15.28	30	20	4	20	12	20	16	26	10	14	2	12	16	8	20	28	12	16	8	4	14	18	18	12	22
15.14	13.6	14	10	30	10	18	6	14	14	6	6	18	8	22	16	2	16	6	16	12	38	8	2	14	18	16
15.15	13.6	12	12	14	16	26	14	10	14	0	12	24	6	16	20	10	6	14	20	24	10	10	12	24	6	8
15.16	14.8	8	18	12	26	14	6	22	8	14	24	8	22	30	6	10	12	14	40	4	10	14	12	12	10	14
15.17	18.8	16	20	10	22	34	18	6	16	18	18	10	26	20	30	12	20	26	22	16	18	28	12	16	18	18
15.18	15.6	10	14	20	22	28	12	18	16	6	12	16	12	14	12	24	14	16	12	36	18	10	6	6	14	22
15.19	16.56	6	12	10	28	8	22	20	10	18	18	12	20	6	32	18	26	10	26	24	10	18	12	14	14	20
15.2	17.04	20	18	10	12	12	20	16	14	12	10	14	12	20	24	16	8	18	18	22	26	22	16	20	18	28
15.21	18.4	24	10	26	16	22	10	36	16	26	22	18	10	16	10	26	12	10	14	14	30	22	8	18	30	14
15.22	20.08	42	30	6	22	24	16	16	20	12	16	24	24	22	22	18	32	12	16	20	14	16	14	24	24	16
15.23	18.96	22	4	18	18	18	20	26	22	40	10	14	4	28	22	26	12	36	22	18	10	28	14	16	8	18
15.24	17.52	18	30	18	10	16	18	22	16	20	20	20	8	8	8	18	16	8	28	18	24	10	24	18	14	28
15.25	17.52	14	6	14	28	12	10	24	22	8	6	18	22	32	22	20	4	20	28	16	14	18	32	12	22	14
15.26	20.4	28	16	18	20	22	12	18	34	16	28	10	14	20	34	10	16	14	10	28	20	22	30	32	22	16
15.27	21.68	28	10	36	38	22	30	20	18	14	26	26	10	18	16	16	32	26	36	16	14	22	20	16	18	14
15.28	21.2	22	24	38	18	32	32	12	16	30	20	20	12	26	26	18	20	16	20	16	24	8	18	26	12	24
15.29	20.48	52	8	36	20	8	18	16	26	14	30	24	22	26	24	12	10	34	32	8	26	12	16	16	10	12
15.3	22.96	40	20	26	30	30	32	26	16	26	26	16	20	8	26	26	26	22	22	20	24	22	20	8	12	30
15.31	22.16	8	12	22	34	26	22	24	16	20	32	34	18	16	28	24	26	24	6	26	30	32	12	12	26	24
15.32	23.2	32	10	22	18	24	20	18	30	14	26	28	14	40	10	22	12	28	18	22	16	22	42	30	30	32
15.33	23.76	30	20	30	30	12	24	32	14	30	12	26	10	22	28	26	18	20	26	22	32	30	30	12	32	26
15.34	27.12	24	36	30	20	36	28	20	24	16	26	14	34	42	28	18	16	34	28	28	18	18	32	38	46	24
15.35	22.88	16	22	22	28	12	16	20	34	18	22	18	38	22	16	12	12	16	24	10	22	20	44	40	36	32
15.36	23.68	6	18	18	20	20	24	30	26	14	18	36	42	22	18	34	30	26	22	32	24	32	16	32	16	16
15.37	23.68	22	26	14	34	14	20	20	10	30	30	36	30	28	14	28	22	16	32	26	20	30	18	16	24	32
15.38	24.08	24	30	26	34	32	16	24	10	20	22	28	14	28	12	10	14	32	28	18	24	28	36	16	32	44
15.39	31.28	38	36	38	28	22	16	18	28	30	40	38	22	48	40	40	24	24	34	22	28	28	28	46	34	32
15.4	28.96	16	36	34	36	20	40	26	22	20	38	36	28	16	36	36	28	18	26	26	36	30	30	30	42	18
15.41	27.44	28	18	34	28	26	42	22	26	32	14	28	30	34	22	22	20	42	38	18	20	18	24	56	22	22
15.42	31.36	46	36	26	16	30	24	40	22	26	24	42	34	38	16	36	30	44	38	34	36	30	36	18	20	42
15.43	29.44	26	16	26	34	22	42	18	32	34	34	18	26	42	22	38	24	30	18	30	30	40	48	30	16	40
15.44	32.8	36	34	14	22	52	48	30	30	32	24	32	42	46	24	28	42	30	30	10	32	40	24	38	48	32
15.45	29.84	38	22	32	30	42	28	36	34	40	14	36	36	16	30	30	28	24	34	30	18	32	22	50	30	14
15.46	35.12	56	46	28	26	42	38	32	30	32	22	28	36	56	34	30	38	26	60	42	42	26	38	24	14	32
15.47	34.16	40	28	16	30	36	36	30	24	32	36	34	28	46	48	34	42	26	18	30	50	46	42	24	46	32
15.48	34	40	26	18	32	44	42	36	56	28	30	34	18	62	22	48	58	34	36	14	30	24	24	30	40	24
15.49	37.92	40	52	30	32	36	34	24	32	36	46	26	26	40	44	44	34	44	38	38	42	48	48	36	46	32
15.5	33.76	28	28	24	42	22	36	30	30	40	40	36	28	24	34	38	62	26	20	42	48	26	60	28	30	22
15.51	34.4	32	42	32	32	20	24	32	34	44	40	38	48	16	32	32	38	30	28	34	54	38	42	32	26	40
15.52	33.44	38	50	30	54	26	36	8	40	52	16	6	26	42	56	28	38	30	66	26	28	16	44	30	16	34
15.53	31.76	18	30	50	42	38	28	30	42	40	26	28	30	22	36	30	36	42	34	18	16	28	38	30	36	26
15.54	33.68	38	48	22	26	50	28	58	18	30	26	36	16	28	44	34	36	42	26	40	44	18	36	34	28	36
15.55	36.72	44	40	28	38	32	42	36	52	34	30	26	50	36	36	38	32	30	56	36	36	52	20	24	44	26
15.56	38.96	32	28	44	28	46	56	30	24	38	42	38	38	52	56	34	38	28	34	50	26	36	42	40	48	46
15.57	39.84	26	66	24	24	38	42	44	34	50	34	48	34	28	22	38	34	48	44	54	56	42	18	60	38	50
15.58	41.04	48	46	40	54	22	38	36	44	52	42	36	40	38	40	48	32	20	34	40	52	68	50	30	30	46
15.59	36.32	36	32	38	40	34	36	46	46	50	44	50	34	40	26	34	36	20	40	42	22	30	18	38	40	36
15.6	42.8	56	42	32	46	48	24	46	18	32	28	32	42	46	56	38	44	38	40	42	74	60	44	72	30	40
15.61	45.04	40	60	44	58	52	36	34	40	48	30	42	44	44	40	44	60	54	46	54	40	52	64	32	46	22
15.62	43.28	42	58	44	34	62	40	36	30	26	58	24	80	42	40	40	46	38	52	32	50	34	50	36	56	32
15.63	43.36	56	48	60	42	30	44	46	30	28	52	44	34	26	42	40	60	34	46	40	46	44	48	48	48	48
15.64	43.84	52	56	28	42	58	18	62	42	30	56	32	38	52	48	36	42	36	30	44	38	72	38	58	28	60
15.65	42.88	34	28	60	42	42	58	56	44	54	30	34	30	32	38	48	38	28	74	38	46	52	48	34	58	26
15.66	43.36	42	48	34	46	34	32	52	56	30	44	40	44	44	70	54	48	40	52	38	30	46	40	38	56	26
15.67	47.44	60	36	46	42	50	38	32	48	50	44	54	28	50	70	54	36	40	50	58	34	62	64	44	54	42
15.68	46.48	58	32	60	36	48	44	62	50	46	58	44	50	32	52	40	60	42	72	32	26	36	34	34	60	54
15.69	49.76	46	38	46	70	48	40	42	38	44	46	60	48	54	46	58	70	62	68	40	48	44	40	64	52	32
15.7	48.64	64	22	54	40	50	46	38	44	62	54	38	54	64	54	56	54	50	40	58	34	58	30	52	54	46
15.71	50.48	46	26	60	42	58	60	58	44	72	54	50	38	36	54	64	72	56	54	56	34	20	70	42	50	46
15.72	47.44	38	30	56	50	46	38	36	44	58	48	64	74	58	62	42	56	48	50	44	40	32	46	54	24	48
15.73	47.6	46	68	56	38	40	50	48	32	40	26	58	60	50	62	42	28	46	54	72	38	46	34	56	60	40
15.74	50.48	36	52	48	76	46	52	34	46	62	52	38	40	32	60	52	36	72	52	40	62	68	50	58	52	46
15.75	52.8	48	52	80	62	58	54	46	32	44	34	42	62	54	48	64	56	64	48	40	60	58	52	52	60	50
15.76	50.8	42	46	46	54	52	44	52	56	56	48	58	32	56	58	64	50	50	46	48	40	58	48	64	32	70
15.77	55.44	74	50	36	58	62	58	70	90	50	66	46	58	48	44	74	56	20	76	58	62	36	50	26	60	58
15.78	55.68	40	42	52	50	92	42	54	50	46	66	50	62	60	40	54	42	72	64	52	68	76	64	50	54	50
15.79	58.48	74	40	54	62	42	54	58	66	54	52	54	54	52	44	64	62	60	70	60	62	66	64	64	48	82
15.8	57.84	50	82	60	64	68	50	58	76	64	32	82	58	58	46	54	66	60	52	40	56	70	42	52	58	48
15.81	56	56	54	80	58	38	68	50	44	46	54	88	52	50	52	40	72	52	50	34	46	52	70	48	74	72
15.82	58.4	42	74	52	56	76	66	48	50	52	58	74	44	64	68	58	68	66	72	46	74	42	62	34	54	60
15.83	57.68	76	52	50	46	56	70	54	44	42	60	66	66	72	64	60	62	52	64	68	46	50	58	66	60	38
15.84	59.36	56	64	68	64	52	48	52	42	50	64	70	62	48	50	64	40	54	74	62	66	86	74	80	44	50
15.85	63.2	48	68	78	92	78	102	66	58	46	46	62	58	80	72	58	42	72	60	54	50	44	72	56	74	44
15.86	62.16	50	64	78	44	56	90	46	64	66	58	70	90	82	68	62	54	52	74	48	76	48	48	52	58	56
15.87	65.44	74	64	100	50	96	46	56	70	64	70	66	74	36	102	32	74	62	62	64	86	38	62	70	60	58
15.88	64	76	60	58	50	70	58	76	66	66	54	68	76	60	64	64	58	40	56	62	68	78	62	96	52	62
15.89	63.68	66	60	72	64	60	68	60	42	62	62	74	56	38	50	72	86	54	54	66	88	80	64	68	54	72
15.9	62.96	52	68	56	84	54	42	72	82	78	58	52	60	62	36	56	62	62	76	62	50	62	78	70	62	78
15.91	63.44	56	64	58	66	60	78	60	58	70	84	66	52	56	50	72	58	62	44	74	80	66	60	60	52	80
15.92	68.88	106	66	50	62	58	94	54	58	54	64	86	56	84	104	68	64	86	66	50	54	76	58	56	68	80
15.93	64.64	74	48	72	62	60	46	76	88	62	74	72	78	54	66	48	56	40	84	62	66	74	44	84	62	64
15.94	70.96	72	58	62	66	94	110	72	102	50	48	60	60	72	52	48	80	76	82	88	74	74	74	70	66	64
15.95	63.44	64	44	58	54	68	66	60	56	44	58	74	50	68	68	60	64	50	90	94	62	78	70	82	46	58
15.96	64.64	54	90	90	70	60	64	70	74	84	62	64	94	38	48	54	52	62	52	40	58	70	50	82	80	54
15.97	68	54	98	76	68	68	52	60	102	96	48	62	60	96	68	62	64	50	92	56	70	60	50	82	50	56
15.98	72.56	70	66	68	50	64	64	70	82	80	90	60	56	84	68	88	60	56	72	78	92	86	84	108	64	54
15.99	67.04	88	70	40	84	66	72	38	62	66	48	56	58	82	70	62	66	56	48	86	72	80	70	90	64	82
16	70.48	64	74	70	88	60	64	64	62	70	82	44	70	80	66	48	56	102	62	76	94	82	62	66	72	84
16.01	70.16	82	80	62	60	72	80	64	68	60	68	70	56	72	44	102	68	42	82	80	68	78	80	76	44	96
16.02	69.76	66	76	80	56	84	64	60	80	74	50	88	68	70	78	60	58	52	50	74	70	78	66	78	84	80
16.03	72.16	54	72	68	98	54	96	36	80	90	102	84	78	80	70	88	76	50	86	82	44	56	58	70	72	60
16.04	74.64	92	56	80	88	72	86	76	74	56	88	56	46	78	68	40	92	102	72	68	74	84	70	86	64	98
16.05	74.32	88	54	74	84	70	66	52	96	60	74	46	74	88	72	86	54	58	104	64	110	72	92	60	90	70
16.06	82.24	90	90	54	78	116	76	64	70	74	96	74	106	122	84	74	118	54	82	60	92	68	86	86	80	62
16.07	73.68	70	64	84	62	74	94	58	88	56	100	86	70	54	68	62	48	90	76	82	82	60	68	72	72	102
16.08	77.84	96	102	96	68	68	94	72	70	82	62	58	92	54	66	90	92	84	64	80	62	72	88	74	90	70
16.09	74.24	84	96	82	64	70	60	70	66	80	82	66	64	64	42	56	84	82	120	82	68	80	64	84	70	76
16.1	82.8	94	72	68	60	76	46	94	70	78	100	76	86	84	80	86	118	88	64	82	94	98	76	96	92	92
16.11	79.36	90	82	56	82	92	82	82	42	90	76	78	94	92	80	80	76	94	64	70	84	68	86	78	80	86
16.12	80.72	66	60	72	90	96	80	48	80	84	82	60	94	78	108	92	68	80	80	92	106	92	70	64	94	82
16.13	81.28	58	82	96	76	72	60	58	84	98	64	78	78	82	114	96	62	90	102	60	104	42	94	100	94	88
16.14	86	94	108	78	74	84	76	102	70	98	86	74	66	84	78	74	84	122	84	70	100	90	100	76	80	98
16.15	83.52	92	74	72	72	88	130	80	46	98	82	96	78	84	92	80	86	88	86	76	66	84	94	64	100	80
16.16	83.28	88	86	92	64	82	78	90	84	72	68	106	86	104	106	96	66	82	66	76	86	92	76	74	82	80
16.17	83.6	108	106	78	60	106	86	90	78	68	80	66	88	92	88	54	92	108	66	74	66	102	90	94	76	74
16.18	85.04	92	80	94	94	106	54	94	78	48	88	86	104	92	80	92	74	88	102	96	56	96	88	88	64	92
16.19	82.16	96	70	108	94	108	64	68	70	88	80	86	82	64	60	86	84	72	106	72	88	78	74	90	96	70
16.2	82.48	82	100	96	102	66	80	80	56	68	80	94	84	64	94	80	74	90	100	74	88	100	68	100	90	52
16.21	86.8	88	110	60	96	98	58	82	90	112	86	104	84	72	84	124	86	78	70	82	58	78	92	104	78	96
16.22	82.4	76	104	78	82	84	88	84	78	76	86	130	56	82	92	82	62	68	90	60	100	56	98	86	86	76
16.23	93.68	122	102	84	84	92	96	86	86	124	86	96	80	106	86	100	100	86	64	88	94	106	98	62	104	110
16.24	86.4	120	88	92	104	70	102	100	76	84	78	72	84	80	88	96	96	86	62	90	86	74	80	78	74	100
16.25	92.64	82	72	76	104	104	68	88	90	84	90	80	84	86	94	92	76	142	102	100	114	104	108	122	70	84
16.26	92.24	88	86	108	98	108	70	64	66	108	82	88	96	112	62	78	100	112	104	104	98	82	100	126	86	80
16.27	89.44	62	104	84	82	100	96	114	98	78	126	78	86	70	88	78	106	76	114	78	92	108	68	88	88	74
16.28	90.56	84	78	110	104	84	96	98	82	88	94	102	70	126	80	92	98	62	100	106	98	112	68	94	68	70
16.29	95.2	90	86	138	58	100	102	110	98	80	70	82	92	134	92	88	116	60	124	78	82	100	104	98	106	92
16.3	84.72	106	78	90	70	102	54	72	86	84	88	72	76	74	58	94	74	102	86	72	70	100	104	80	138	88
16.31	97.76	128	112	100	70	98	86	94	60	98	88	122	90	90	96	92	82	116	100	114	100	108	80	110	112	98
16.32	92	114	74	96	74	84	102	108	92	70	98	100	86	76	72	76	112	62	96	114	70	106	116	108	106	88
16.33	90.24	94	102	124	90	74	70	98	76	100	98	84	80	114	66	68	120	116	78	68	108	86	112	54	80	96
16.34	86.96	82	64	70	92	100	86	98	96	98	82	76	106	82	108	76	110	82	90	64	70	108	66	72	86	110
16.35	97.76	68	112	84	84	102	90	108	104	110	98	116	82	80	108	92	86	94	130	98	96	80	98	108	90	126
16.36	96.48	112	108	86	98	114	104	62	90	106	102	84	88	96	110	80	80	94	110	86	126	100	76	110	86	104
16.37	103.4	112	98	92	110	66	118	88	100	56	106	126	70	116	104	114	126	72	100	120	140	136	106	84	124	102
16.38	100	112	86	110	98	112	92	92	102	106	96	106	108	88	104	64	94	86	102	90	104	94	136	92	116	110
16.39	101	82	94	118	118	116	80	108	94	92	112	102	100	134	92	120	72	108	92	108	136	74	96	102	70	104
16.4	103.4	122	76	106	82	84	86	114	58	122	112	124	106	144	82	68	102	108	120	80	112	130	122	108	114	104
16.41	98.72	82	102	114	100	98	122	126	80	96	130	74	94	120	100	96	82	116	56	100	98	80	86	92	138	86
16.42	104.2	110	118	98	144	124	106	94	88	92	98	116	86	108	94	110	96	94	86	82	110	102	118	90	126	116
16.43	106.6	108	114	106	112	112	124	112	98	106	108	82	84	120	98	100	106	66	132	54	118	144	118	136	108	98
16.44	99.68	96	98	98	86	100	104	78	120	96	106	106	92	102	142	76	92	92	100	152	102	88	98	94	76	98
16.45	102.9	114	100	110	112	74	82	90	92	94	102	102	112	108	126	100	122	98	102	90	80	78	118	126	142	98
16.46	110.7	114	76	102	142	96	154	120	110	68	116	100	96	96	124	120	122	122	134	132	96	92	110	102	110	114
16.47	105.4	102	120	74	142	114	124	68	118	92	104	124	96	106	100	100	112	110	96	102	140	72	142	112	64	100
16.48	103.8	96	120	120	124	88	118	86	110	104	118	104	76	112	126	86	108	88	94	134	68	100	108	102	118	86
16.49	105.4	86	88	108	110	114	110	108	116	108	126	124	90	94	104	108	86	100	130	74	100	110	118	114	108	102
16.5	107	86	110	90	116	98	100	136	104	106	76	80	108	142	126	118	124	110	90	118	110	104	84	138	114	88
16.51	102.2	142	80	114	104	82	82	106	86	108	102	88	122	116	110	86	136	86	122	94	122	96	106	74	80	112
16.52	112.1	126	98	122	120	88	100	80	128	126	112	106	118	112	94	110	104	112	126	138	88	102	120	114	158	100
16.53	117.2	126	152	104	124	108	132	116	96	76	112	130	126	124	138	138	128	90	88	110	120	108	130	138	102	114
16.54	111.9	118	98	94	118	112	110	76	118	72	114	122	114	102	128	104	104	118	134	110	132	96	88	136	144	136
16.55	111.9	120	88	124	102	124	124	104	100	124	112	98	126	102	110	102	98	90	134	106	100	118	118	118	106	150
16.56	117	118	110	122	100	108	134	114	140	130	110	144	98	118	116	118	110	110	102	100	114	102	126	116	152	112
16.57	116.8	122	106	118	142	116	104	102	118	110	130	126	102	114	126	164	124	112	122	82	94	104	122	120	122	118
16.58	116.2	114	150	136	114	142	146	106	128	126	116	118	108	90	108	98	116	92	94	130	110	108	116	98	108	132
16.59	110.6	120	132	114	120	138	84	102	86	124	116	120	136	112	90	134	102	124	102	90	90	104	104	76	130	114
16.6	113.7	110	108	144	110	100	134	108	104	104	104	112	118	80	142	80	122	114	100	120	94	142	116	100	160	116
16.61	114.4	126	92	134	118	124	126	90	106	102	120	108	74	124	98	100	114	140	120	76	154	114	94	128	120	158
16.62	117	132	128	108	122	132	114	106	98	106	132	126	68	106	134	108	124	132	158	92	114	102	124	140	108	112
16.63	122.8	122	128	116	124	124	78	108	140	134	122	116	92	128	102	122	140	136	124	102	134	144	134	106	136	158
16.64	118.5	86	118	122	112	88	108	140	124	144	120	126	152	132	130	138	140	120	102	128	110	114	122	108	74	104
16.65	113.8	122	128	88	100	128	150	88	120	142	116	128	106	74	102	94	118	138	80	118	100	98	122	134	142	108
16.66	120.9	122	102	130	120	92	104	130	140	128	126	134	124	118	132	134	128	100	118	114	96	124	120	124	148	114
16.67	128.1	106	136	146	122	146	128	108	104	130	118	132	112	136	140	126	158	148	126	100	134	116	146	134	124	126
16.68	124.4	138	178	134	140	122	168	130	102	128	94	100	136	72	140	110	152	164	120	108	78	94	122	128	114	138
16.69	119	100	100	146	96	144	126	114	124	128	148	98	124	134	142	90	134	74	130	132	94	96	130	128	132	112
16.7	130.6	144	148	130	114	142	158	132	148	134	142	142	146	136	94	136	144	122	116	136	96	124	116	120	122	124
16.71	131.9	144	128	148	170	120	142	146	126	110	120	138	116	96	152	160	164	146	98	126	132	132	110	116	118	140
16.72	126.6	130	154	114	104	138	110	156	130	112	104	108	112	102	140	160	114	144	122	134	126	120	128	150	122	132
16.73	121.4	134	146	120	114	94	126	134	88	92	110	106	124	158	108	106	166	124	118	112	126	102	108	120	114	186
16.74	131.2	126	118	106	140	156	104	118	140	118	116	130	118	104	126	162	126	148	134	138	154	128	140	162	140	128
16.75	124.3	122	94	166	104	96	126	142	136	112	110	120	144	102	108	96	140	156	120	112	126	102	108	136	200	130
16.76	133	106	134	128	108	126	132	138	150	144	144	132	116	142	112	92	116	166	122	160	146	118	168	144	154	126
16.77	127.1	138	96	128	82	98	114	158	152	130	140	142	92	136	154	146	116	100	152	130	168	118	106	110	104	168
16.78	139.9	144	122	142	130	110	154	148	116	156	136	180	144	106	134	168	120	146	150	124	172	132	168	146	124	126
16.79	139.7	134	162	146	134	136	152	116	158	116	102	118	154	170	138	148	148	126	138	162	134	138	170	130	112	150
16.8	141.3	156	158	164	130	142	122	118	128	120	168	124	150	182	136	158	146	136	144	122	114	140	130	160	100	184
16.81	137.1	134	104	130	162	148	144	144	148	122	132	130	138	130	162	140	128	114	84	148	166	150	118	152	146	154
16.82	144.4	148	114	166	156	160	164	154	172	118	96	166	184	124	150	140	132	144	128	154	146	116	114	180	110	174
16.83	143.4	124	182	150	196	140	142	136	158	104	126	134	128	150	128	124	164	152	146	172	130	182	154	104	126	134
16.84	138.6	116	138	132	128	124	102	140	122	154	156	156	154	106	138	144	134	144	126	132	178	142	156	116	164	164
16.85	133.3	142	124	120	108	112	158	104	138	104	196	138	128	146	100	148	154	122	150	132	162	134	128	142	138	104
16.86	148.4	90	114	166	142	138	132	148	114	184	172	172	144	116	158	166	124	140	220	194	112	142	130	204	148	140
16.87	140.8	160	128	130	138	136	146	128	154	178	134	114	142	122	148	154	136	134	128	120	142	126	194	150	146	132
16.88	147.4	182	162	132	146	132	154	176	130	164	122	120	166	160	142	122	142	152	150	172	142	164	142	176	124	112
16.89	145.2	150	180	156	138	154	146	138	106	128	142	126	154	154	160	92	168	170	168	162	154	132	148	120	138	146
16.9	140.3	156	120	140	112	136	96	140	180	178	192	146	108	96	134	154	142	128	152	128	162	108	150	146	168	136
16.91	150.2	100	146	178	150	158	164	152	124	142	170	148	134	174	144	206	150	158	148	138	146	142	172	124	136	150
16.92	145.9	142	92	162	150	152	140	142	160	144	174	134	140	154	142	166	128	184	152	166	144	142	130	128	140	140
16.93	151	134	146	152	178	156	168	148	158	168	152	142	144	132	136	134	156	176	156	126	140	138	154	168	166	146
16.94	157.8	148	148	142	178	162	146	158	142	136	104	160	144	184	140	192	130	174	172	176	162	182	126	210	174	156
16.95	148.4	172	150	130	138	164	140	162	158	126	122	162	164	126	128	130	182	116	152	156	160	164	142	150	146	170
16.96	151	166	168	142	156	166	86	114	132	142	122	144	158	158	170	164	164	204	138	176	158	122	136	160	170	158
16.97	146.2	134	166	136	166	126	130	200	134	196	148	122	118	140	114	136	140	162	172	114	178	122	168	142	154	136
16.98	154.4	160	184	156	108	192	140	182	152	114	148	128	136	110	168	160	166	152	144	162	164	162	198	156	150	168
16.99	151.4	146	158	162	114	176	166	130	136	174	176	144	192	170	158	128	152	134	136	150	128	148	132	140	180	156
17	155.5	192	164	186	168	132	164	164	212	162	112	156	190	104	136	104	142	162	180	160	160	142	136	126	182	152
17.01	153	178	140	132	156	156	118	152	128	192	140	148	132	136	178	156	162	142	118	180	154	186	182	152	156	150
17.02	160.9	136	174	146	122	190	142	176	156	180	174	162	170	144	170	186	164	160	152	164	152	166	144	182	134	176
17.03	159.8	150	128	166	148	218	154	114	152	134	158	176	148	162	186	160	154	170	188	156	150	182	122	150	202	166
17.04	164.6	200	164	164	152	182	154	154	152	142	120	174	152	166	154	204	156	178	196	162	154	154	144	166	200	172
17.05	159.8	186	132	208	160	158	148	190	164	136	118	172	176	162	214	138	158	136	140	154	162	176	186	124	128	168
17.06	167.4	170	150	132	192	162	104	212	184	144	194	160	166	202	158	156	150	172	164	176	158	152	182	172	170	202
17.07	168.5	178	164	146	122	172	210	152	238	178	162	210	178	164	122	156	140	142	154	170	156	144	178	186	178	212
17.08	169	172	156	186	184	180	188	150	146	142	190	166	184	164	186	152	176	166	154	184	158	196	148	170	158	170
17.09	168.7	170	154	216	192	204	184	198	142	148	152	224	136	126	164	162	174	148	154	156	198	144	152	188	156	176
17.1	172.7	152	142	134	186	178	188	154	126	206	166	158	158	198	174	214	122	208	202	176	156	178	180	204	170	188
17.11	170.5	118	174	200	146	174	180	178	196	144	152	152	166	188	186	156	136	154	168	222	200	156	138	210	162	206
17.12	171.6	156	156	194	184	148	184	198	186	168	150	172	174	172	170	220	122	198	164	152	174	180	156	208	162	142
17.13	177.4	186	168	180	174	200	172	160	202	194	154	152	224	180	176	182	192	192	160	164	174	112	204	200	164	170
17.14	175.3	232	140	208	214	186	152	158	174	168	172	190	162	152	134	186	130	204	172	170	168	184	208	160	194	164
17.15	173.2	188	176	186	184	178	130	178	142	182	190	162	166	188	190	220	160	148	166	150	190	170	140	148	190	208
17.16	172.7	192	176	122	156	156	178	162	134	134	198	182	154	216	196	160	190	164	180	170	156	208	174	194	164	202
17.17	178.8	186	198	162	182	150	178	200	150	168	190	182	206	140	188	176	128	156	194	210	196	196	190	182	200	162
17.18	171.5	156	148	162	182	152	148	194	154	156	174	182	170	194	162	184	184	204	186	126	170	182	172	208	164	174
17.19	172.2	204	164	186	172	192	198	162	156	198	160	172	156	160	148	146	164	182	164	160	208	202	134	178	196	144
17.2	184.2	198	186	172	166	192	192	212	196	194	180	190	156	168	166	212	160	172	162	196	190	194	192	186	162	210
17.21	177.7	206	132	186	154	186	204	200	166	172	204	164	162	198	170	186	154	148	140	198	136	202	142	224	216	192
17.22	183	182	172	178	160	164	156	162	162	210	150	176	206	172	226	190	200	162	228	204	170	162	206	184	210	184
17.23	177.9	174	176	170	150	184	168	184	186	154	232	188	188	194	186	208	174	170	176	182	168	194	162	170	148	162
17.24	182.8	186	202	192	178	196	170	186	184	176	172	188	150	182	168	218	158	186	170	214	162	184	182	200	184	182
17.25	184	192	194	182	132	196	196	116	170	196	126	210	206	172	180	194	222	204	154	216	188	200	170	190	158	236
17.26	181.3	166	214	206	190	160	140	188	152	198	182	166	198	180	188	178	172	190	172	214	168	212	164	186	184	164
17.27	185.8	186	196	184	170	224	200	200	148	168	198	182	186	178	178	186	222	176	162	186	218	182	166	202	192	156
17.28	182.6	154	156	158	172	212	142	200	178	184	186	200	160	204	216	172	216	166	208	162	198	196	156	188	202	180
17.29	183	200	236	124	168	184	208	182	192	184	216	156	190	200	240	168	200	172	128	168	196	194	168	160	154	188
17.3	183.4	208	168	190	160	148	208	180	194	208	154	172	132	176	156	200	186	158	186	202	228	200	216	200	188	168
17.31	193.3	184	212	164	202	192	210	198	210	192	184	184	200	190	188	214	188	182	160	176	190	194	234	176	204	204
17.32	193.7	216	200	208	174	202	188	206	198	166	194	190	176	212	178	190	202	164	224	210	206	160	208	174	234	162
17.33	192	172	196	186	244	198	222	198	214	224	172	108	160	172	218	228	228	168	184	150	178	166	186	198	188	242
17.34	196	224	182	182	228	194	196	204	234	180	168	166	182	176	172	230	202	148	224	210	222	168	220	230	182	176
17.35	196.2	212	224	158	232	176	226	190	232	194	224	172	192	168	230	206	208	170	224	234	178	176	160	192	158	170
17.36	189.4	176	168	216	196	156	164	192	214	196	172	174	220	176	234	210	216	184	176	170	208	196	204	178	146	192
17.37	204.6	224	180	198	228	176	212	198	196	196	212	232	228	170	190	262	166	212	198	222	192	184	216	204	216	202
17.38	198.5	184	224	190	146	164	174	182	180	214	222	218	170	278	248	166	220	170	212	204	214	170	192	216	202	202
17.39	200.3	164	218	202	200	214	206	236	208	204	220	184	184	166	198	192	192	200	206	198	210	158	260	206	176	206
17.4	208.5	208	204	220	212	200	228	188	178	206	210	240	204	214	228	220	210	234	202	188	264	164	212	230	172	176
17.41	191.4	224	170	170	166	180	218	188	220	196	202	226	176	188	218	190	192	156	218	218	208	170	200	178	148	164
17.42	205.1	180	216	246	198	206	164	160	244	224	218	216	182	182	240	208	236	190	214	158	222	254	172	202	198	198
17.43	207.4	214	200	210	228	198	220	264	214	166	192	186	236	212	228	190	182	216	226	202	178	192	168	190	208	264
17.44	204.4	186	192	198	206	228	152	206	194	192	210	204	180	220	190	202	198	206	240	208	194	264	236	208	184	212
17.45	207.2	200	222	200	252	208	212	214	198	188	170	170	194	172	256	170	210	274	242	210	146	184	230	208	206	244
17.46	215.4	192	186	210	258	176	220	214	224	184	186	234	178	228	204	224	186	252	236	206	232	272	218	264	184	218
17.47	214.4	194	242	206	230	202	222	192	222	184	216	228	226	238	256	206	224	216	222	190	168	220	214	202	196	244
17.48	206.2	198	194	180	210	248	236	166	210	186	160	234	224	196	212	226	198	248	190	270	176	202	202	164	220	206
17.49	202.5	166	208	186	228	152	218	194	172	202	232	250	188	186	240	188	176	200	258	230	192	176	212	206	192	210
17.5	204.9	182	216	168	198	246	212	186	244	178	190	198	184	194	234	190	202	214	180	220	212	226	208	190	206	244
17.51	200.7	176	200	202	152	182	256	222	202	222	196	220	208	194	182	210	232	188	252	190	196	152	220	186	194	184
17.52	221.8	238	248	198	270	210	222	248	218	188	174	220	240	244	194	200	202	244	212	272	226	188	210	260	204	216
17.53	221.5	174	188	226	206	222	212	190	252	244	220	280	228	232	258	180	224	192	266	178	184	260	232	256	214	220
17.54	223.4	206	190	248	262	232	192	240	214	238	222	198	230	236	200	266	236	206	208	228	212	232	182	262	194	252
17.55	205.2	200	188	212	214	236	174	220	226	258	198	172	164	216	198	234	162	222	222	192	166	234	230	200	224	168
17.56	221.9	206	212	202	210	274	262	208	240	212	238	188	246	212	228	182	204	194	220	234	206	224	244	238	240	224
17.57	224.6	194	282	254	224	194	214	198	254	224	210	246	272	228	216	216	264	222	198	232	260	176	186	178	236	238
17.58	222.1	210	202	156	248	164	200	202	282	198	206	250	232	210	258	228	286	246	208	236	232	206	250	226	190	226
17.59	214.2	222	268	192	192	194	166	188	222	200	228	232	234	164	250	218	220	220	210	194	252	208	220	204	242	216
17.6	224.5	214	226	230	264	212	204	180	234	268	242	200	234	204	190	204	260	238	232	210	266	210	224	202	244	220
17.61	223.4	216	234	234	260	238	190	198	208	222	254	250	198	194	216	206	236	258	192	232	162	230	270	256	232	200
17.62	230.8	264	260	168	196	214	204	278	212	224	244	208	252	248	218	274	218	242	250	232	208	230	248	202	244	232
17.63	224.5	206	216	220	250	218	250	284	222	214	178	224	246	208	218	236	206	230	238	208	194	236	246	174	244	246
17.64	228.2	222	188	220	222	238	204	190	220	232	198	208	218	244	238	192	320	256	270	206	240	236	232	236	242	232
17.65	232.2	236	174	212	216	282	212	254	220	230	216	222	218	264	198	242	236	270	218	274	244	208	216	300	194	248
17.66	227.8	234	250	238	276	194	272	198	180	184	228	226	236	198	274	232	198	212	236	204	230	236	252	230	246	230
17.67	237.2	246	200	230	262	250	190	272	206	266	216	208	256	212	238	318	246	284	222	220	264	210	218	220	190	286
17.68	233.4	272	228	208	180	248	234	222	214	240	220	230	216	234	276	246	232	266	258	184	280	264	266	188	216	214
17.69	237.7	262	226	240	252	228	190	224	228	202	246	218	242	222	258	232	286	282	210	294	212	186	252	204	256	290
17.7	238.1	266	220	256	186	202	194	240	202	248	270	238	222	266	274	178	232	218	256	252	298	218	238	246	272	260
17.71	234.2	310	270	278	244	228	262	196	188	210	242	218	210	230	240	198	232	262	218	210	250	250	250	240	198	220
17.72	234	218	252	260	220	220	230	218	180	230	202	240	250	214	226	210	264	258	274	256	236	234	232	236	254	236
17.73	237.4	262	220	268	250	248	240	232	188	230	262	216	240	246	170	266	246	226	252	240	184	270	258	268	232	220
17.74	231.5	234	216	254	210	316	234	222	204	298	212	216	244	256	174	208	226	236	252	256	220	196	222	192	230	260
17.75	240.2	300	228	212	218	310	256	250	222	236	210	252	256	228	220	208	234	242	214	208	268	242	256	252	230	252
17.76	248.7	230	232	264	238	258	234	242	226	300	290	218	234	224	284	268	246	276	178	274	226	246	280	270	266	214
17.77	250.6	292	250	226	296	276	242	230	268	240	254	284	250	248	250	234	280	250	280	230	238	254	208	248	248	188
17.78	241.4	268	252	236	210	286	226	254	232	280	218	238	194	284	224	220	246	230	242	232	242	234	228	284	226	250
17.79	249.4	236	286	256	276	238	234	226	238	300	226	242	204	218	218	214	296	272	254	270	270	238	204	300	238	282
17.8	246.6	260	250	300	238	204	214	222	232	228	234	266	204	294	284	256	220	262	236	230	222	272	282	268	248	240
17.81	263.3	290	262	286	238	222	282	312	258	208	298	214	296	210	234	286	252	332	272	266	244	228	272	262	294	264
17.82	247.4	248	268	246	234	262	246	314	232	244	232	258	190	240	230	246	204	224	246	252	228	238	302	276	248	276
17.83	243.8	254	232	244	234	254	300	260	202	252	242	262	268	256	258	212	260	262	208	230	230	224	230	210	232	278
17.84	244.1	230	226	258	294	250	278	240	208	230	304	252	236	256	202	238	216	280	228	216	210	224	238	272	284	232
17.85	255	258	246	204	266	288	246	256	280	268	232	246	278	224	230	208	284	240	256	260	270	262	238	304	280	250
17.86	252.2	282	276	276	210	280	266	280	248	264	204	222	224	216	230	292	238	242	276	244	262	252	242	246	266	266
17.87	256.1	322	236	262	244	218	254	258	204	232	282	242	284	216	274	254	260	296	254	320	270	210	240	224	252	294
17.88	255.5	276	280	236	250	254	246	242	230	292	236	280	240	264	226	274	276	212	276	256	270	256	246	260	268	242
17.89	261.1	278	258	264	282	288	222	266	288	292	310	260	262	234	270	252	262	206	186	240	246	276	296	272	266	252
17.9	251.6	272	248	260	302	272	256	228	242	274	274	208	240	192	282	268	254	208	272	244	270	234	240	216	234	300
17.91	263	242	232	320	238	236	236	234	230	280	238	288	250	252	264	276	300	260	264	222	308	298	272	272	306	256
17.92	265.2	228	290	254	290	276	294	242	228	216	246	350	262	274	260	274	280	294	270	268	242	258	270	266	236	262
17.93	257.8	266	240	298	292	262	236	242	274	258	278	260	242	234	228	232	284	280	246	294	230	258	224	252	256	278
17.94	272.4	252	320	266	244	272	280	248	250	292	314	240	276	254	304	254	278	232	252	328	290	286	270	260	254	294
17.95	270	338	294	284	210	222	320	274	300	246	274	208	290	262	290	278	240	262	274	258	268	280	296	222	298	262
17.96	267.5	276	274	282	236	290	240	306	318	226	272	262	230	300	286	240	290	216	276	238	288	296	260	280	246	260
17.97	271.9	206	236	298	274	300	288	346	266	264	268	256	242	312	300	274	304	248	242	250	320	288	242	244	244	286
17.98	267.7	206	274	342	212	258	268	254	296	258	298	248	238	266	284	280	278	242	234	286	288	246	316	270	278	272
17.99	267.8	266	256	250	266	304	282	274	296	256	248	258	258	290	240	228	230	276	252	322	272	278	256	270	234	334
18	270.4	278	278	278	258	288	252	284	242	254	304	308	284	248	286	296	248	282	264	244	280	266	262	250	204	322
