#AEGUIFit
#view:atx=afs=24.0fiw=6.4fih=4.8lfs=15.0sfs=15.0fse=False
#data:egs=0.66seb=Trueifd=False
#meta:nts=
#fits:aef:aef=20.0aet=22.0yfr=0.0yto=0.01alf=-infalt=infscf=0.0sct=infdof=20.0dot=22.0fwh=0.3mns=1.34wgt=True
20.0	0.76	0.0	0.0	0.0	0.0	0.0	0.0	0.0	0.0	0.0	0.0	0.0	2.0	0.0	0.0	0.0	2.0	0.0	0.0	0.0	0.0	0.0	2.0	0.0	0.0	2.0	0.0	2.0	0.0	0.0	2.0	0.0	0.0	0.0	0.0	2.0	0.0	4.0	0.0	0.0	4.0	0.0	4.0	6.0	0.0	2.0	0.0	0.0	2.0	0.0	2.0
20.01	0.72	0.0	0.0	0.0	0.0	0.0	0.0	4.0	0.0	2.0	8.0	0.0	0.0	0.0	0.0	0.0	6.0	0.0	0.0	0.0	0.0	2.0	0.0	2.0	2.0	0.0	0.0	2.0	0.0	0.0	0.0	0.0	0.0	0.0	0.0	0.0	8.0	0.0	0.0	0.0	0.0	0.0	0.0	0.0	0.0	0.0	0.0	0.0	0.0	0.0	0.0
20.02	0.32	0.0	0.0	0.0	0.0	0.0	0.0	2.0	2.0	0.0	0.0	0.0	0.0	0.0	0.0	0.0	4.0	0.0	0.0	0.0	0.0	0.0	2.0	2.0	2.0	0.0	0.0	0.0	0.0	0.0	0.0	0.0	0.0	0.0	0.0	0.0	0.0	0.0	0.0	0.0	0.0	0.0	0.0	0.0	2.0	0.0	0.0	0.0	0.0	0.0	0.0
20.03	0.4	4.0	4.0	0.0	0.0	0.0	0.0	0.0	0.0	0.0	0.0	0.0	0.0	0.0	0.0	0.0	0.0	0.0	2.0	2.0	0.0	0.0	0.0	0.0	0.0	0.0	0.0	0.0	0.0	2.0	0.0	0.0	0.0	0.0	2.0	0.0	0.0	0.0	0.0	0.0	0.0	0.0	0.0	0.0	0.0	0.0	0.0	0.0	4.0	0.0	0.0
20.04	0.64	4.0	0.0	0.0	0.0	0.0	0.0	0.0	0.0	0.0	2.0	0.0	0.0	0.0	0.0	0.0	0.0	2.0	0.0	0.0	0.0	0.0	0.0	0.0	0.0	0.0	0.0	0.0	0.0	0.0	0.0	0.0	2.0	0.0	0.0	0.0	2.0	0.0	0.0	2.0	4.0	0.0	2.0	0.0	10.0	0.0	2.0	0.0	0.0	0.0	0.0
20.05	0.68	0.0	0.0	0.0	2.0	0.0	2.0	0.0	0.0	0.0	0.0	0.0	0.0	2.0	0.0	0.0	4.0	0.0	2.0	0.0	0.0	0.0	2.0	2.0	8.0	0.0	0.0	0.0	0.0	0.0	0.0	0.0	2.0	0.0	0.0	2.0	0.0	0.0	0.0	0.0	0.0	2.0	0.0	2.0	2.0	0.0	0.0	0.0	0.0	0.0	0.0
20.06	0.4	0.0	2.0	0.0	0.0	0.0	0.0	0.0	0.0	0.0	0.0	0.0	0.0	0.0	0.0	0.0	0.0	0.0	0.0	0.0	0.0	0.0	0.0	2.0	0.0	0.0	2.0	0.0	0.0	0.0	4.0	0.0	0.0	0.0	0.0	0.0	0.0	0.0	0.0	0.0	0.0	2.0	0.0	0.0	4.0	0.0	0.0	0.0	4.0	0.0	0.0
20.07	0.64	0.0	4.0	0.0	0.0	0.0	0.0	0.0	0.0	0.0	0.0	2.0	0.0	0.0	0.0	0.0	6.0	0.0	2.0	0.0	2.0	0.0	0.0	0.0	4.0	0.0	0.0	2.0	0.0	0.0	0.0	0.0	0.0	0.0	0.0	0.0	0.0	0.0	0.0	2.0	0.0	0.0	0.0	0.0	0.0	0.0	0.0	0.0	4.0	4.0	0.0
20.08	0.28	0.0	0.0	0.0	0.0	0.0	0.0	0.0	0.0	0.0	0.0	0.0	0.0	0.0	0.0	0.0	0.0	0.0	0.0	0.0	0.0	0.0	0.0	0.0	0.0	0.0	0.0	0.0	0.0	4.0	0.0	6.0	2.0	0.0	0.0	0.0	0.0	0.0	0.0	0.0	0.0	0.0	0.0	0.0	0.0	0.0	0.0	2.0	0.0	0.0	0.0
20.09	0.52	0.0	0.0	4.0	0.0	2.0	0.0	0.0	0.0	0.0	6.0	4.0	0.0	0.0	0.0	0.0	0.0	0.0	0.0	0.0	0.0	0.0	0.0	0.0	0.0	0.0	0.0	2.0	0.0	2.0	0.0	0.0	2.0	0.0	2.0	0.0	0.0	0.0	0.0	0.0	0.0	0.0	2.0	0.0	0.0	0.0	0.0	0.0	0.0	0.0	0.0
20.1	0.44	0.0	0.0	0.0	0.0	2.0	0.0	0.0	0.0	0.0	0.0	0.0	0.0	0.0	0.0	0.0	0.0	2.0	0.0	0.0	0.0	0.0	2.0	0.0	0.0	0.0	0.0	2.0	2.0	4.0	0.0	0.0	0.0	0.0	6.0	0.0	0.0	0.0	0.0	0.0	2.0	0.0	0.0	0.0	0.0	0.0	0.0	0.0	0.0	0.0	0.0
20.11	0.2	0.0	0.0	0.0	0.0	0.0	0.0	0.0	0.0	0.0	0.0	0.0	0.0	0.0	0.0	0.0	0.0	0.0	0.0	0.0	0.0	0.0	0.0	0.0	0.0	2.0	0.0	2.0	0.0	0.0	0.0	0.0	0.0	0.0	4.0	0.0	0.0	0.0	0.0	0.0	0.0	0.0	0.0	0.0	0.0	0.0	0.0	2.0	0.0	0.0	0.0
20.12	0.6	0.0	0.0	0.0	2.0	0.0	0.0	0.0	0.0	0.0	4.0	0.0	0.0	0.0	0.0	4.0	0.0	2.0	2.0	0.0	2.0	0.0	0.0	0.0	0.0	4.0	0.0	4.0	0.0	0.0	0.0	0.0	0.0	0.0	0.0	0.0	0.0	2.0	0.0	0.0	0.0	0.0	0.0	0.0	0.0	0.0	0.0	0.0	0.0	2.0	2.0
20.13	0.4	0.0	0.0	0.0	0.0	2.0	0.0	0.0	0.0	0.0	0.0	0.0	0.0	2.0	2.0	0.0	2.0	0.0	2.0	0.0	2.0	2.0	0.0	0.0	0.0	0.0	0.0	0.0	0.0	0.0	0.0	0.0	0.0	0.0	0.0	0.0	2.0	2.0	0.0	2.0	0.0	0.0	0.0	0.0	0.0	0.0	0.0	0.0	0.0	0.0	0.0
20.14	0.28	0.0	0.0	0.0	2.0	0.0	0.0	0.0	0.0	0.0	0.0	2.0	0.0	0.0	0.0	0.0	0.0	0.0	0.0	0.0	0.0	0.0	0.0	2.0	0.0	0.0	0.0	2.0	0.0	0.0	0.0	0.0	2.0	0.0	0.0	0.0	0.0	0.0	0.0	0.0	0.0	0.0	0.0	0.0	0.0	0.0	0.0	2.0	2.0	0.0	0.0
20.15	0.64	0.0	0.0	0.0	2.0	2.0	0.0	0.0	0.0	0.0	0.0	0.0	0.0	0.0	0.0	0.0	0.0	0.0	0.0	6.0	6.0	0.0	0.0	4.0	0.0	0.0	0.0	0.0	0.0	0.0	0.0	0.0	0.0	0.0	0.0	6.0	0.0	0.0	0.0	0.0	0.0	0.0	6.0	0.0	0.0	0.0	0.0	0.0	0.0	0.0	0.0
20.16	0.44	4.0	0.0	0.0	0.0	0.0	0.0	0.0	0.0	0.0	0.0	0.0	0.0	0.0	0.0	0.0	0.0	0.0	0.0	0.0	0.0	6.0	2.0	0.0	0.0	0.0	0.0	0.0	0.0	0.0	0.0	0.0	0.0	0.0	2.0	0.0	0.0	2.0	0.0	0.0	0.0	0.0	0.0	0.0	4.0	0.0	0.0	0.0	2.0	0.0	0.0
20.17	0.64	0.0	0.0	0.0	0.0	4.0	0.0	0.0	2.0	0.0	0.0	0.0	4.0	0.0	6.0	0.0	0.0	2.0	4.0	0.0	0.0	0.0	0.0	0.0	0.0	0.0	0.0	0.0	0.0	0.0	0.0	0.0	0.0	0.0	0.0	0.0	2.0	2.0	0.0	0.0	0.0	0.0	0.0	0.0	0.0	0.0	0.0	0.0	4.0	0.0	2.0
20.18	0.04	0.0	0.0	0.0	0.0	0.0	0.0	0.0	0.0	0.0	0.0	0.0	0.0	0.0	0.0	0.0	0.0	0.0	0.0	0.0	0.0	0.0	0.0	0.0	0.0	0.0	0.0	0.0	0.0	0.0	0.0	0.0	0.0	0.0	0.0	0.0	0.0	0.0	0.0	0.0	0.0	0.0	0.0	0.0	0.0	0.0	2.0	0.0	0.0	0.0	0.0
20.19	0.6	0.0	0.0	0.0	0.0	0.0	0.0	0.0	0.0	0.0	0.0	0.0	0.0	2.0	0.0	0.0	0.0	0.0	0.0	2.0	0.0	0.0	0.0	0.0	2.0	0.0	0.0	0.0	0.0	0.0	2.0	0.0	0.0	0.0	0.0	0.0	0.0	2.0	0.0	0.0	0.0	4.0	4.0	2.0	0.0	0.0	6.0	0.0	4.0	0.0	0.0
20.2	0.6	2.0	0.0	0.0	0.0	0.0	4.0	0.0	0.0	0.0	0.0	0.0	4.0	0.0	0.0	0.0	0.0	0.0	0.0	4.0	0.0	0.0	0.0	0.0	2.0	0.0	0.0	0.0	0.0	0.0	0.0	2.0	0.0	0.0	0.0	0.0	2.0	4.0	0.0	0.0	0.0	0.0	0.0	0.0	0.0	0.0	2.0	0.0	4.0	0.0	0.0
20.21	0.44	0.0	0.0	0.0	0.0	0.0	6.0	0.0	0.0	0.0	0.0	0.0	0.0	0.0	2.0	0.0	0.0	0.0	2.0	4.0	0.0	0.0	0.0	0.0	0.0	0.0	2.0	0.0	0.0	0.0	0.0	4.0	2.0	0.0	0.0	0.0	0.0	0.0	0.0	0.0	0.0	0.0	0.0	0.0	0.0	0.0	0.0	0.0	0.0	0.0	0.0
20.22	0.56	0.0	0.0	0.0	4.0	0.0	0.0	0.0	4.0	0.0	0.0	0.0	0.0	0.0	0.0	4.0	0.0	0.0	0.0	0.0	0.0	0.0	0.0	0.0	0.0	2.0	0.0	0.0	0.0	0.0	2.0	0.0	2.0	0.0	0.0	0.0	2.0	0.0	0.0	0.0	0.0	2.0	0.0	0.0	0.0	2.0	0.0	0.0	4.0	0.0	0.0
20.23	0.32	0.0	0.0	0.0	0.0	0.0	2.0	0.0	0.0	2.0	0.0	0.0	2.0	0.0	0.0	0.0	0.0	0.0	0.0	0.0	0.0	0.0	2.0	0.0	0.0	0.0	0.0	0.0	0.0	0.0	0.0	0.0	0.0	0.0	2.0	0.0	0.0	0.0	4.0	0.0	0.0	0.0	0.0	0.0	2.0	0.0	0.0	0.0	0.0	0.0	0.0
20.24	0.28	0.0	0.0	2.0	0.0	0.0	0.0	0.0	0.0	0.0	0.0	0.0	0.0	0.0	0.0	0.0	0.0	4.0	0.0	0.0	0.0	0.0	0.0	0.0	0.0	0.0	0.0	0.0	2.0	0.0	0.0	0.0	0.0	0.0	4.0	0.0	0.0	0.0	0.0	2.0	0.0	0.0	0.0	0.0	0.0	0.0	0.0	0.0	0.0	0.0	0.0
20.25	0.4	0.0	0.0	0.0	0.0	4.0	0.0	0.0	0.0	0.0	0.0	0.0	0.0	0.0	0.0	0.0	0.0	0.0	4.0	4.0	0.0	0.0	0.0	0.0	0.0	0.0	0.0	6.0	0.0	2.0	0.0	0.0	0.0	0.0	0.0	0.0	0.0	0.0	0.0	0.0	0.0	0.0	0.0	0.0	0.0	0.0	0.0	0.0	0.0	0.0	0.0
20.26	0.68	2.0	0.0	0.0	0.0	0.0	0.0	2.0	0.0	4.0	0.0	0.0	2.0	2.0	0.0	0.0	0.0	0.0	0.0	0.0	2.0	0.0	0.0	4.0	0.0	2.0	0.0	2.0	0.0	0.0	0.0	0.0	0.0	0.0	0.0	0.0	0.0	0.0	0.0	0.0	0.0	6.0	0.0	0.0	4.0	2.0	0.0	0.0	0.0	0.0	0.0
20.27	0.56	0.0	0.0	0.0	0.0	2.0	2.0	0.0	2.0	0.0	0.0	0.0	0.0	2.0	0.0	0.0	0.0	2.0	0.0	0.0	0.0	0.0	0.0	0.0	0.0	2.0	0.0	2.0	0.0	0.0	0.0	8.0	0.0	0.0	0.0	0.0	0.0	0.0	0.0	0.0	0.0	0.0	0.0	4.0	0.0	0.0	0.0	0.0	2.0	0.0	0.0
20.28	0.52	0.0	0.0	0.0	0.0	0.0	2.0	0.0	0.0	4.0	0.0	0.0	2.0	0.0	0.0	0.0	0.0	0.0	2.0	0.0	0.0	4.0	0.0	0.0	0.0	0.0	0.0	0.0	0.0	0.0	2.0	2.0	0.0	6.0	0.0	0.0	0.0	0.0	0.0	0.0	0.0	0.0	0.0	0.0	0.0	0.0	0.0	0.0	0.0	2.0	0.0
20.29	0.2	0.0	0.0	0.0	0.0	0.0	4.0	0.0	0.0	0.0	0.0	0.0	0.0	0.0	0.0	0.0	0.0	0.0	2.0	2.0	0.0	0.0	0.0	0.0	0.0	0.0	0.0	0.0	0.0	0.0	2.0	0.0	0.0	0.0	0.0	0.0	0.0	0.0	0.0	0.0	0.0	0.0	0.0	0.0	0.0	0.0	0.0	0.0	0.0	0.0	0.0
20.3	0.28	0.0	0.0	0.0	0.0	2.0	0.0	0.0	0.0	0.0	0.0	0.0	0.0	0.0	4.0	0.0	0.0	0.0	0.0	0.0	0.0	0.0	0.0	0.0	0.0	0.0	2.0	0.0	0.0	2.0	0.0	0.0	2.0	0.0	0.0	0.0	2.0	0.0	0.0	0.0	0.0	0.0	0.0	0.0	0.0	0.0	0.0	0.0	0.0	0.0	0.0
20.31	0.28	0.0	0.0	0.0	0.0	0.0	0.0	0.0	0.0	0.0	0.0	0.0	0.0	0.0	0.0	2.0	0.0	0.0	0.0	0.0	2.0	0.0	0.0	0.0	0.0	0.0	2.0	0.0	0.0	0.0	0.0	0.0	4.0	2.0	0.0	0.0	0.0	0.0	0.0	0.0	0.0	0.0	0.0	0.0	0.0	0.0	0.0	2.0	0.0	0.0	0.0
20.32	0.88	0.0	4.0	0.0	0.0	0.0	0.0	4.0	2.0	2.0	0.0	2.0	0.0	0.0	0.0	0.0	0.0	2.0	0.0	4.0	4.0	0.0	0.0	0.0	0.0	0.0	0.0	0.0	0.0	0.0	4.0	0.0	4.0	0.0	0.0	0.0	0.0	0.0	0.0	0.0	4.0	2.0	0.0	0.0	0.0	0.0	0.0	2.0	4.0	0.0	0.0
20.33	0.72	0.0	0.0	0.0	0.0	0.0	0.0	6.0	0.0	2.0	0.0	4.0	0.0	0.0	6.0	0.0	0.0	0.0	0.0	0.0	2.0	0.0	2.0	0.0	0.0	2.0	0.0	0.0	0.0	0.0	2.0	0.0	0.0	0.0	2.0	0.0	0.0	0.0	2.0	0.0	0.0	0.0	0.0	0.0	0.0	2.0	4.0	0.0	0.0	0.0	0.0
20.34	0.56	0.0	0.0	0.0	0.0	0.0	0.0	0.0	0.0	0.0	0.0	0.0	0.0	0.0	0.0	4.0	4.0	2.0	4.0	4.0	0.0	0.0	0.0	0.0	0.0	0.0	0.0	0.0	0.0	2.0	0.0	0.0	0.0	0.0	0.0	0.0	2.0	0.0	0.0	0.0	0.0	0.0	0.0	0.0	0.0	0.0	0.0	6.0	0.0	0.0	0.0
20.35	0.68	0.0	0.0	2.0	2.0	0.0	0.0	0.0	0.0	0.0	0.0	0.0	0.0	0.0	0.0	0.0	6.0	10.0	2.0	0.0	0.0	0.0	0.0	0.0	0.0	2.0	0.0	0.0	0.0	0.0	0.0	4.0	0.0	4.0	0.0	0.0	0.0	0.0	0.0	0.0	0.0	0.0	0.0	0.0	0.0	0.0	2.0	0.0	0.0	0.0	0.0
20.36	0.24	0.0	0.0	0.0	0.0	0.0	0.0	0.0	2.0	0.0	0.0	0.0	0.0	0.0	2.0	4.0	0.0	0.0	0.0	0.0	2.0	0.0	0.0	0.0	0.0	0.0	0.0	0.0	0.0	0.0	0.0	0.0	0.0	0.0	2.0	0.0	0.0	0.0	0.0	0.0	0.0	0.0	0.0	0.0	0.0	0.0	0.0	0.0	0.0	0.0	0.0
20.37	0.36	0.0	0.0	0.0	0.0	0.0	2.0	0.0	0.0	0.0	0.0	4.0	0.0	0.0	0.0	0.0	0.0	0.0	0.0	0.0	2.0	0.0	0.0	0.0	0.0	0.0	0.0	0.0	0.0	0.0	0.0	0.0	0.0	2.0	2.0	0.0	0.0	0.0	0.0	4.0	0.0	0.0	0.0	0.0	0.0	0.0	0.0	2.0	0.0	0.0	0.0
20.38	0.48	0.0	0.0	0.0	4.0	2.0	0.0	0.0	0.0	0.0	0.0	0.0	4.0	0.0	0.0	0.0	0.0	0.0	0.0	0.0	0.0	0.0	0.0	0.0	0.0	0.0	0.0	0.0	0.0	2.0	0.0	2.0	0.0	0.0	0.0	0.0	0.0	0.0	0.0	0.0	0.0	0.0	0.0	0.0	0.0	4.0	0.0	4.0	0.0	0.0	2.0
20.39	0.2	4.0	0.0	0.0	0.0	0.0	0.0	0.0	0.0	0.0	0.0	0.0	0.0	0.0	0.0	0.0	0.0	0.0	0.0	0.0	0.0	0.0	0.0	0.0	0.0	0.0	2.0	0.0	0.0	0.0	2.0	0.0	0.0	0.0	0.0	0.0	0.0	0.0	0.0	2.0	0.0	0.0	0.0	0.0	0.0	0.0	0.0	0.0	0.0	0.0	0.0
20.4	0.48	0.0	0.0	0.0	4.0	2.0	0.0	0.0	0.0	0.0	2.0	0.0	4.0	0.0	0.0	0.0	4.0	0.0	0.0	2.0	0.0	0.0	0.0	0.0	2.0	0.0	0.0	0.0	0.0	0.0	0.0	0.0	2.0	0.0	0.0	0.0	0.0	0.0	0.0	0.0	0.0	0.0	0.0	0.0	0.0	0.0	2.0	0.0	0.0	0.0	0.0
20.41	0.8	0.0	0.0	0.0	0.0	0.0	0.0	0.0	0.0	0.0	0.0	2.0	2.0	0.0	0.0	2.0	2.0	4.0	0.0	6.0	0.0	0.0	0.0	0.0	0.0	0.0	2.0	0.0	0.0	0.0	0.0	0.0	0.0	0.0	0.0	4.0	4.0	0.0	0.0	2.0	0.0	0.0	0.0	0.0	0.0	0.0	4.0	0.0	2.0	0.0	4.0
20.42	0.68	0.0	0.0	0.0	2.0	0.0	0.0	0.0	2.0	0.0	0.0	0.0	2.0	2.0	0.0	0.0	0.0	4.0	0.0	0.0	0.0	0.0	0.0	0.0	0.0	0.0	0.0	0.0	0.0	4.0	2.0	0.0	0.0	0.0	0.0	0.0	0.0	0.0	10.0	0.0	0.0	2.0	0.0	0.0	0.0	0.0	2.0	0.0	0.0	0.0	2.0
20.43	0.36	2.0	0.0	0.0	0.0	0.0	0.0	0.0	0.0	0.0	0.0	0.0	0.0	0.0	0.0	0.0	0.0	0.0	0.0	8.0	0.0	0.0	0.0	0.0	0.0	0.0	0.0	2.0	0.0	0.0	0.0	0.0	0.0	0.0	0.0	0.0	0.0	0.0	0.0	0.0	0.0	2.0	0.0	0.0	2.0	2.0	0.0	0.0	0.0	0.0	0.0
20.44	0.52	0.0	0.0	0.0	0.0	2.0	4.0	0.0	2.0	0.0	0.0	0.0	0.0	0.0	0.0	0.0	0.0	0.0	0.0	2.0	0.0	0.0	2.0	0.0	0.0	0.0	0.0	0.0	0.0	0.0	0.0	0.0	0.0	0.0	0.0	0.0	2.0	0.0	0.0	0.0	4.0	0.0	0.0	0.0	2.0	0.0	4.0	2.0	0.0	0.0	0.0
20.45	0.52	0.0	0.0	0.0	0.0	0.0	0.0	0.0	0.0	0.0	0.0	2.0	0.0	0.0	0.0	0.0	0.0	2.0	0.0	4.0	0.0	0.0	2.0	2.0	0.0	0.0	2.0	0.0	0.0	4.0	0.0	0.0	2.0	0.0	0.0	0.0	0.0	0.0	0.0	0.0	0.0	0.0	0.0	0.0	0.0	0.0	2.0	0.0	0.0	0.0	4.0
20.46	0.8	0.0	0.0	0.0	0.0	0.0	0.0	0.0	0.0	0.0	0.0	0.0	0.0	0.0	4.0	0.0	0.0	0.0	2.0	0.0	0.0	0.0	2.0	0.0	0.0	4.0	0.0	2.0	2.0	0.0	4.0	8.0	0.0	2.0	0.0	0.0	0.0	2.0	0.0	0.0	0.0	0.0	0.0	0.0	0.0	2.0	0.0	0.0	0.0	4.0	2.0
20.47	0.4	0.0	0.0	2.0	4.0	0.0	0.0	0.0	4.0	0.0	2.0	0.0	2.0	0.0	0.0	0.0	0.0	0.0	0.0	0.0	0.0	0.0	0.0	0.0	0.0	0.0	2.0	0.0	0.0	0.0	0.0	0.0	0.0	0.0	0.0	0.0	0.0	0.0	2.0	0.0	0.0	0.0	0.0	0.0	0.0	0.0	0.0	2.0	0.0	0.0	0.0
20.48	0.28	4.0	0.0	0.0	0.0	0.0	0.0	0.0	0.0	0.0	2.0	2.0	0.0	0.0	0.0	0.0	0.0	0.0	2.0	0.0	0.0	0.0	0.0	0.0	0.0	0.0	0.0	0.0	0.0	0.0	0.0	0.0	0.0	2.0	0.0	0.0	0.0	0.0	0.0	0.0	0.0	0.0	0.0	0.0	0.0	0.0	0.0	0.0	0.0	0.0	2.0
20.49	0.4	0.0	2.0	0.0	0.0	0.0	0.0	0.0	0.0	0.0	0.0	0.0	0.0	0.0	0.0	0.0	0.0	0.0	2.0	0.0	2.0	2.0	0.0	0.0	2.0	0.0	0.0	0.0	0.0	4.0	0.0	0.0	0.0	0.0	0.0	0.0	0.0	0.0	0.0	0.0	0.0	2.0	2.0	0.0	2.0	0.0	0.0	0.0	0.0	0.0	0.0
20.5	0.4	0.0	2.0	0.0	2.0	0.0	0.0	0.0	0.0	0.0	0.0	0.0	0.0	0.0	0.0	0.0	0.0	0.0	0.0	0.0	0.0	2.0	0.0	0.0	0.0	0.0	0.0	0.0	0.0	4.0	0.0	0.0	0.0	0.0	0.0	0.0	0.0	0.0	2.0	0.0	0.0	0.0	0.0	0.0	0.0	0.0	0.0	0.0	4.0	4.0	0.0
20.51	0.52	0.0	0.0	0.0	0.0	0.0	2.0	0.0	0.0	0.0	0.0	6.0	0.0	4.0	0.0	0.0	0.0	0.0	0.0	4.0	0.0	0.0	0.0	4.0	0.0	0.0	0.0	0.0	0.0	0.0	0.0	0.0	0.0	0.0	0.0	0.0	0.0	0.0	0.0	2.0	0.0	0.0	0.0	0.0	0.0	2.0	0.0	0.0	2.0	0.0	0.0
20.52	0.44	0.0	0.0	0.0	0.0	0.0	0.0	0.0	0.0	2.0	0.0	4.0	2.0	2.0	0.0	0.0	0.0	0.0	2.0	0.0	0.0	0.0	0.0	0.0	0.0	0.0	0.0	0.0	0.0	2.0	0.0	0.0	2.0	0.0	0.0	0.0	0.0	0.0	0.0	2.0	0.0	0.0	0.0	4.0	0.0	0.0	0.0	0.0	0.0	0.0	0.0
20.53	0.56	2.0	0.0	0.0	0.0	2.0	4.0	0.0	0.0	2.0	0.0	0.0	0.0	0.0	0.0	2.0	6.0	0.0	0.0	2.0	0.0	0.0	0.0	0.0	2.0	0.0	0.0	0.0	4.0	0.0	0.0	2.0	0.0	0.0	0.0	0.0	0.0	0.0	0.0	0.0	0.0	0.0	0.0	0.0	0.0	0.0	0.0	0.0	0.0	0.0	0.0
20.54	0.56	0.0	0.0	0.0	0.0	0.0	0.0	0.0	4.0	4.0	0.0	2.0	0.0	0.0	4.0	0.0	0.0	0.0	0.0	0.0	0.0	0.0	0.0	0.0	0.0	0.0	0.0	2.0	0.0	0.0	0.0	0.0	0.0	0.0	0.0	4.0	0.0	0.0	0.0	0.0	4.0	2.0	0.0	0.0	0.0	0.0	2.0	0.0	0.0	0.0	0.0
20.55	0.68	0.0	0.0	0.0	2.0	0.0	4.0	0.0	0.0	0.0	0.0	2.0	0.0	0.0	4.0	0.0	0.0	2.0	0.0	0.0	4.0	0.0	0.0	0.0	4.0	0.0	0.0	0.0	0.0	0.0	0.0	0.0	0.0	0.0	0.0	4.0	0.0	0.0	4.0	0.0	0.0	2.0	0.0	0.0	0.0	0.0	0.0	0.0	0.0	2.0	0.0
20.56	0.8	0.0	0.0	0.0	4.0	0.0	0.0	0.0	0.0	0.0	0.0	0.0	0.0	0.0	6.0	0.0	0.0	0.0	0.0	2.0	0.0	0.0	2.0	0.0	4.0	0.0	2.0	0.0	0.0	0.0	0.0	0.0	6.0	2.0	0.0	0.0	0.0	0.0	4.0	4.0	0.0	0.0	0.0	0.0	0.0	0.0	0.0	0.0	2.0	0.0	2.0
20.57	0.24	0.0	0.0	0.0	0.0	0.0	0.0	0.0	2.0	0.0	0.0	0.0	2.0	0.0	0.0	0.0	0.0	0.0	0.0	0.0	2.0	0.0	2.0	0.0	0.0	2.0	0.0	0.0	0.0	0.0	0.0	0.0	0.0	0.0	0.0	0.0	0.0	0.0	0.0	2.0	0.0	0.0	0.0	0.0	0.0	0.0	0.0	0.0	0.0	0.0	0.0
20.58	0.32	0.0	0.0	2.0	0.0	0.0	0.0	0.0	0.0	0.0	2.0	0.0	0.0	0.0	0.0	0.0	2.0	0.0	0.0	0.0	0.0	0.0	0.0	0.0	2.0	2.0	0.0	0.0	0.0	0.0	0.0	0.0	0.0	0.0	0.0	0.0	0.0	0.0	0.0	0.0	2.0	0.0	0.0	2.0	0.0	0.0	0.0	0.0	0.0	2.0	0.0
20.59	0.52	0.0	2.0	2.0	0.0	0.0	2.0	0.0	0.0	0.0	0.0	0.0	2.0	0.0	0.0	0.0	0.0	0.0	2.0	2.0	4.0	0.0	0.0	2.0	0.0	0.0	0.0	0.0	0.0	0.0	0.0	0.0	0.0	0.0	0.0	0.0	0.0	0.0	4.0	4.0	0.0	0.0	0.0	0.0	0.0	0.0	0.0	0.0	0.0	0.0	0.0
20.6	0.56	0.0	2.0	0.0	0.0	2.0	2.0	0.0	4.0	0.0	0.0	0.0	0.0	2.0	2.0	0.0	0.0	2.0	0.0	2.0	0.0	0.0	0.0	2.0	0.0	0.0	0.0	0.0	0.0	0.0	0.0	0.0	0.0	4.0	0.0	0.0	2.0	0.0	0.0	0.0	2.0	0.0	0.0	0.0	0.0	0.0	0.0	0.0	0.0	0.0	0.0
20.61	0.36	0.0	0.0	0.0	4.0	0.0	0.0	0.0	0.0	4.0	0.0	0.0	0.0	4.0	0.0	0.0	0.0	0.0	0.0	0.0	0.0	0.0	0.0	0.0	2.0	2.0	0.0	0.0	0.0	0.0	0.0	0.0	0.0	0.0	2.0	0.0	0.0	0.0	0.0	0.0	0.0	0.0	0.0	0.0	0.0	0.0	0.0	0.0	0.0	0.0	0.0
20.62	0.72	0.0	0.0	0.0	0.0	0.0	0.0	0.0	0.0	0.0	0.0	0.0	0.0	2.0	0.0	6.0	0.0	0.0	0.0	0.0	2.0	0.0	2.0	0.0	0.0	0.0	0.0	8.0	6.0	0.0	0.0	0.0	2.0	0.0	0.0	0.0	0.0	0.0	0.0	0.0	0.0	0.0	0.0	0.0	0.0	2.0	0.0	0.0	0.0	6.0	0.0
20.63	0.68	0.0	0.0	0.0	0.0	0.0	0.0	0.0	0.0	0.0	4.0	2.0	0.0	0.0	2.0	0.0	0.0	2.0	0.0	0.0	2.0	0.0	4.0	4.0	0.0	0.0	0.0	2.0	4.0	0.0	2.0	0.0	0.0	0.0	0.0	0.0	0.0	2.0	0.0	0.0	0.0	0.0	0.0	0.0	2.0	0.0	2.0	0.0	0.0	0.0	0.0
20.64	0.24	0.0	4.0	0.0	0.0	0.0	0.0	0.0	0.0	0.0	0.0	0.0	0.0	0.0	0.0	0.0	0.0	0.0	0.0	0.0	0.0	6.0	0.0	0.0	0.0	0.0	0.0	0.0	0.0	0.0	0.0	0.0	0.0	0.0	0.0	0.0	0.0	0.0	0.0	0.0	0.0	0.0	0.0	0.0	0.0	0.0	0.0	0.0	0.0	0.0	2.0
20.65	0.44	0.0	0.0	0.0	0.0	2.0	0.0	0.0	0.0	0.0	0.0	0.0	4.0	0.0	2.0	0.0	2.0	0.0	0.0	0.0	0.0	0.0	0.0	0.0	0.0	0.0	0.0	4.0	0.0	0.0	2.0	0.0	0.0	0.0	0.0	0.0	0.0	2.0	2.0	0.0	0.0	0.0	0.0	0.0	2.0	0.0	0.0	0.0	0.0	0.0	0.0
20.66	0.32	2.0	0.0	0.0	0.0	0.0	0.0	0.0	0.0	0.0	0.0	0.0	0.0	0.0	0.0	0.0	0.0	0.0	4.0	0.0	2.0	2.0	0.0	0.0	0.0	2.0	0.0	0.0	0.0	0.0	0.0	0.0	0.0	0.0	0.0	0.0	0.0	0.0	0.0	0.0	0.0	0.0	0.0	2.0	0.0	0.0	0.0	0.0	0.0	2.0	0.0
20.67	1.0	0.0	0.0	0.0	0.0	2.0	0.0	0.0	2.0	0.0	2.0	0.0	0.0	0.0	6.0	0.0	0.0	4.0	0.0	0.0	4.0	0.0	2.0	2.0	0.0	0.0	0.0	0.0	0.0	0.0	2.0	2.0	0.0	0.0	2.0	0.0	0.0	2.0	0.0	0.0	0.0	0.0	2.0	2.0	4.0	4.0	2.0	0.0	0.0	2.0	2.0
20.68	0.6	0.0	0.0	0.0	0.0	0.0	0.0	0.0	0.0	0.0	0.0	0.0	2.0	0.0	0.0	0.0	0.0	0.0	0.0	2.0	0.0	2.0	0.0	2.0	4.0	4.0	0.0	0.0	0.0	0.0	0.0	4.0	0.0	0.0	2.0	2.0	0.0	0.0	0.0	0.0	0.0	2.0	0.0	0.0	0.0	0.0	0.0	0.0	0.0	4.0	0.0
20.69	0.56	0.0	0.0	2.0	0.0	2.0	0.0	0.0	0.0	0.0	0.0	0.0	0.0	0.0	2.0	0.0	0.0	6.0	4.0	0.0	0.0	0.0	0.0	0.0	0.0	0.0	0.0	0.0	0.0	0.0	0.0	0.0	0.0	0.0	6.0	0.0	0.0	0.0	0.0	0.0	0.0	0.0	0.0	0.0	0.0	4.0	0.0	0.0	0.0	0.0	2.0
20.7	0.36	0.0	0.0	0.0	0.0	0.0	0.0	2.0	0.0	0.0	0.0	2.0	0.0	0.0	0.0	0.0	0.0	4.0	0.0	0.0	0.0	0.0	0.0	0.0	2.0	0.0	0.0	0.0	0.0	2.0	0.0	2.0	0.0	0.0	0.0	2.0	0.0	0.0	0.0	0.0	0.0	0.0	0.0	0.0	0.0	0.0	0.0	0.0	2.0	0.0	0.0
20.71	0.68	0.0	0.0	4.0	0.0	0.0	0.0	0.0	0.0	2.0	0.0	2.0	4.0	0.0	2.0	0.0	0.0	0.0	0.0	0.0	0.0	0.0	2.0	6.0	0.0	0.0	0.0	0.0	0.0	6.0	2.0	0.0	0.0	0.0	0.0	0.0	0.0	0.0	2.0	0.0	0.0	0.0	2.0	0.0	0.0	0.0	0.0	0.0	0.0	0.0	0.0
20.72	0.56	0.0	0.0	0.0	0.0	0.0	0.0	0.0	0.0	2.0	0.0	2.0	0.0	4.0	0.0	0.0	0.0	0.0	0.0	0.0	0.0	2.0	0.0	0.0	0.0	4.0	0.0	0.0	0.0	4.0	0.0	2.0	2.0	2.0	0.0	0.0	0.0	0.0	0.0	0.0	0.0	0.0	0.0	0.0	0.0	0.0	0.0	2.0	0.0	2.0	0.0
20.73	0.72	0.0	0.0	0.0	0.0	2.0	0.0	4.0	0.0	0.0	4.0	0.0	4.0	0.0	2.0	2.0	2.0	0.0	2.0	0.0	0.0	2.0	0.0	0.0	0.0	0.0	0.0	0.0	0.0	0.0	2.0	0.0	0.0	0.0	0.0	0.0	0.0	4.0	0.0	0.0	0.0	0.0	0.0	6.0	0.0	0.0	0.0	0.0	0.0	0.0	0.0
20.74	0.76	0.0	2.0	0.0	2.0	0.0	0.0	2.0	0.0	6.0	0.0	2.0	0.0	0.0	0.0	2.0	0.0	0.0	0.0	6.0	8.0	2.0	0.0	0.0	2.0	2.0	0.0	0.0	0.0	0.0	0.0	0.0	0.0	0.0	0.0	0.0	0.0	0.0	0.0	0.0	0.0	0.0	0.0	0.0	0.0	0.0	0.0	0.0	0.0	2.0	0.0
20.75	1.16	0.0	0.0	2.0	2.0	0.0	2.0	0.0	0.0	0.0	0.0	4.0	0.0	0.0	0.0	0.0	0.0	0.0	0.0	2.0	0.0	0.0	0.0	0.0	0.0	0.0	2.0	0.0	8.0	2.0	2.0	0.0	0.0	2.0	6.0	0.0	0.0	0.0	0.0	2.0	4.0	0.0	4.0	2.0	0.0	0.0	0.0	6.0	4.0	0.0	2.0
20.76	1.16	0.0	2.0	0.0	0.0	4.0	0.0	0.0	0.0	0.0	0.0	0.0	4.0	0.0	0.0	2.0	0.0	2.0	0.0	0.0	4.0	4.0	0.0	4.0	0.0	0.0	0.0	2.0	0.0	2.0	6.0	8.0	0.0	0.0	0.0	2.0	0.0	2.0	4.0	0.0	0.0	0.0	0.0	2.0	2.0	2.0	0.0	0.0	0.0	0.0	0.0
20.77	0.88	0.0	2.0	0.0	0.0	0.0	0.0	0.0	0.0	0.0	2.0	0.0	0.0	0.0	2.0	2.0	2.0	2.0	6.0	0.0	0.0	0.0	0.0	0.0	0.0	4.0	6.0	0.0	0.0	0.0	4.0	2.0	0.0	0.0	0.0	0.0	0.0	0.0	0.0	0.0	0.0	0.0	0.0	6.0	0.0	0.0	0.0	0.0	0.0	0.0	4.0
20.78	1.2	0.0	0.0	0.0	2.0	0.0	0.0	0.0	2.0	2.0	0.0	2.0	2.0	0.0	4.0	0.0	4.0	0.0	0.0	4.0	0.0	0.0	0.0	0.0	0.0	0.0	0.0	8.0	0.0	0.0	0.0	0.0	6.0	2.0	0.0	6.0	0.0	4.0	8.0	0.0	0.0	2.0	0.0	0.0	0.0	2.0	0.0	0.0	0.0	0.0	0.0
20.79	0.88	0.0	4.0	0.0	0.0	2.0	0.0	0.0	0.0	2.0	0.0	0.0	0.0	2.0	0.0	0.0	0.0	2.0	0.0	4.0	2.0	0.0	0.0	2.0	0.0	0.0	0.0	0.0	2.0	0.0	0.0	0.0	0.0	0.0	0.0	0.0	2.0	0.0	0.0	2.0	6.0	6.0	0.0	0.0	0.0	0.0	2.0	0.0	2.0	0.0	2.0
20.8	1.16	0.0	0.0	0.0	0.0	0.0	6.0	2.0	2.0	2.0	0.0	0.0	2.0	0.0	2.0	0.0	0.0	2.0	0.0	0.0	0.0	0.0	0.0	0.0	2.0	0.0	2.0	0.0	0.0	4.0	0.0	6.0	10.0	2.0	0.0	0.0	0.0	2.0	2.0	4.0	0.0	0.0	0.0	0.0	0.0	2.0	2.0	0.0	0.0	2.0	0.0
20.81	1.36	2.0	0.0	0.0	0.0	0.0	0.0	0.0	0.0	0.0	0.0	0.0	4.0	2.0	2.0	0.0	4.0	2.0	2.0	0.0	0.0	4.0	0.0	2.0	0.0	0.0	0.0	2.0	2.0	2.0	0.0	4.0	8.0	0.0	0.0	0.0	0.0	2.0	2.0	0.0	0.0	2.0	2.0	2.0	0.0	4.0	2.0	0.0	4.0	6.0	0.0
20.82	2.08	0.0	2.0	10.0	2.0	2.0	0.0	6.0	0.0	0.0	10.0	0.0	8.0	0.0	2.0	2.0	6.0	0.0	0.0	2.0	0.0	2.0	4.0	0.0	0.0	0.0	0.0	0.0	0.0	2.0	0.0	0.0	0.0	4.0	4.0	2.0	8.0	0.0	2.0	2.0	8.0	2.0	2.0	2.0	6.0	0.0	2.0	0.0	0.0	0.0	0.0
20.83	2.04	0.0	4.0	0.0	0.0	2.0	0.0	0.0	0.0	0.0	2.0	0.0	0.0	2.0	0.0	2.0	2.0	2.0	4.0	2.0	0.0	2.0	6.0	8.0	0.0	2.0	4.0	6.0	2.0	12.0	4.0	4.0	0.0	4.0	2.0	0.0	2.0	2.0	2.0	0.0	0.0	2.0	6.0	4.0	0.0	0.0	0.0	0.0	2.0	0.0	4.0
20.84	2.2	2.0	2.0	2.0	4.0	4.0	2.0	0.0	0.0	4.0	4.0	0.0	4.0	0.0	0.0	0.0	0.0	6.0	0.0	2.0	0.0	6.0	0.0	2.0	2.0	4.0	4.0	0.0	4.0	6.0	0.0	4.0	0.0	0.0	8.0	0.0	0.0	2.0	0.0	4.0	8.0	6.0	2.0	2.0	0.0	0.0	0.0	0.0	2.0	8.0	0.0
20.85	3.4	4.0	0.0	2.0	0.0	4.0	10.0	0.0	4.0	2.0	4.0	10.0	4.0	2.0	2.0	2.0	0.0	0.0	0.0	4.0	4.0	2.0	6.0	2.0	4.0	4.0	4.0	2.0	4.0	4.0	0.0	12.0	6.0	6.0	0.0	2.0	4.0	4.0	4.0	4.0	8.0	10.0	6.0	2.0	6.0	0.0	0.0	4.0	0.0	0.0	2.0
20.86	2.88	4.0	2.0	4.0	0.0	0.0	6.0	4.0	2.0	4.0	2.0	4.0	0.0	8.0	0.0	2.0	2.0	0.0	2.0	6.0	2.0	6.0	0.0	4.0	0.0	2.0	0.0	6.0	4.0	4.0	4.0	0.0	0.0	2.0	10.0	4.0	8.0	4.0	0.0	2.0	4.0	2.0	0.0	2.0	4.0	2.0	4.0	4.0	2.0	2.0	4.0
20.87	2.6	2.0	4.0	2.0	2.0	0.0	2.0	0.0	2.0	0.0	0.0	6.0	6.0	4.0	2.0	0.0	8.0	4.0	4.0	0.0	2.0	2.0	0.0	2.0	0.0	2.0	2.0	6.0	10.0	0.0	2.0	4.0	2.0	0.0	4.0	2.0	0.0	0.0	0.0	4.0	2.0	2.0	0.0	4.0	2.0	6.0	6.0	2.0	0.0	8.0	6.0
20.88	4.36	2.0	4.0	2.0	4.0	4.0	10.0	4.0	6.0	8.0	6.0	8.0	2.0	0.0	2.0	0.0	8.0	8.0	0.0	6.0	0.0	6.0	4.0	4.0	8.0	6.0	14.0	6.0	2.0	2.0	6.0	4.0	4.0	0.0	0.0	10.0	4.0	4.0	4.0	4.0	4.0	10.0	2.0	8.0	0.0	2.0	6.0	0.0	2.0	4.0	4.0
20.89	4.96	6.0	2.0	4.0	2.0	8.0	4.0	0.0	6.0	6.0	6.0	4.0	6.0	8.0	0.0	2.0	2.0	8.0	2.0	2.0	8.0	2.0	0.0	4.0	2.0	16.0	2.0	16.0	4.0	2.0	0.0	4.0	16.0	6.0	10.0	8.0	2.0	2.0	6.0	2.0	4.0	2.0	4.0	12.0	12.0	10.0	2.0	0.0	4.0	2.0	6.0
20.9	6.68	10.0	2.0	2.0	2.0	12.0	0.0	6.0	8.0	10.0	8.0	18.0	8.0	8.0	8.0	8.0	14.0	6.0	6.0	2.0	2.0	8.0	2.0	4.0	0.0	0.0	10.0	8.0	10.0	6.0	10.0	14.0	8.0	4.0	8.0	8.0	0.0	4.0	6.0	6.0	0.0	16.0	6.0	8.0	6.0	4.0	4.0	12.0	6.0	14.0	2.0
20.91	5.92	4.0	2.0	6.0	22.0	12.0	6.0	0.0	8.0	2.0	10.0	4.0	6.0	6.0	8.0	4.0	2.0	10.0	6.0	30.0	10.0	10.0	2.0	10.0	4.0	8.0	2.0	4.0	14.0	2.0	4.0	0.0	2.0	10.0	2.0	6.0	0.0	10.0	6.0	8.0	4.0	2.0	2.0	6.0	0.0	4.0	0.0	12.0	2.0	0.0	2.0
20.92	6.68	0.0	2.0	0.0	10.0	6.0	2.0	12.0	8.0	10.0	4.0	16.0	10.0	12.0	8.0	2.0	8.0	2.0	6.0	4.0	2.0	6.0	10.0	6.0	6.0	4.0	2.0	10.0	10.0	8.0	16.0	4.0	4.0	18.0	8.0	2.0	4.0	6.0	0.0	6.0	6.0	12.0	6.0	8.0	2.0	2.0	4.0	12.0	4.0	16.0	8.0
20.93	7.44	2.0	4.0	8.0	12.0	2.0	2.0	8.0	2.0	8.0	2.0	8.0	6.0	4.0	4.0	12.0	18.0	4.0	8.0	6.0	4.0	14.0	10.0	16.0	6.0	10.0	8.0	2.0	8.0	10.0	6.0	10.0	0.0	8.0	6.0	0.0	8.0	14.0	6.0	20.0	6.0	6.0	4.0	10.0	0.0	10.0	16.0	16.0	4.0	8.0	6.0
20.94	7.68	8.0	4.0	12.0	8.0	6.0	6.0	10.0	12.0	12.0	8.0	8.0	0.0	6.0	4.0	2.0	10.0	8.0	0.0	6.0	8.0	16.0	8.0	2.0	2.0	10.0	10.0	10.0	6.0	8.0	10.0	12.0	10.0	4.0	4.0	4.0	18.0	6.0	4.0	16.0	4.0	12.0	4.0	8.0	0.0	12.0	12.0	22.0	8.0	4.0	0.0
20.95	8.88	8.0	4.0	6.0	4.0	10.0	10.0	8.0	6.0	0.0	8.0	12.0	10.0	8.0	14.0	12.0	10.0	0.0	6.0	12.0	2.0	14.0	8.0	12.0	10.0	14.0	8.0	8.0	8.0	6.0	8.0	12.0	10.0	8.0	6.0	8.0	8.0	6.0	12.0	12.0	4.0	20.0	12.0	8.0	4.0	10.0	10.0	8.0	22.0	4.0	14.0
20.96	11.84	8.0	16.0	2.0	14.0	8.0	6.0	4.0	14.0	8.0	18.0	4.0	18.0	22.0	2.0	16.0	22.0	4.0	10.0	14.0	10.0	2.0	10.0	10.0	14.0	6.0	18.0	14.0	10.0	0.0	10.0	24.0	16.0	12.0	14.0	16.0	16.0	16.0	4.0	8.0	20.0	14.0	12.0	18.0	14.0	0.0	22.0	18.0	10.0	6.0	18.0
20.97	11.12	8.0	8.0	2.0	10.0	22.0	8.0	10.0	16.0	12.0	10.0	18.0	6.0	12.0	6.0	10.0	10.0	12.0	10.0	24.0	14.0	8.0	16.0	8.0	10.0	6.0	14.0	10.0	14.0	8.0	8.0	20.0	16.0	14.0	12.0	6.0	12.0	12.0	0.0	6.0	14.0	12.0	16.0	10.0	12.0	6.0	16.0	12.0	10.0	14.0	6.0
20.98	12.48	16.0	4.0	20.0	6.0	16.0	18.0	4.0	22.0	10.0	16.0	16.0	12.0	16.0	18.0	14.0	14.0	8.0	8.0	8.0	6.0	12.0	20.0	18.0	16.0	6.0	18.0	16.0	8.0	10.0	12.0	6.0	2.0	10.0	2.0	12.0	6.0	16.0	18.0	6.0	10.0	12.0	24.0	8.0	20.0	12.0	10.0	14.0	12.0	16.0	20.0
20.99	13.8	12.0	10.0	16.0	24.0	16.0	18.0	10.0	16.0	6.0	10.0	30.0	8.0	12.0	20.0	8.0	10.0	14.0	14.0	16.0	8.0	14.0	14.0	8.0	22.0	14.0	16.0	16.0	4.0	6.0	24.0	8.0	26.0	14.0	12.0	12.0	4.0	14.0	16.0	22.0	18.0	26.0	8.0	12.0	18.0	10.0	12.0	12.0	6.0	14.0	10.0
21.0	16.92	6.0	20.0	8.0	28.0	22.0	26.0	28.0	22.0	14.0	12.0	8.0	8.0	14.0	26.0	12.0	24.0	14.0	16.0	6.0	28.0	22.0	24.0	22.0	14.0	10.0	10.0	10.0	8.0	24.0	24.0	12.0	22.0	10.0	18.0	14.0	18.0	22.0	8.0	18.0	12.0	16.0	20.0	14.0	12.0	18.0	30.0	20.0	16.0	18.0	18.0
21.01	16.32	22.0	16.0	12.0	4.0	18.0	22.0	32.0	14.0	20.0	16.0	12.0	24.0	20.0	12.0	10.0	8.0	12.0	10.0	12.0	14.0	18.0	8.0	10.0	12.0	24.0	18.0	12.0	42.0	20.0	24.0	8.0	16.0	22.0	24.0	18.0	16.0	10.0	18.0	14.0	26.0	6.0	2.0	22.0	22.0	22.0	16.0	12.0	22.0	16.0	6.0
21.02	17.0	4.0	20.0	20.0	16.0	26.0	22.0	14.0	6.0	18.0	26.0	16.0	10.0	26.0	6.0	8.0	12.0	16.0	26.0	16.0	10.0	16.0	26.0	8.0	14.0	28.0	8.0	14.0	10.0	12.0	34.0	16.0	26.0	18.0	24.0	20.0	18.0	20.0	10.0	20.0	28.0	16.0	18.0	20.0	14.0	14.0	12.0	24.0	16.0	18.0	10.0
21.03	18.04	14.0	16.0	12.0	26.0	14.0	12.0	20.0	16.0	14.0	22.0	20.0	18.0	8.0	16.0	20.0	16.0	18.0	22.0	10.0	26.0	22.0	22.0	32.0	22.0	18.0	14.0	16.0	14.0	18.0	14.0	8.0	36.0	12.0	22.0	22.0	8.0	14.0	12.0	8.0	22.0	20.0	32.0	14.0	28.0	12.0	12.0	20.0	26.0	18.0	24.0
21.04	19.8	22.0	14.0	14.0	22.0	10.0	20.0	16.0	18.0	16.0	16.0	24.0	14.0	24.0	20.0	18.0	18.0	16.0	22.0	26.0	16.0	18.0	18.0	22.0	14.0	20.0	16.0	12.0	18.0	20.0	24.0	26.0	16.0	26.0	26.0	32.0	36.0	22.0	20.0	14.0	20.0	10.0	14.0	14.0	22.0	18.0	22.0	34.0	26.0	26.0	18.0
21.05	21.08	14.0	28.0	34.0	14.0	16.0	22.0	22.0	26.0	26.0	26.0	16.0	16.0	8.0	6.0	32.0	10.0	30.0	18.0	20.0	10.0	40.0	18.0	8.0	26.0	20.0	8.0	26.0	26.0	14.0	28.0	32.0	26.0	28.0	10.0	30.0	18.0	8.0	26.0	24.0	16.0	8.0	26.0	34.0	28.0	30.0	22.0	28.0	24.0	12.0	16.0
21.06	20.92	26.0	28.0	24.0	16.0	26.0	20.0	14.0	12.0	26.0	18.0	20.0	18.0	24.0	14.0	32.0	16.0	22.0	10.0	28.0	42.0	10.0	18.0	22.0	24.0	28.0	10.0	10.0	20.0	16.0	16.0	26.0	16.0	18.0	30.0	16.0	14.0	16.0	26.0	16.0	30.0	10.0	18.0	30.0	30.0	42.0	26.0	16.0	20.0	20.0	16.0
21.07	22.96	26.0	14.0	26.0	20.0	36.0	16.0	24.0	14.0	8.0	34.0	26.0	26.0	28.0	16.0	26.0	10.0	10.0	38.0	10.0	44.0	18.0	20.0	18.0	20.0	24.0	32.0	24.0	42.0	16.0	34.0	20.0	16.0	24.0	26.0	34.0	30.0	18.0	16.0	16.0	34.0	36.0	20.0	18.0	32.0	8.0	10.0	16.0	36.0	24.0	14.0
21.08	22.96	18.0	22.0	30.0	22.0	24.0	24.0	22.0	24.0	20.0	34.0	20.0	24.0	16.0	26.0	26.0	40.0	26.0	20.0	34.0	24.0	20.0	16.0	24.0	28.0	22.0	28.0	18.0	16.0	18.0	14.0	26.0	34.0	24.0	38.0	20.0	16.0	28.0	14.0	22.0	10.0	26.0	28.0	22.0	12.0	20.0	26.0	14.0	24.0	18.0	26.0
21.09	23.88	18.0	30.0	24.0	24.0	16.0	26.0	30.0	24.0	20.0	36.0	16.0	18.0	22.0	8.0	16.0	22.0	26.0	34.0	36.0	32.0	24.0	42.0	26.0	32.0	14.0	38.0	54.0	18.0	14.0	8.0	26.0	44.0	26.0	16.0	18.0	16.0	24.0	26.0	18.0	22.0	32.0	20.0	24.0	26.0	20.0	18.0	26.0	8.0	26.0	10.0
21.1	27.48	22.0	18.0	24.0	42.0	20.0	32.0	18.0	16.0	48.0	18.0	24.0	32.0	28.0	44.0	20.0	16.0	30.0	40.0	40.0	46.0	26.0	18.0	8.0	30.0	34.0	14.0	34.0	14.0	24.0	22.0	22.0	34.0	26.0	42.0	40.0	26.0	24.0	24.0	34.0	26.0	42.0	22.0	38.0	20.0	38.0	20.0	36.0	26.0	12.0	20.0
21.11	28.88	18.0	26.0	36.0	36.0	32.0	18.0	46.0	30.0	40.0	30.0	34.0	20.0	48.0	32.0	20.0	20.0	26.0	32.0	14.0	46.0	30.0	38.0	28.0	24.0	24.0	46.0	20.0	24.0	18.0	30.0	28.0	32.0	26.0	24.0	32.0	16.0	28.0	26.0	30.0	38.0	30.0	20.0	36.0	10.0	20.0	44.0	20.0	44.0	28.0	26.0
21.12	28.44	18.0	36.0	28.0	40.0	28.0	34.0	28.0	24.0	32.0	10.0	22.0	28.0	28.0	28.0	30.0	12.0	22.0	30.0	14.0	30.0	22.0	26.0	16.0	38.0	28.0	36.0	42.0	34.0	26.0	42.0	32.0	24.0	24.0	14.0	20.0	30.0	46.0	30.0	34.0	26.0	24.0	40.0	38.0	32.0	20.0	36.0	34.0	34.0	22.0	30.0
21.13	29.16	30.0	36.0	38.0	24.0	18.0	32.0	24.0	14.0	10.0	30.0	28.0	28.0	24.0	22.0	24.0	18.0	30.0	22.0	20.0	44.0	28.0	18.0	22.0	34.0	34.0	22.0	32.0	42.0	28.0	22.0	36.0	28.0	26.0	30.0	26.0	52.0	38.0	62.0	36.0	14.0	28.0	16.0	36.0	30.0	32.0	22.0	30.0	34.0	38.0	46.0
21.14	31.48	24.0	26.0	22.0	26.0	42.0	32.0	24.0	54.0	24.0	38.0	30.0	42.0	26.0	34.0	42.0	22.0	22.0	22.0	24.0	34.0	28.0	32.0	24.0	34.0	16.0	48.0	50.0	46.0	36.0	10.0	22.0	22.0	18.0	24.0	18.0	42.0	38.0	36.0	28.0	52.0	26.0	44.0	34.0	42.0	40.0	28.0	32.0	38.0	30.0	26.0
21.15	33.8	28.0	34.0	22.0	30.0	38.0	36.0	26.0	20.0	46.0	24.0	40.0	34.0	42.0	52.0	26.0	40.0	36.0	40.0	36.0	24.0	28.0	32.0	38.0	20.0	20.0	22.0	54.0	42.0	50.0	42.0	34.0	36.0	44.0	38.0	48.0	26.0	36.0	44.0	42.0	20.0	18.0	40.0	22.0	42.0	32.0	26.0	36.0	24.0	36.0	24.0
21.16	31.68	24.0	28.0	38.0	30.0	30.0	34.0	28.0	32.0	28.0	36.0	38.0	24.0	32.0	26.0	32.0	26.0	32.0	36.0	32.0	36.0	28.0	32.0	38.0	24.0	30.0	24.0	46.0	34.0	42.0	38.0	34.0	38.0	28.0	12.0	24.0	28.0	46.0	38.0	34.0	26.0	60.0	34.0	26.0	22.0	28.0	24.0	44.0	32.0	22.0	26.0
21.17	32.6	40.0	28.0	24.0	36.0	34.0	40.0	28.0	54.0	20.0	40.0	28.0	52.0	34.0	14.0	56.0	46.0	36.0	24.0	32.0	32.0	28.0	36.0	24.0	54.0	34.0	42.0	44.0	32.0	34.0	44.0	36.0	40.0	38.0	16.0	24.0	26.0	12.0	24.0	26.0	30.0	34.0	34.0	18.0	16.0	28.0	40.0	44.0	30.0	22.0	22.0
21.18	34.52	24.0	30.0	34.0	24.0	50.0	38.0	32.0	32.0	30.0	28.0	42.0	24.0	28.0	30.0	36.0	22.0	16.0	32.0	48.0	42.0	32.0	42.0	44.0	38.0	34.0	38.0	24.0	44.0	38.0	50.0	38.0	28.0	42.0	34.0	30.0	40.0	36.0	36.0	40.0	28.0	28.0	36.0	48.0	40.0	38.0	34.0	26.0	36.0	32.0	30.0
21.19	36.12	46.0	54.0	34.0	34.0	32.0	26.0	52.0	42.0	38.0	30.0	34.0	44.0	22.0	36.0	44.0	34.0	40.0	36.0	44.0	32.0	50.0	30.0	22.0	44.0	42.0	32.0	50.0	28.0	30.0	40.0	36.0	32.0	28.0	26.0	22.0	28.0	50.0	38.0	28.0	46.0	22.0	38.0	36.0	48.0	44.0	26.0	40.0	30.0	26.0	40.0
21.2	36.96	42.0	44.0	32.0	44.0	28.0	36.0	40.0	50.0	42.0	28.0	26.0	28.0	32.0	38.0	34.0	48.0	24.0	32.0	30.0	32.0	38.0	32.0	38.0	42.0	60.0	30.0	50.0	26.0	38.0	52.0	36.0	34.0	26.0	54.0	30.0	28.0	38.0	50.0	28.0	50.0	34.0	52.0	28.0	32.0	44.0	34.0	42.0	22.0	30.0	40.0
21.21	40.48	24.0	60.0	44.0	22.0	36.0	52.0	44.0	54.0	34.0	36.0	58.0	30.0	48.0	34.0	40.0	42.0	36.0	36.0	30.0	38.0	32.0	40.0	28.0	34.0	44.0	34.0	38.0	24.0	40.0	30.0	36.0	50.0	50.0	48.0	46.0	56.0	44.0	32.0	24.0	42.0	60.0	54.0	34.0	36.0	52.0	34.0	30.0	50.0	34.0	70.0
21.22	38.12	34.0	32.0	42.0	32.0	48.0	36.0	42.0	34.0	28.0	34.0	20.0	38.0	54.0	44.0	34.0	46.0	46.0	26.0	48.0	44.0	34.0	28.0	20.0	40.0	32.0	42.0	46.0	50.0	46.0	20.0	38.0	32.0	36.0	38.0	40.0	34.0	58.0	26.0	44.0	40.0	42.0	46.0	32.0	32.0	32.0	62.0	44.0	38.0	40.0	32.0
21.23	41.64	32.0	24.0	44.0	32.0	30.0	48.0	42.0	22.0	56.0	58.0	30.0	30.0	26.0	52.0	58.0	20.0	42.0	44.0	56.0	40.0	44.0	22.0	40.0	36.0	36.0	36.0	42.0	34.0	58.0	50.0	42.0	56.0	76.0	54.0	48.0	30.0	32.0	30.0	54.0	48.0	42.0	34.0	38.0	42.0	54.0	58.0	44.0	44.0	28.0	44.0
21.24	42.24	60.0	36.0	38.0	40.0	44.0	74.0	34.0	42.0	38.0	56.0	54.0	24.0	36.0	48.0	42.0	46.0	54.0	36.0	38.0	38.0	34.0	34.0	36.0	28.0	40.0	38.0	36.0	38.0	44.0	34.0	54.0	30.0	44.0	24.0	54.0	48.0	38.0	36.0	30.0	38.0	30.0	50.0	46.0	48.0	40.0	48.0	76.0	46.0	40.0	52.0
21.25	42.24	42.0	34.0	42.0	38.0	32.0	42.0	54.0	50.0	50.0	46.0	36.0	58.0	38.0	32.0	48.0	48.0	40.0	52.0	34.0	44.0	42.0	60.0	34.0	40.0	70.0	30.0	30.0	42.0	26.0	32.0	34.0	62.0	36.0	56.0	60.0	48.0	30.0	38.0	52.0	40.0	22.0	28.0	44.0	48.0	32.0	56.0	42.0	20.0	54.0	44.0
21.26	48.04	44.0	34.0	64.0	52.0	56.0	32.0	50.0	46.0	40.0	54.0	56.0	58.0	48.0	58.0	52.0	38.0	52.0	40.0	38.0	36.0	64.0	46.0	54.0	52.0	36.0	40.0	18.0	26.0	54.0	44.0	46.0	62.0	88.0	62.0	40.0	58.0	54.0	48.0	52.0	56.0	48.0	32.0	42.0	52.0	48.0	38.0	42.0	56.0	38.0	58.0
21.27	45.28	42.0	34.0	42.0	50.0	56.0	30.0	58.0	40.0	46.0	36.0	40.0	40.0	28.0	48.0	48.0	44.0	40.0	54.0	24.0	52.0	46.0	42.0	46.0	54.0	50.0	56.0	44.0	30.0	46.0	40.0	34.0	40.0	56.0	52.0	64.0	36.0	44.0	48.0	40.0	42.0	52.0	74.0	48.0	44.0	46.0	46.0	42.0	38.0	70.0	42.0
21.28	48.52	34.0	38.0	60.0	64.0	64.0	42.0	42.0	44.0	46.0	48.0	48.0	32.0	64.0	42.0	54.0	60.0	40.0	34.0	32.0	44.0	42.0	52.0	44.0	68.0	60.0	44.0	40.0	68.0	40.0	40.0	42.0	50.0	50.0	62.0	34.0	44.0	60.0	28.0	44.0	48.0	34.0	52.0	52.0	54.0	52.0	52.0	60.0	52.0	66.0	60.0
21.29	49.96	24.0	58.0	82.0	50.0	66.0	34.0	38.0	20.0	58.0	64.0	46.0	54.0	72.0	40.0	58.0	50.0	56.0	74.0	56.0	46.0	66.0	58.0	20.0	54.0	52.0	36.0	42.0	46.0	32.0	40.0	44.0	52.0	52.0	62.0	50.0	72.0	50.0	66.0	46.0	52.0	42.0	40.0	32.0	74.0	30.0	54.0	46.0	54.0	48.0	40.0
21.3	48.32	42.0	52.0	50.0	52.0	52.0	54.0	36.0	38.0	52.0	46.0	40.0	32.0	50.0	56.0	72.0	48.0	58.0	62.0	42.0	24.0	36.0	44.0	28.0	50.0	50.0	60.0	54.0	30.0	44.0	54.0	56.0	46.0	60.0	74.0	46.0	40.0	58.0	50.0	56.0	32.0	40.0	68.0	54.0	64.0	52.0	54.0	52.0	30.0	44.0	32.0
21.31	50.52	36.0	38.0	52.0	66.0	36.0	44.0	30.0	60.0	54.0	52.0	48.0	60.0	48.0	64.0	62.0	46.0	64.0	66.0	36.0	62.0	40.0	44.0	64.0	42.0	32.0	38.0	58.0	52.0	42.0	42.0	42.0	74.0	54.0	50.0	58.0	52.0	46.0	48.0	36.0	40.0	60.0	44.0	54.0	76.0	50.0	54.0	54.0	62.0	58.0	36.0
21.32	53.48	50.0	54.0	56.0	74.0	32.0	38.0	72.0	52.0	54.0	48.0	46.0	62.0	64.0	62.0	54.0	54.0	60.0	42.0	44.0	78.0	42.0	62.0	32.0	66.0	46.0	68.0	48.0	34.0	54.0	48.0	48.0	56.0	60.0	52.0	44.0	46.0	88.0	62.0	72.0	36.0	44.0	48.0	52.0	64.0	46.0	54.0	48.0	52.0	42.0	64.0
21.33	55.12	46.0	40.0	64.0	50.0	48.0	44.0	64.0	54.0	52.0	66.0	80.0	44.0	40.0	70.0	44.0	52.0	60.0	54.0	54.0	52.0	62.0	40.0	46.0	64.0	48.0	46.0	42.0	96.0	60.0	46.0	46.0	66.0	40.0	56.0	70.0	74.0	34.0	62.0	48.0	46.0	44.0	44.0	84.0	68.0	52.0	58.0	74.0	58.0	46.0	58.0
21.34	57.8	40.0	50.0	76.0	38.0	92.0	62.0	62.0	74.0	54.0	58.0	62.0	42.0	58.0	34.0	70.0	58.0	48.0	70.0	60.0	72.0	68.0	30.0	52.0	54.0	56.0	52.0	60.0	74.0	60.0	54.0	58.0	72.0	70.0	48.0	44.0	52.0	62.0	68.0	66.0	66.0	46.0	58.0	64.0	52.0	54.0	68.0	38.0	52.0	44.0	68.0
21.35	59.6	74.0	62.0	50.0	40.0	58.0	78.0	86.0	68.0	64.0	52.0	52.0	42.0	68.0	38.0	48.0	46.0	58.0	62.0	60.0	56.0	50.0	76.0	78.0	74.0	66.0	60.0	72.0	46.0	44.0	58.0	78.0	54.0	44.0	56.0	72.0	66.0	70.0	32.0	58.0	82.0	70.0	52.0	54.0	66.0	44.0	64.0	42.0	52.0	62.0	76.0
21.36	60.16	68.0	80.0	62.0	62.0	76.0	44.0	68.0	32.0	78.0	40.0	50.0	62.0	68.0	72.0	56.0	72.0	66.0	86.0	60.0	60.0	80.0	60.0	58.0	32.0	66.0	60.0	62.0	56.0	54.0	70.0	38.0	74.0	64.0	76.0	66.0	56.0	48.0	66.0	42.0	36.0	48.0	54.0	60.0	64.0	54.0	62.0	42.0	70.0	60.0	68.0
21.37	60.52	54.0	66.0	80.0	50.0	70.0	58.0	44.0	96.0	70.0	50.0	66.0	56.0	66.0	44.0	62.0	48.0	48.0	66.0	46.0	50.0	54.0	50.0	42.0	72.0	66.0	40.0	54.0	52.0	62.0	74.0	52.0	54.0	74.0	42.0	68.0	74.0	52.0	60.0	72.0	64.0	74.0	68.0	54.0	78.0	82.0	72.0	58.0	64.0	38.0	70.0
21.38	56.72	60.0	40.0	60.0	58.0	62.0	62.0	48.0	74.0	78.0	36.0	60.0	72.0	60.0	58.0	54.0	18.0	64.0	66.0	64.0	70.0	54.0	60.0	54.0	82.0	40.0	70.0	66.0	68.0	66.0	64.0	40.0	62.0	68.0	36.0	60.0	54.0	60.0	48.0	58.0	60.0	46.0	48.0	56.0	54.0	68.0	26.0	60.0	48.0	42.0	54.0
21.39	64.52	52.0	42.0	62.0	48.0	66.0	54.0	52.0	78.0	84.0	44.0	62.0	96.0	68.0	72.0	72.0	80.0	72.0	54.0	52.0	80.0	72.0	60.0	88.0	78.0	64.0	78.0	70.0	52.0	72.0	54.0	58.0	38.0	70.0	54.0	78.0	64.0	88.0	64.0	46.0	62.0	68.0	70.0	38.0	66.0	72.0	64.0	88.0	72.0	50.0	38.0
21.4	64.64	58.0	64.0	68.0	48.0	56.0	44.0	82.0	52.0	66.0	92.0	50.0	82.0	62.0	60.0	66.0	54.0	56.0	74.0	56.0	46.0	76.0	42.0	56.0	56.0	62.0	66.0	68.0	76.0	68.0	78.0	70.0	66.0	56.0	80.0	64.0	84.0	64.0	80.0	80.0	60.0	62.0	66.0	38.0	50.0	80.0	72.0	78.0	80.0	58.0	60.0
21.41	67.12	58.0	64.0	68.0	72.0	56.0	56.0	72.0	68.0	58.0	68.0	90.0	104.0	94.0	48.0	68.0	78.0	50.0	54.0	64.0	72.0	54.0	70.0	46.0	70.0	58.0	62.0	50.0	86.0	60.0	64.0	66.0	62.0	80.0	68.0	62.0	64.0	52.0	64.0	90.0	64.0	74.0	104.0	80.0	48.0	66.0	88.0	56.0	54.0	66.0	66.0
21.42	64.36	38.0	70.0	32.0	58.0	50.0	78.0	88.0	76.0	60.0	94.0	50.0	60.0	60.0	56.0	92.0	60.0	70.0	44.0	58.0	72.0	66.0	72.0	80.0	68.0	60.0	56.0	86.0	74.0	52.0	78.0	62.0	72.0	62.0	62.0	58.0	70.0	94.0	54.0	38.0	60.0	66.0	54.0	54.0	78.0	36.0	82.0	70.0	64.0	50.0	74.0
21.43	67.32	74.0	72.0	34.0	72.0	72.0	78.0	84.0	64.0	86.0	66.0	64.0	66.0	78.0	78.0	46.0	80.0	90.0	84.0	68.0	76.0	64.0	72.0	60.0	78.0	68.0	66.0	58.0	64.0	62.0	54.0	82.0	64.0	66.0	98.0	42.0	90.0	70.0	50.0	42.0	62.0	70.0	60.0	72.0	48.0	58.0	66.0	66.0	68.0	78.0	36.0
21.44	69.96	64.0	80.0	82.0	68.0	40.0	78.0	80.0	58.0	70.0	88.0	44.0	70.0	70.0	76.0	96.0	44.0	42.0	50.0	94.0	62.0	82.0	94.0	64.0	66.0	56.0	70.0	62.0	68.0	62.0	92.0	96.0	70.0	72.0	76.0	78.0	86.0	50.0	76.0	98.0	66.0	76.0	64.0	66.0	58.0	74.0	74.0	36.0	86.0	80.0	44.0
21.45	72.12	84.0	86.0	56.0	76.0	76.0	66.0	78.0	90.0	62.0	84.0	96.0	60.0	68.0	62.0	70.0	76.0	60.0	70.0	80.0	80.0	78.0	78.0	64.0	92.0	98.0	64.0	84.0	76.0	64.0	70.0	66.0	56.0	68.0	66.0	82.0	70.0	62.0	60.0	54.0	100.0	66.0	70.0	78.0	92.0	62.0	74.0	66.0	64.0	50.0	52.0
21.46	74.32	90.0	68.0	92.0	58.0	92.0	76.0	74.0	62.0	54.0	78.0	100.0	66.0	64.0	70.0	82.0	90.0	62.0	106.0	66.0	64.0	46.0	90.0	70.0	78.0	60.0	74.0	68.0	74.0	90.0	56.0	60.0	70.0	78.0	98.0	88.0	66.0	88.0	86.0	74.0	72.0	64.0	48.0	96.0	68.0	62.0	92.0	76.0	78.0	76.0	56.0
21.47	72.88	96.0	80.0	60.0	60.0	80.0	70.0	68.0	80.0	92.0	60.0	82.0	70.0	52.0	58.0	98.0	64.0	60.0	72.0	56.0	62.0	58.0	98.0	86.0	70.0	76.0	70.0	52.0	72.0	88.0	76.0	80.0	64.0	62.0	58.0	82.0	68.0	88.0	74.0	36.0	68.0	88.0	52.0	94.0	76.0	98.0	58.0	78.0	66.0	78.0	110.0
21.48	75.72	68.0	72.0	100.0	62.0	62.0	72.0	52.0	64.0	64.0	62.0	72.0	80.0	80.0	72.0	62.0	80.0	72.0	74.0	92.0	74.0	76.0	70.0	88.0	80.0	50.0	78.0	86.0	64.0	84.0	70.0	86.0	100.0	70.0	68.0	76.0	60.0	70.0	66.0	94.0	80.0	64.0	88.0	102.0	80.0	94.0	72.0	80.0	100.0	62.0	92.0
21.49	75.4	66.0	58.0	56.0	80.0	70.0	66.0	84.0	78.0	68.0	88.0	78.0	72.0	70.0	70.0	30.0	86.0	56.0	96.0	102.0	76.0	92.0	60.0	56.0	50.0	100.0	106.0	76.0	80.0	76.0	74.0	64.0	98.0	68.0	106.0	68.0	80.0	104.0	74.0	76.0	54.0	68.0	74.0	114.0	122.0	68.0	62.0	68.0	56.0	54.0	72.0
21.5	77.68	56.0	86.0	68.0	54.0	72.0	78.0	76.0	82.0	70.0	74.0	84.0	72.0	72.0	74.0	56.0	68.0	74.0	94.0	92.0	86.0	100.0	72.0	64.0	76.0	48.0	72.0	96.0	94.0	122.0	70.0	94.0	102.0	86.0	68.0	96.0	92.0	66.0	84.0	66.0	70.0	86.0	72.0	86.0	62.0	78.0	80.0	78.0	76.0	70.0	70.0
21.51	82.48	46.0	84.0	86.0	66.0	92.0	92.0	72.0	80.0	90.0	74.0	94.0	76.0	90.0	84.0	100.0	56.0	64.0	124.0	86.0	88.0	88.0	98.0	80.0	92.0	94.0	76.0	88.0	88.0	88.0	80.0	66.0	80.0	74.0	72.0	64.0	86.0	64.0	88.0	62.0	80.0	60.0	90.0	78.0	74.0	60.0	86.0	86.0	116.0	110.0	112.0
21.52	84.04	90.0	100.0	82.0	100.0	82.0	84.0	98.0	84.0	90.0	86.0	100.0	122.0	92.0	82.0	102.0	102.0	90.0	82.0	78.0	104.0	80.0	64.0	94.0	76.0	100.0	52.0	76.0	76.0	72.0	96.0	52.0	60.0	98.0	82.0	68.0	80.0	74.0	66.0	100.0	82.0	86.0	116.0	60.0	62.0	70.0	72.0	92.0	92.0	88.0	66.0
21.53	81.8	52.0	86.0	74.0	72.0	52.0	86.0	96.0	80.0	76.0	108.0	58.0	92.0	84.0	88.0	62.0	98.0	60.0	78.0	48.0	90.0	100.0	82.0	80.0	76.0	68.0	98.0	66.0	82.0	64.0	112.0	78.0	80.0	90.0	106.0	88.0	94.0	80.0	100.0	70.0	90.0	96.0	90.0	80.0	90.0	70.0	84.0	74.0	118.0	76.0	68.0
21.54	84.28	78.0	100.0	84.0	96.0	64.0	80.0	62.0	100.0	76.0	96.0	84.0	86.0	88.0	92.0	74.0	98.0	74.0	74.0	66.0	68.0	108.0	84.0	78.0	86.0	98.0	94.0	74.0	82.0	78.0	76.0	90.0	88.0	86.0	68.0	94.0	66.0	86.0	88.0	68.0	90.0	84.0	96.0	72.0	114.0	76.0	110.0	78.0	74.0	102.0	86.0
21.55	86.92	70.0	70.0	76.0	90.0	90.0	88.0	90.0	78.0	102.0	86.0	72.0	92.0	88.0	84.0	90.0	82.0	98.0	74.0	86.0	112.0	102.0	84.0	110.0	98.0	84.0	84.0	94.0	82.0	90.0	116.0	84.0	84.0	70.0	72.0	96.0	82.0	80.0	84.0	74.0	106.0	62.0	100.0	72.0	64.0	94.0	84.0	94.0	80.0	94.0	108.0
21.56	84.44	70.0	64.0	104.0	64.0	88.0	76.0	84.0	86.0	46.0	78.0	124.0	120.0	110.0	80.0	78.0	66.0	70.0	52.0	72.0	70.0	98.0	92.0	80.0	108.0	102.0	70.0	94.0	82.0	98.0	76.0	104.0	94.0	84.0	98.0	88.0	72.0	76.0	70.0	98.0	82.0	100.0	90.0	96.0	88.0	62.0	60.0	116.0	68.0	90.0	84.0
21.57	88.28	72.0	82.0	100.0	94.0	66.0	104.0	70.0	100.0	100.0	66.0	108.0	110.0	86.0	76.0	86.0	72.0	92.0	70.0	78.0	64.0	74.0	96.0	100.0	88.0	106.0	120.0	76.0	118.0	76.0	118.0	92.0	104.0	102.0	84.0	92.0	90.0	84.0	86.0	90.0	82.0	72.0	98.0	108.0	110.0	92.0	56.0	68.0	82.0	84.0	70.0
21.58	87.76	60.0	70.0	68.0	66.0	96.0	102.0	76.0	92.0	84.0	80.0	82.0	90.0	72.0	86.0	100.0	78.0	84.0	118.0	72.0	98.0	76.0	94.0	122.0	108.0	94.0	96.0	114.0	94.0	84.0	116.0	80.0	80.0	84.0	82.0	82.0	74.0	102.0	72.0	70.0	78.0	66.0	86.0	88.0	112.0	76.0	90.0	104.0	124.0	78.0	88.0
21.59	91.0	78.0	80.0	102.0	90.0	86.0	90.0	84.0	82.0	100.0	110.0	70.0	108.0	82.0	96.0	76.0	82.0	76.0	86.0	116.0	110.0	96.0	92.0	96.0	72.0	82.0	82.0	94.0	84.0	96.0	122.0	82.0	84.0	84.0	86.0	96.0	108.0	106.0	106.0	98.0	82.0	106.0	100.0	70.0	74.0	106.0	76.0	98.0	102.0	86.0	80.0
21.6	96.44	110.0	106.0	112.0	110.0	104.0	82.0	118.0	90.0	104.0	96.0	110.0	86.0	92.0	118.0	106.0	98.0	102.0	84.0	84.0	102.0	68.0	90.0	110.0	80.0	100.0	78.0	90.0	116.0	72.0	98.0	76.0	104.0	120.0	92.0	104.0	84.0	122.0	84.0	98.0	84.0	106.0	104.0	82.0	88.0	94.0	82.0	98.0	102.0	104.0	78.0
21.61	96.04	44.0	84.0	138.0	88.0	106.0	104.0	100.0	86.0	100.0	104.0	74.0	98.0	92.0	112.0	86.0	120.0	98.0	108.0	76.0	100.0	80.0	108.0	90.0	70.0	108.0	78.0	98.0	88.0	92.0	136.0	70.0	76.0	104.0	134.0	66.0	92.0	88.0	92.0	94.0	80.0	106.0	104.0	96.0	102.0	98.0	104.0	118.0	116.0	78.0	118.0
21.62	95.32	84.0	94.0	96.0	98.0	96.0	118.0	108.0	74.0	108.0	60.0	110.0	80.0	80.0	96.0	104.0	92.0	96.0	80.0	104.0	126.0	74.0	74.0	142.0	70.0	94.0	90.0	94.0	108.0	82.0	102.0	108.0	98.0	104.0	100.0	96.0	118.0	136.0	84.0	70.0	98.0	88.0	84.0	108.0	106.0	86.0	78.0	88.0	100.0	90.0	92.0
21.63	96.84	118.0	102.0	108.0	100.0	96.0	80.0	76.0	88.0	98.0	122.0	100.0	96.0	96.0	104.0	72.0	120.0	122.0	122.0	112.0	82.0	72.0	108.0	86.0	114.0	90.0	88.0	98.0	102.0	70.0	98.0	102.0	126.0	74.0	110.0	110.0	102.0	104.0	98.0	90.0	112.0	100.0	84.0	112.0	78.0	92.0	56.0	94.0	96.0	74.0	88.0
21.64	98.76	94.0	140.0	100.0	118.0	104.0	74.0	96.0	86.0	76.0	102.0	88.0	72.0	114.0	90.0	112.0	102.0	92.0	110.0	104.0	102.0	96.0	102.0	98.0	86.0	80.0	92.0	86.0	76.0	94.0	128.0	102.0	114.0	122.0	78.0	94.0	98.0	96.0	92.0	126.0	116.0	110.0	84.0	128.0	94.0	90.0	94.0	112.0	100.0	86.0	88.0
21.65	100.4	94.0	104.0	104.0	70.0	112.0	108.0	104.0	98.0	122.0	100.0	88.0	120.0	114.0	102.0	120.0	94.0	96.0	92.0	96.0	116.0	98.0	108.0	78.0	78.0	112.0	112.0	108.0	112.0	72.0	112.0	84.0	102.0	118.0	104.0	102.0	104.0	78.0	124.0	104.0	96.0	78.0	78.0	96.0	114.0	122.0	94.0	116.0	104.0	74.0	84.0
21.66	104.6	84.0	112.0	108.0	98.0	108.0	96.0	100.0	100.0	94.0	92.0	106.0	128.0	122.0	96.0	104.0	66.0	112.0	96.0	82.0	122.0	98.0	98.0	86.0	78.0	106.0	110.0	96.0	108.0	92.0	134.0	110.0	124.0	116.0	90.0	98.0	92.0	100.0	98.0	132.0	112.0	110.0	94.0	110.0	124.0	138.0	94.0	96.0	146.0	110.0	102.0
21.67	99.36	92.0	90.0	92.0	136.0	136.0	86.0	92.0	82.0	98.0	120.0	124.0	112.0	68.0	96.0	104.0	86.0	92.0	78.0	112.0	64.0	112.0	108.0	94.0	84.0	90.0	96.0	94.0	108.0	104.0	100.0	114.0	90.0	84.0	106.0	114.0	118.0	96.0	92.0	70.0	92.0	104.0	96.0	66.0	124.0	104.0	122.0	118.0	78.0	116.0	114.0
21.68	103.6	78.0	118.0	116.0	100.0	96.0	100.0	108.0	98.0	108.0	90.0	84.0	114.0	120.0	136.0	90.0	136.0	92.0	108.0	90.0	110.0	106.0	122.0	102.0	68.0	108.0	124.0	84.0	86.0	96.0	122.0	124.0	118.0	92.0	104.0	122.0	94.0	82.0	84.0	100.0	92.0	126.0	112.0	108.0	88.0	104.0	106.0	110.0	116.0	108.0	80.0
21.69	106.4	76.0	98.0	130.0	134.0	102.0	108.0	104.0	78.0	106.0	116.0	92.0	88.0	86.0	134.0	96.0	120.0	108.0	110.0	128.0	102.0	104.0	110.0	126.0	92.0	116.0	98.0	126.0	92.0	126.0	74.0	104.0	106.0	118.0	116.0	94.0	138.0	74.0	122.0	104.0	114.0	122.0	106.0	112.0	68.0	120.0	94.0	104.0	108.0	92.0	122.0
21.7	111.7	98.0	98.0	108.0	100.0	126.0	136.0	86.0	118.0	114.0	128.0	140.0	106.0	140.0	122.0	84.0	102.0	136.0	136.0	116.0	100.0	108.0	108.0	122.0	124.0	122.0	92.0	114.0	114.0	118.0	138.0	130.0	118.0	142.0	86.0	118.0	122.0	96.0	112.0	96.0	104.0	108.0	110.0	118.0	96.0	90.0	116.0	106.0	58.0	118.0	86.0
21.71	106.0	104.0	88.0	114.0	98.0	110.0	104.0	128.0	112.0	100.0	94.0	90.0	90.0	88.0	114.0	118.0	102.0	118.0	114.0	94.0	94.0	96.0	84.0	132.0	108.0	84.0	132.0	118.0	112.0	92.0	142.0	72.0	114.0	112.0	114.0	94.0	110.0	142.0	74.0	80.0	104.0	96.0	106.0	104.0	104.0	100.0	118.0	120.0	130.0	102.0	130.0
21.72	109.2	98.0	110.0	130.0	102.0	96.0	102.0	100.0	138.0	88.0	94.0	122.0	92.0	154.0	122.0	94.0	108.0	88.0	84.0	104.0	112.0	120.0	112.0	122.0	112.0	124.0	124.0	94.0	116.0	140.0	82.0	122.0	116.0	104.0	100.0	98.0	132.0	102.0	116.0	118.0	120.0	118.0	78.0	82.0	122.0	120.0	92.0	116.0	96.0	122.0	100.0
21.73	115.9	86.0	114.0	156.0	100.0	90.0	134.0	110.0	106.0	128.0	114.0	152.0	108.0	118.0	120.0	108.0	142.0	94.0	122.0	102.0	88.0	142.0	128.0	136.0	104.0	112.0	122.0	154.0	142.0	110.0	110.0	110.0	96.0	138.0	118.0	116.0	94.0	122.0	106.0	100.0	124.0	122.0	116.0	92.0	106.0	118.0	118.0	118.0	114.0	116.0	98.0
21.74	116.0	100.0	154.0	106.0	104.0	112.0	100.0	98.0	120.0	146.0	100.0	98.0	134.0	116.0	138.0	96.0	104.0	94.0	122.0	122.0	138.0	134.0	102.0	98.0	138.0	88.0	144.0	98.0	168.0	104.0	82.0	104.0	106.0	146.0	140.0	146.0	124.0	116.0	124.0	112.0	116.0	116.0	118.0	78.0	108.0	128.0	108.0	110.0	136.0	120.0	88.0
21.75	115.2	84.0	104.0	118.0	88.0	104.0	110.0	104.0	86.0	138.0	132.0	128.0	100.0	120.0	92.0	164.0	114.0	120.0	112.0	138.0	104.0	140.0	124.0	120.0	114.0	108.0	82.0	130.0	130.0	112.0	152.0	114.0	102.0	102.0	102.0	94.0	96.0	108.0	132.0	136.0	110.0	94.0	134.0	112.0	98.0	114.0	128.0	140.0	104.0	114.0	152.0
21.76	117.4	116.0	90.0	94.0	86.0	140.0	128.0	92.0	132.0	114.0	138.0	134.0	122.0	130.0	164.0	104.0	132.0	146.0	120.0	138.0	116.0	124.0	136.0	116.0	112.0	102.0	98.0	120.0	116.0	106.0	128.0	122.0	122.0	94.0	92.0	108.0	126.0	140.0	134.0	124.0	116.0	132.0	90.0	114.0	152.0	82.0	98.0	96.0	106.0	116.0	112.0
21.77	115.7	98.0	108.0	134.0	102.0	110.0	86.0	156.0	122.0	88.0	102.0	122.0	132.0	120.0	138.0	134.0	150.0	142.0	122.0	124.0	126.0	90.0	72.0	98.0	104.0	112.0	138.0	112.0	130.0	122.0	108.0	88.0	120.0	112.0	124.0	108.0	122.0	118.0	140.0	88.0	110.0	132.0	136.0	98.0	110.0	94.0	118.0	110.0	98.0	142.0	116.0
21.78	122.0	114.0	130.0	138.0	100.0	146.0	134.0	82.0	134.0	148.0	118.0	120.0	90.0	96.0	136.0	102.0	126.0	156.0	88.0	144.0	118.0	80.0	120.0	140.0	132.0	128.0	104.0	142.0	140.0	124.0	126.0	90.0	112.0	130.0	126.0	106.0	128.0	120.0	114.0	144.0	114.0	98.0	164.0	116.0	114.0	130.0	140.0	128.0	138.0	124.0	110.0
21.79	121.8	126.0	126.0	106.0	106.0	130.0	114.0	128.0	138.0	142.0	152.0	140.0	128.0	98.0	122.0	86.0	124.0	106.0	132.0	124.0	140.0	118.0	98.0	110.0	130.0	136.0	110.0	140.0	106.0	130.0	114.0	120.0	114.0	112.0	92.0	136.0	120.0	140.0	136.0	138.0	104.0	112.0	110.0	154.0	122.0	84.0	150.0	148.0	116.0	102.0	118.0
21.8	121.9	150.0	116.0	136.0	82.0	134.0	150.0	136.0	142.0	134.0	130.0	126.0	136.0	124.0	156.0	106.0	104.0	108.0	150.0	104.0	122.0	90.0	116.0	98.0	158.0	104.0	110.0	94.0	156.0	150.0	102.0	98.0	124.0	146.0	90.0	136.0	118.0	100.0	104.0	126.0	132.0	136.0	150.0	128.0	134.0	86.0	110.0	126.0	94.0	94.0	140.0
21.81	125.7	136.0	140.0	138.0	114.0	108.0	128.0	120.0	130.0	150.0	116.0	148.0	100.0	102.0	126.0	140.0	110.0	114.0	152.0	104.0	146.0	158.0	134.0	142.0	154.0	98.0	136.0	112.0	138.0	108.0	116.0	128.0	100.0	110.0	148.0	116.0	132.0	110.0	106.0	144.0	138.0	110.0	124.0	114.0	138.0	120.0	146.0	154.0	92.0	116.0	122.0
21.82	127.6	110.0	130.0	114.0	168.0	132.0	166.0	128.0	116.0	120.0	118.0	114.0	168.0	136.0	150.0	138.0	144.0	118.0	122.0	150.0	124.0	108.0	106.0	118.0	120.0	124.0	114.0	154.0	138.0	126.0	132.0	130.0	140.0	128.0	160.0	146.0	128.0	116.0	136.0	118.0	112.0	150.0	140.0	106.0	108.0	106.0	152.0	80.0	100.0	130.0	88.0
21.83	127.6	114.0	130.0	154.0	98.0	140.0	140.0	136.0	106.0	134.0	124.0	108.0	140.0	78.0	116.0	108.0	132.0	112.0	132.0	128.0	158.0	182.0	118.0	136.0	116.0	120.0	96.0	138.0	126.0	128.0	98.0	156.0	108.0	136.0	116.0	142.0	116.0	126.0	126.0	96.0	138.0	128.0	166.0	116.0	132.0	138.0	146.0	114.0	152.0	146.0	136.0
21.84	129.0	136.0	140.0	114.0	114.0	142.0	142.0	134.0	140.0	124.0	132.0	140.0	120.0	136.0	110.0	142.0	128.0	92.0	140.0	146.0	102.0	98.0	124.0	124.0	122.0	130.0	124.0	102.0	112.0	118.0	156.0	128.0	128.0	144.0	96.0	126.0	116.0	124.0	128.0	124.0	158.0	104.0	106.0	140.0	158.0	138.0	164.0	156.0	152.0	158.0	116.0
21.85	130.0	130.0	134.0	138.0	140.0	100.0	122.0	138.0	126.0	136.0	158.0	140.0	108.0	164.0	134.0	164.0	96.0	124.0	114.0	118.0	120.0	156.0	116.0	152.0	90.0	126.0	112.0	92.0	126.0	114.0	170.0	134.0	136.0	116.0	120.0	146.0	122.0	122.0	176.0	134.0	152.0	126.0	138.0	116.0	120.0	146.0	134.0	114.0	86.0	152.0	154.0
21.86	132.4	128.0	140.0	132.0	142.0	150.0	142.0	134.0	146.0	166.0	116.0	136.0	138.0	114.0	138.0	128.0	142.0	100.0	114.0	144.0	138.0	154.0	120.0	106.0	132.0	128.0	112.0	152.0	130.0	154.0	148.0	160.0	114.0	122.0	116.0	142.0	144.0	96.0	138.0	162.0	132.0	120.0	134.0	128.0	148.0	144.0	124.0	134.0	110.0	118.0	108.0
21.87	130.3	122.0	120.0	138.0	126.0	114.0	108.0	100.0	98.0	134.0	130.0	150.0	124.0	164.0	126.0	116.0	138.0	152.0	130.0	116.0	132.0	122.0	162.0	134.0	136.0	134.0	140.0	112.0	148.0	130.0	120.0	130.0	114.0	114.0	126.0	108.0	116.0	130.0	138.0	162.0	130.0	118.0	134.0	154.0	144.0	158.0	124.0	134.0	146.0	122.0	136.0
21.88	133.4	140.0	132.0	160.0	136.0	126.0	176.0	164.0	132.0	128.0	116.0	104.0	126.0	116.0	106.0	146.0	164.0	142.0	140.0	146.0	118.0	100.0	118.0	146.0	106.0	136.0	150.0	150.0	134.0	132.0	158.0	120.0	124.0	148.0	160.0	132.0	122.0	142.0	138.0	110.0	114.0	122.0	136.0	138.0	160.0	136.0	160.0	94.0	100.0	132.0	132.0
21.89	138.2	164.0	148.0	150.0	142.0	132.0	150.0	124.0	134.0	146.0	126.0	112.0	142.0	186.0	140.0	128.0	138.0	118.0	134.0	146.0	138.0	140.0	128.0	154.0	132.0	150.0	108.0	114.0	150.0	112.0	176.0	122.0	126.0	142.0	144.0	156.0	114.0	148.0	138.0	168.0	132.0	134.0	128.0	130.0	130.0	108.0	162.0	124.0	132.0	176.0	132.0
21.9	141.9	158.0	142.0	164.0	118.0	126.0	170.0	126.0	166.0	138.0	158.0	142.0	134.0	158.0	136.0	156.0	148.0	140.0	170.0	126.0	142.0	156.0	160.0	114.0	136.0	148.0	112.0	136.0	124.0	156.0	130.0	130.0	182.0	122.0	100.0	124.0	158.0	132.0	136.0	150.0	178.0	128.0	158.0	130.0	132.0	116.0	148.0	140.0	148.0	142.0	150.0
21.91	141.9	124.0	170.0	154.0	156.0	138.0	152.0	120.0	136.0	182.0	100.0	132.0	162.0	144.0	152.0	152.0	156.0	140.0	122.0	130.0	148.0	126.0	148.0	172.0	166.0	136.0	150.0	150.0	170.0	140.0	138.0	138.0	122.0	132.0	146.0	128.0	156.0	140.0	122.0	172.0	124.0	132.0	122.0	140.0	118.0	130.0	130.0	148.0	156.0	134.0	138.0
21.92	143.1	152.0	152.0	160.0	98.0	178.0	142.0	150.0	160.0	132.0	116.0	144.0	180.0	168.0	138.0	132.0	118.0	136.0	174.0	196.0	116.0	160.0	150.0	98.0	96.0	158.0	144.0	130.0	134.0	152.0	152.0	158.0	120.0	148.0	154.0	142.0	150.0	144.0	116.0	136.0	146.0	118.0	122.0	162.0	158.0	152.0	124.0	110.0	170.0	128.0	182.0
21.93	145.6	134.0	138.0	148.0	152.0	116.0	166.0	132.0	158.0	154.0	140.0	168.0	156.0	148.0	118.0	142.0	172.0	126.0	162.0	148.0	144.0	140.0	142.0	132.0	148.0	194.0	118.0	146.0	160.0	130.0	126.0	156.0	172.0	158.0	158.0	148.0	132.0	138.0	150.0	130.0	176.0	130.0	130.0	154.0	156.0	150.0	152.0	158.0	148.0	106.0	120.0
21.94	145.8	144.0	150.0	116.0	166.0	158.0	122.0	132.0	146.0	148.0	152.0	182.0	172.0	148.0	158.0	132.0	150.0	136.0	136.0	118.0	114.0	176.0	166.0	140.0	148.0	140.0	138.0	166.0	128.0	158.0	150.0	132.0	116.0	168.0	146.0	168.0	150.0	162.0	144.0	162.0	140.0	154.0	134.0	130.0	124.0	130.0	134.0	150.0	152.0	138.0	164.0
21.95	143.2	154.0	140.0	138.0	192.0	132.0	116.0	122.0	178.0	156.0	176.0	114.0	156.0	146.0	162.0	154.0	112.0	136.0	114.0	138.0	128.0	134.0	164.0	172.0	156.0	166.0	146.0	144.0	152.0	140.0	156.0	160.0	94.0	136.0	166.0	144.0	176.0	126.0	108.0	142.0	124.0	124.0	126.0	140.0	106.0	144.0	138.0	176.0	112.0	182.0	144.0
21.96	151.2	144.0	142.0	168.0	160.0	132.0	116.0	138.0	162.0	156.0	182.0	148.0	132.0	164.0	152.0	162.0	164.0	168.0	148.0	190.0	138.0	150.0	136.0	162.0	142.0	202.0	122.0	142.0	148.0	148.0	154.0	154.0	170.0	146.0	140.0	150.0	146.0	182.0	110.0	170.0	148.0	144.0	132.0	158.0	164.0	148.0	160.0	158.0	114.0	136.0	160.0
21.97	155.9	140.0	158.0	136.0	158.0	136.0	170.0	126.0	158.0	116.0	126.0	124.0	134.0	196.0	168.0	164.0	134.0	144.0	148.0	176.0	174.0	144.0	170.0	174.0	164.0	168.0	138.0	214.0	176.0	154.0	154.0	138.0	188.0	142.0	140.0	156.0	166.0	168.0	162.0	150.0	192.0	146.0	172.0	168.0	132.0	152.0	132.0	152.0	138.0	174.0	184.0
21.98	151.5	172.0	150.0	168.0	174.0	92.0	198.0	132.0	132.0	146.0	172.0	156.0	178.0	182.0	122.0	140.0	170.0	142.0	166.0	148.0	158.0	160.0	128.0	200.0	146.0	142.0	134.0	126.0	148.0	164.0	122.0	140.0	144.0	142.0	178.0	144.0	162.0	156.0	160.0	170.0	138.0	164.0	136.0	156.0	136.0	156.0	180.0	136.0	100.0	146.0	162.0
21.99	154.5	128.0	146.0	178.0	154.0	150.0	116.0	162.0	142.0	158.0	150.0	144.0	176.0	176.0	164.0	166.0	152.0	188.0	130.0	136.0	186.0	152.0	152.0	134.0	136.0	166.0	174.0	178.0	174.0	132.0	176.0	150.0	148.0	154.0	146.0	168.0	158.0	138.0	170.0	128.0	176.0	92.0	138.0	156.0	188.0	174.0	144.0	170.0	136.0	162.0	152.0
22.0	155.4	170.0	160.0	154.0	188.0	156.0	140.0	106.0	192.0	154.0	130.0	176.0	140.0	164.0	164.0	152.0	190.0	164.0	138.0	122.0	142.0	178.0	152.0	166.0	176.0	134.0	168.0	136.0	138.0	176.0	144.0	158.0	156.0	158.0	142.0	134.0	142.0	176.0	178.0	144.0	138.0	170.0	172.0	164.0	170.0	160.0	148.0	164.0	146.0	142.0	140.0
