# Energy shift = 0.66
# Y-offset = 0.0015+-0.0021, AE = 13.2301+-0.0609, Scale Factor = 0.8838+-0.1415, Alpha = 2.2948+-0.1867
# Y-offset = 0.0+-0.0067, AE = 14.3152+-0.2456, Scale Factor = 1.3837+-1.0476, Alpha = 3.0599+-0.603
# -------------------------------------------------------------
Energy	Counts	Errors	Combined Fit	Fit 1	Fit 2(incl. prev.)
8.660000	2.480000	0.496774	0.001465	0.001465	0.001465
8.670000	0.000000	0.000000	0.001465	0.001465	0.001465
8.680000	0.000000	0.000000	0.001465	0.001465	0.001465
8.690000	0.000000	0.000000	0.001465	0.001465	0.001465
8.700000	0.000000	0.000000	0.001465	0.001465	0.001465
8.710000	0.000000	0.000000	0.001465	0.001465	0.001465
8.720000	0.000000	0.000000	0.001465	0.001465	0.001465
8.730000	0.000000	0.000000	0.001465	0.001465	0.001465
8.740000	0.000000	0.000000	0.001465	0.001465	0.001465
8.750000	0.000000	0.000000	0.001465	0.001465	0.001465
8.760000	0.080000	0.078384	0.001465	0.001465	0.001465
8.770000	0.000000	0.000000	0.001465	0.001465	0.001465
8.780000	0.000000	0.000000	0.001465	0.001465	0.001465
8.790000	0.000000	0.000000	0.001465	0.001465	0.001465
8.800000	0.000000	0.000000	0.001465	0.001465	0.001465
8.810000	0.000000	0.000000	0.001465	0.001465	0.001465
8.820000	0.000000	0.000000	0.001465	0.001465	0.001465
8.830000	0.000000	0.000000	0.001465	0.001465	0.001465
8.840000	0.000000	0.000000	0.001465	0.001465	0.001465
8.850000	0.000000	0.000000	0.001465	0.001465	0.001465
8.860000	0.000000	0.000000	0.001465	0.001465	0.001465
8.870000	0.000000	0.000000	0.001465	0.001465	0.001465
8.880000	0.000000	0.000000	0.001465	0.001465	0.001465
8.890000	0.000000	0.000000	0.001465	0.001465	0.001465
8.900000	0.000000	0.000000	0.001465	0.001465	0.001465
8.910000	0.000000	0.000000	0.001465	0.001465	0.001465
8.920000	0.000000	0.000000	0.001465	0.001465	0.001465
8.930000	0.000000	0.000000	0.001465	0.001465	0.001465
8.940000	0.000000	0.000000	0.001465	0.001465	0.001465
8.950000	0.000000	0.000000	0.001465	0.001465	0.001465
8.960000	0.000000	0.000000	0.001465	0.001465	0.001465
8.970000	0.000000	0.000000	0.001465	0.001465	0.001465
8.980000	0.000000	0.000000	0.001465	0.001465	0.001465
8.990000	0.000000	0.000000	0.001465	0.001465	0.001465
9.000000	0.000000	0.000000	0.001465	0.001465	0.001465
9.010000	0.000000	0.000000	0.001465	0.001465	0.001465
9.020000	0.000000	0.000000	0.001465	0.001465	0.001465
9.030000	0.000000	0.000000	0.001465	0.001465	0.001465
9.040000	0.080000	0.078384	0.001465	0.001465	0.001465
9.050000	0.000000	0.000000	0.001465	0.001465	0.001465
9.060000	0.000000	0.000000	0.001465	0.001465	0.001465
9.070000	0.000000	0.000000	0.001465	0.001465	0.001465
9.080000	0.000000	0.000000	0.001465	0.001465	0.001465
9.090000	0.000000	0.000000	0.001465	0.001465	0.001465
9.100000	0.000000	0.000000	0.001465	0.001465	0.001465
9.110000	0.000000	0.000000	0.001465	0.001465	0.001465
9.120000	0.000000	0.000000	0.001465	0.001465	0.001465
9.130000	0.000000	0.000000	0.001465	0.001465	0.001465
9.140000	0.000000	0.000000	0.001465	0.001465	0.001465
9.150000	0.000000	0.000000	0.001465	0.001465	0.001465
9.160000	0.000000	0.000000	0.001465	0.001465	0.001465
9.170000	0.000000	0.000000	0.001465	0.001465	0.001465
9.180000	0.000000	0.000000	0.001465	0.001465	0.001465
9.190000	0.000000	0.000000	0.001465	0.001465	0.001465
9.200000	0.000000	0.000000	0.001465	0.001465	0.001465
9.210000	0.000000	0.000000	0.001465	0.001465	0.001465
9.220000	0.000000	0.000000	0.001465	0.001465	0.001465
9.230000	0.000000	0.000000	0.001465	0.001465	0.001465
9.240000	0.000000	0.000000	0.001465	0.001465	0.001465
9.250000	0.000000	0.000000	0.001465	0.001465	0.001465
9.260000	0.000000	0.000000	0.001465	0.001465	0.001465
9.270000	0.000000	0.000000	0.001465	0.001465	0.001465
9.280000	0.000000	0.000000	0.001465	0.001465	0.001465
9.290000	0.000000	0.000000	0.001465	0.001465	0.001465
9.300000	0.000000	0.000000	0.001465	0.001465	0.001465
9.310000	0.000000	0.000000	0.001465	0.001465	0.001465
9.320000	0.000000	0.000000	0.001465	0.001465	0.001465
9.330000	0.000000	0.000000	0.001465	0.001465	0.001465
9.340000	0.000000	0.000000	0.001465	0.001465	0.001465
9.350000	0.000000	0.000000	0.001465	0.001465	0.001465
9.360000	0.000000	0.000000	0.001465	0.001465	0.001465
9.370000	0.000000	0.000000	0.001465	0.001465	0.001465
9.380000	0.000000	0.000000	0.001465	0.001465	0.001465
9.390000	0.000000	0.000000	0.001465	0.001465	0.001465
9.400000	0.000000	0.000000	0.001465	0.001465	0.001465
9.410000	0.000000	0.000000	0.001465	0.001465	0.001465
9.420000	0.000000	0.000000	0.001465	0.001465	0.001465
9.430000	0.000000	0.000000	0.001465	0.001465	0.001465
9.440000	0.000000	0.000000	0.001465	0.001465	0.001465
9.450000	0.000000	0.000000	0.001465	0.001465	0.001465
9.460000	0.000000	0.000000	0.001465	0.001465	0.001465
9.470000	0.000000	0.000000	0.001465	0.001465	0.001465
9.480000	0.080000	0.078384	0.001465	0.001465	0.001465
9.490000	0.000000	0.000000	0.001465	0.001465	0.001465
9.500000	0.000000	0.000000	0.001465	0.001465	0.001465
9.510000	0.000000	0.000000	0.001465	0.001465	0.001465
9.520000	0.000000	0.000000	0.001465	0.001465	0.001465
9.530000	0.000000	0.000000	0.001465	0.001465	0.001465
9.540000	0.000000	0.000000	0.001465	0.001465	0.001465
9.550000	0.000000	0.000000	0.001465	0.001465	0.001465
9.560000	0.000000	0.000000	0.001465	0.001465	0.001465
9.570000	0.000000	0.000000	0.001465	0.001465	0.001465
9.580000	0.000000	0.000000	0.001465	0.001465	0.001465
9.590000	0.000000	0.000000	0.001465	0.001465	0.001465
9.600000	0.000000	0.000000	0.001465	0.001465	0.001465
9.610000	0.000000	0.000000	0.001465	0.001465	0.001465
9.620000	0.000000	0.000000	0.001465	0.001465	0.001465
9.630000	0.000000	0.000000	0.001465	0.001465	0.001465
9.640000	0.000000	0.000000	0.001465	0.001465	0.001465
9.650000	0.000000	0.000000	0.001465	0.001465	0.001465
9.660000	0.000000	0.000000	0.001465	0.001465	0.001465
9.670000	0.000000	0.000000	0.001465	0.001465	0.001465
9.680000	0.000000	0.000000	0.001465	0.001465	0.001465
9.690000	0.000000	0.000000	0.001465	0.001465	0.001465
9.700000	0.000000	0.000000	0.001465	0.001465	0.001465
9.710000	0.000000	0.000000	0.001465	0.001465	0.001465
9.720000	0.000000	0.000000	0.001465	0.001465	0.001465
9.730000	0.000000	0.000000	0.001465	0.001465	0.001465
9.740000	0.000000	0.000000	0.001465	0.001465	0.001465
9.750000	0.160000	0.156767	0.001465	0.001465	0.001465
9.760000	0.000000	0.000000	0.001465	0.001465	0.001465
9.770000	0.000000	0.000000	0.001465	0.001465	0.001465
9.780000	0.000000	0.000000	0.001465	0.001465	0.001465
9.790000	0.000000	0.000000	0.001465	0.001465	0.001465
9.800000	0.000000	0.000000	0.001465	0.001465	0.001465
9.810000	0.000000	0.000000	0.001465	0.001465	0.001465
9.820000	0.000000	0.000000	0.001465	0.001465	0.001465
9.830000	0.080000	0.078384	0.001465	0.001465	0.001465
9.840000	0.000000	0.000000	0.001465	0.001465	0.001465
9.850000	0.000000	0.000000	0.001465	0.001465	0.001465
9.860000	0.000000	0.000000	0.001465	0.001465	0.001465
9.870000	0.000000	0.000000	0.001465	0.001465	0.001465
9.880000	0.000000	0.000000	0.001465	0.001465	0.001465
9.890000	0.000000	0.000000	0.001465	0.001465	0.001465
9.900000	0.000000	0.000000	0.001465	0.001465	0.001465
9.910000	0.000000	0.000000	0.001465	0.001465	0.001465
9.920000	0.000000	0.000000	0.001465	0.001465	0.001465
9.930000	0.000000	0.000000	0.001465	0.001465	0.001465
9.940000	0.000000	0.000000	0.001465	0.001465	0.001465
9.950000	0.000000	0.000000	0.001465	0.001465	0.001465
9.960000	0.000000	0.000000	0.001465	0.001465	0.001465
9.970000	0.000000	0.000000	0.001465	0.001465	0.001465
9.980000	0.000000	0.000000	0.001465	0.001465	0.001465
9.990000	0.000000	0.000000	0.001465	0.001465	0.001465
10.000000	0.000000	0.000000	0.001465	0.001465	0.001465
10.010000	0.000000	0.000000	0.001465	0.001465	0.001465
10.020000	0.000000	0.000000	0.001465	0.001465	0.001465
10.030000	0.000000	0.000000	0.001465	0.001465	0.001465
10.040000	0.000000	0.000000	0.001465	0.001465	0.001465
10.050000	0.000000	0.000000	0.001465	0.001465	0.001465
10.060000	0.000000	0.000000	0.001465	0.001465	0.001465
10.070000	0.000000	0.000000	0.001465	0.001465	0.001465
10.080000	0.000000	0.000000	0.001465	0.001465	0.001465
10.090000	0.080000	0.078384	0.001465	0.001465	0.001465
10.100000	0.000000	0.000000	0.001465	0.001465	0.001465
10.110000	0.000000	0.000000	0.001465	0.001465	0.001465
10.120000	0.000000	0.000000	0.001465	0.001465	0.001465
10.130000	0.000000	0.000000	0.001465	0.001465	0.001465
10.140000	0.000000	0.000000	0.001465	0.001465	0.001465
10.150000	0.000000	0.000000	0.001465	0.001465	0.001465
10.160000	0.000000	0.000000	0.001465	0.001465	0.001465
10.170000	0.000000	0.000000	0.001465	0.001465	0.001465
10.180000	0.000000	0.000000	0.001465	0.001465	0.001465
10.190000	0.000000	0.000000	0.001465	0.001465	0.001465
10.200000	0.000000	0.000000	0.001465	0.001465	0.001465
10.210000	0.000000	0.000000	0.001465	0.001465	0.001465
10.220000	0.160000	0.108517	0.001465	0.001465	0.001465
10.230000	0.000000	0.000000	0.001465	0.001465	0.001465
10.240000	0.000000	0.000000	0.001465	0.001465	0.001465
10.250000	0.000000	0.000000	0.001465	0.001465	0.001465
10.260000	0.000000	0.000000	0.001465	0.001465	0.001465
10.270000	0.000000	0.000000	0.001465	0.001465	0.001465
10.280000	0.000000	0.000000	0.001465	0.001465	0.001465
10.290000	0.080000	0.078384	0.001465	0.001465	0.001465
10.300000	0.000000	0.000000	0.001465	0.001465	0.001465
10.310000	0.000000	0.000000	0.001465	0.001465	0.001465
10.320000	0.000000	0.000000	0.001465	0.001465	0.001465
10.330000	0.000000	0.000000	0.001465	0.001465	0.001465
10.340000	0.000000	0.000000	0.001465	0.001465	0.001465
10.350000	0.000000	0.000000	0.001465	0.001465	0.001465
10.360000	0.000000	0.000000	0.001465	0.001465	0.001465
10.370000	0.000000	0.000000	0.001465	0.001465	0.001465
10.380000	0.000000	0.000000	0.001465	0.001465	0.001465
10.390000	0.080000	0.078384	0.001465	0.001465	0.001465
10.400000	0.000000	0.000000	0.001465	0.001465	0.001465
10.410000	0.080000	0.078384	0.001465	0.001465	0.001465
10.420000	0.000000	0.000000	0.001465	0.001465	0.001465
10.430000	0.000000	0.000000	0.001465	0.001465	0.001465
10.440000	0.000000	0.000000	0.001465	0.001465	0.001465
10.450000	0.000000	0.000000	0.001465	0.001465	0.001465
10.460000	0.160000	0.156767	0.001465	0.001465	0.001465
10.470000	0.000000	0.000000	0.001465	0.001465	0.001465
10.480000	0.160000	0.156767	0.001465	0.001465	0.001465
10.490000	0.240000	0.235151	0.001465	0.001465	0.001465
10.500000	0.000000	0.000000	0.001465	0.001465	0.001465
10.510000	0.000000	0.000000	0.001465	0.001465	0.001465
10.520000	0.000000	0.000000	0.001465	0.001465	0.001465
10.530000	0.000000	0.000000	0.001465	0.001465	0.001465
10.540000	0.000000	0.000000	0.001465	0.001465	0.001465
10.550000	0.080000	0.078384	0.001465	0.001465	0.001465
10.560000	0.000000	0.000000	0.001465	0.001465	0.001465
10.570000	0.000000	0.000000	0.001465	0.001465	0.001465
10.580000	0.000000	0.000000	0.001465	0.001465	0.001465
10.590000	0.000000	0.000000	0.001465	0.001465	0.001465
10.600000	0.000000	0.000000	0.001465	0.001465	0.001465
10.610000	0.000000	0.000000	0.001465	0.001465	0.001465
10.620000	0.000000	0.000000	0.001465	0.001465	0.001465
10.630000	0.000000	0.000000	0.001465	0.001465	0.001465
10.640000	0.000000	0.000000	0.001465	0.001465	0.001465
10.650000	0.000000	0.000000	0.001465	0.001465	0.001465
10.660000	0.000000	0.000000	0.001465	0.001465	0.001465
10.670000	0.000000	0.000000	0.001465	0.001465	0.001465
10.680000	0.080000	0.078384	0.001465	0.001465	0.001465
10.690000	0.000000	0.000000	0.001465	0.001465	0.001465
10.700000	0.000000	0.000000	0.001465	0.001465	0.001465
10.710000	0.000000	0.000000	0.001465	0.001465	0.001465
10.720000	0.000000	0.000000	0.001465	0.001465	0.001465
10.730000	0.000000	0.000000	0.001465	0.001465	0.001465
10.740000	0.080000	0.078384	0.001465	0.001465	0.001465
10.750000	0.000000	0.000000	0.001465	0.001465	0.001465
10.760000	0.000000	0.000000	0.001465	0.001465	0.001465
10.770000	0.000000	0.000000	0.001465	0.001465	0.001465
10.780000	0.000000	0.000000	0.001465	0.001465	0.001465
10.790000	0.000000	0.000000	0.001465	0.001465	0.001465
10.800000	0.000000	0.000000	0.001465	0.001465	0.001465
10.810000	0.240000	0.172325	0.001465	0.001465	0.001465
10.820000	0.000000	0.000000	0.001465	0.001465	0.001465
10.830000	0.000000	0.000000	0.001465	0.001465	0.001465
10.840000	0.000000	0.000000	0.001465	0.001465	0.001465
10.850000	0.000000	0.000000	0.001465	0.001465	0.001465
10.860000	0.000000	0.000000	0.001465	0.001465	0.001465
10.870000	0.160000	0.156767	0.001465	0.001465	0.001465
10.880000	0.000000	0.000000	0.001465	0.001465	0.001465
10.890000	0.000000	0.000000	0.001465	0.001465	0.001465
10.900000	0.000000	0.000000	0.001465	0.001465	0.001465
10.910000	0.000000	0.000000	0.001465	0.001465	0.001465
10.920000	0.080000	0.078384	0.001465	0.001465	0.001465
10.930000	0.000000	0.000000	0.001465	0.001465	0.001465
10.940000	0.000000	0.000000	0.001465	0.001465	0.001465
10.950000	0.000000	0.000000	0.001465	0.001465	0.001465
10.960000	0.000000	0.000000	0.001465	0.001465	0.001465
10.970000	0.000000	0.000000	0.001465	0.001465	0.001465
10.980000	0.000000	0.000000	0.001465	0.001465	0.001465
10.990000	0.000000	0.000000	0.001465	0.001465	0.001465
11.000000	0.000000	0.000000	0.001465	0.001465	0.001465
11.010000	0.000000	0.000000	0.001465	0.001465	0.001465
11.020000	0.000000	0.000000	0.001465	0.001465	0.001465
11.030000	0.000000	0.000000	0.001465	0.001465	0.001465
11.040000	0.000000	0.000000	0.001465	0.001465	0.001465
11.050000	0.000000	0.000000	0.001465	0.001465	0.001465
11.060000	0.000000	0.000000	0.001465	0.001465	0.001465
11.070000	0.000000	0.000000	0.001465	0.001465	0.001465
11.080000	0.000000	0.000000	0.001465	0.001465	0.001465
11.090000	0.000000	0.000000	0.001465	0.001465	0.001465
11.100000	0.000000	0.000000	0.001465	0.001465	0.001465
11.110000	0.160000	0.156767	0.001465	0.001465	0.001465
11.120000	0.080000	0.078384	0.001465	0.001465	0.001465
11.130000	0.000000	0.000000	0.001465	0.001465	0.001465
11.140000	0.000000	0.000000	0.001465	0.001465	0.001465
11.150000	0.080000	0.078384	0.001465	0.001465	0.001465
11.160000	0.000000	0.000000	0.001465	0.001465	0.001465
11.170000	0.160000	0.156767	0.001465	0.001465	0.001465
11.180000	0.000000	0.000000	0.001465	0.001465	0.001465
11.190000	0.000000	0.000000	0.001465	0.001465	0.001465
11.200000	0.000000	0.000000	0.001465	0.001465	0.001465
11.210000	0.000000	0.000000	0.001465	0.001465	0.001465
11.220000	0.160000	0.108517	0.001465	0.001465	0.001465
11.230000	0.000000	0.000000	0.001465	0.001465	0.001465
11.240000	0.000000	0.000000	0.001465	0.001465	0.001465
11.250000	0.320000	0.313535	0.001465	0.001465	0.001465
11.260000	0.080000	0.078384	0.001465	0.001465	0.001465
11.270000	0.000000	0.000000	0.001465	0.001465	0.001465
11.280000	0.000000	0.000000	0.001465	0.001465	0.001465
11.290000	0.000000	0.000000	0.001465	0.001465	0.001465
11.300000	0.160000	0.108517	0.001465	0.001465	0.001465
11.310000	0.000000	0.000000	0.001465	0.001465	0.001465
11.320000	0.000000	0.000000	0.001465	0.001465	0.001465
11.330000	0.080000	0.078384	0.001465	0.001465	0.001465
11.340000	0.000000	0.000000	0.001465	0.001465	0.001465
11.350000	0.000000	0.000000	0.001465	0.001465	0.001465
11.360000	0.000000	0.000000	0.001465	0.001465	0.001465
11.370000	0.000000	0.000000	0.001465	0.001465	0.001465
11.380000	0.160000	0.156767	0.001465	0.001465	0.001465
11.390000	0.000000	0.000000	0.001465	0.001465	0.001465
11.400000	0.000000	0.000000	0.001465	0.001465	0.001465
11.410000	0.160000	0.156767	0.001465	0.001465	0.001465
11.420000	0.160000	0.156767	0.001465	0.001465	0.001465
11.430000	0.080000	0.078384	0.001465	0.001465	0.001465
11.440000	0.160000	0.156767	0.001465	0.001465	0.001465
11.450000	0.000000	0.000000	0.001465	0.001465	0.001465
11.460000	0.000000	0.000000	0.001465	0.001465	0.001465
11.470000	0.000000	0.000000	0.001465	0.001465	0.001465
11.480000	0.000000	0.000000	0.001465	0.001465	0.001465
11.490000	0.000000	0.000000	0.001465	0.001465	0.001465
11.500000	0.000000	0.000000	0.001465	0.001465	0.001465
11.510000	0.000000	0.000000	0.001465	0.001465	0.001465
11.520000	0.000000	0.000000	0.001465	0.001465	0.001465
11.530000	0.000000	0.000000	0.001465	0.001465	0.001465
11.540000	0.000000	0.000000	0.001465	0.001465	0.001465
11.550000	0.000000	0.000000	0.001465	0.001465	0.001465
11.560000	0.000000	0.000000	0.001465	0.001465	0.001465
11.570000	0.000000	0.000000	0.001465	0.001465	0.001465
11.580000	0.320000	0.244753	0.001465	0.001465	0.001465
11.590000	0.320000	0.185213	0.001465	0.001465	0.001465
11.600000	0.000000	0.000000	0.001465	0.001465	0.001465
11.610000	0.080000	0.078384	0.001465	0.001465	0.001465
11.620000	0.000000	0.000000	0.001465	0.001465	0.001465
11.630000	0.080000	0.078384	0.001465	0.001465	0.001465
11.640000	0.000000	0.000000	0.001465	0.001465	0.001465
11.650000	0.000000	0.000000	0.001465	0.001465	0.001465
11.660000	0.000000	0.000000	0.001465	0.001465	0.001465
11.670000	0.160000	0.156767	0.001465	0.001465	0.001465
11.680000	0.000000	0.000000	0.001465	0.001465	0.001465
11.690000	0.000000	0.000000	0.001465	0.001465	0.001465
11.700000	0.000000	0.000000	0.001465	0.001465	0.001465
11.710000	0.320000	0.185213	0.001465	0.001465	0.001465
11.720000	0.080000	0.078384	0.001465	0.001465	0.001465
11.730000	0.000000	0.000000	0.001465	0.001465	0.001465
11.740000	0.000000	0.000000	0.001465	0.001465	0.001465
11.750000	0.080000	0.078384	0.001465	0.001465	0.001465
11.760000	0.000000	0.000000	0.001465	0.001465	0.001465
11.770000	0.080000	0.078384	0.001465	0.001465	0.001465
11.780000	0.000000	0.000000	0.001465	0.001465	0.001465
11.790000	0.080000	0.078384	0.001465	0.001465	0.001465
11.800000	0.000000	0.000000	0.001465	0.001465	0.001465
11.810000	0.320000	0.217035	0.001465	0.001465	0.001465
11.820000	0.080000	0.078384	0.001465	0.001465	0.001465
11.830000	0.240000	0.172325	0.001465	0.001465	0.001465
11.840000	0.160000	0.156767	0.001465	0.001465	0.001465
11.850000	0.000000	0.000000	0.001465	0.001465	0.001465
11.860000	0.160000	0.156767	0.001465	0.001465	0.001465
11.870000	0.000000	0.000000	0.001465	0.001465	0.001465
11.880000	0.080000	0.078384	0.001465	0.001465	0.001465
11.890000	0.000000	0.000000	0.001465	0.001465	0.001465
11.900000	0.000000	0.000000	0.001465	0.001465	0.001465
11.910000	0.080000	0.078384	0.001465	0.001465	0.001465
11.920000	0.000000	0.000000	0.001465	0.001465	0.001465
11.930000	0.160000	0.156767	0.001465	0.001465	0.001465
11.940000	0.240000	0.172325	0.001465	0.001465	0.001465
11.950000	0.000000	0.000000	0.001465	0.001465	0.001465
11.960000	0.000000	0.000000	0.001465	0.001465	0.001465
11.970000	0.000000	0.000000	0.001465	0.001465	0.001465
11.980000	0.080000	0.078384	0.001465	0.001465	0.001465
11.990000	0.000000	0.000000	0.001465	0.001465	0.001465
12.000000	0.080000	0.078384	0.001465	0.001465	0.001465
12.010000	0.000000	0.000000	0.001465	0.001465	0.001465
12.020000	0.480000	0.234060	0.001465	0.001465	0.001465
12.030000	0.080000	0.078384	0.001465	0.001465	0.001465
12.040000	0.080000	0.078384	0.001465	0.001465	0.001465
12.050000	0.080000	0.078384	0.001465	0.001465	0.001465
12.060000	0.160000	0.156767	0.001465	0.001465	0.001465
12.070000	0.000000	0.000000	0.001465	0.001465	0.001465
12.080000	0.160000	0.108517	0.001465	0.001465	0.001465
12.090000	0.000000	0.000000	0.001465	0.001465	0.001465
12.100000	0.000000	0.000000	0.001465	0.001465	0.001465
12.110000	0.000000	0.000000	0.001465	0.001465	0.001465
12.120000	0.080000	0.078384	0.001465	0.001465	0.001465
12.130000	0.240000	0.172325	0.001465	0.001465	0.001465
12.140000	0.000000	0.000000	0.001465	0.001465	0.001465
12.150000	0.000000	0.000000	0.001465	0.001465	0.001465
12.160000	0.160000	0.108517	0.001465	0.001465	0.001465
12.170000	0.000000	0.000000	0.001465	0.001465	0.001465
12.180000	0.080000	0.078384	0.001465	0.001465	0.001465
12.190000	0.080000	0.078384	0.001465	0.001465	0.001465
12.200000	0.160000	0.108517	0.001465	0.001465	0.001465
12.210000	0.080000	0.078384	0.001465	0.001465	0.001465
12.220000	0.000000	0.000000	0.001465	0.001465	0.001465
12.230000	0.320000	0.185213	0.001465	0.001465	0.001465
12.240000	0.000000	0.000000	0.001465	0.001465	0.001465
12.250000	0.080000	0.078384	0.001465	0.001465	0.001465
12.260000	0.240000	0.172325	0.001465	0.001465	0.001465
12.270000	0.000000	0.000000	0.001465	0.001465	0.001465
12.280000	0.240000	0.172325	0.001465	0.001465	0.001465
12.290000	0.080000	0.078384	0.001465	0.001465	0.001465
12.300000	0.160000	0.108517	0.001465	0.001465	0.001465
12.310000	0.160000	0.156767	0.001465	0.001465	0.001465
12.320000	0.320000	0.217035	0.001465	0.001465	0.001465
12.330000	0.240000	0.172325	0.001465	0.001465	0.001465
12.340000	0.000000	0.000000	0.001465	0.001465	0.001465
12.350000	0.000000	0.000000	0.001465	0.001465	0.001465
12.360000	0.000000	0.000000	0.001465	0.001465	0.001465
12.370000	0.080000	0.078384	0.001465	0.001465	0.001465
12.380000	0.160000	0.108517	0.001465	0.001465	0.001465
12.390000	0.080000	0.078384	0.001465	0.001465	0.001465
12.400000	0.080000	0.078384	0.001465	0.001465	0.001465
12.410000	0.560000	0.310252	0.001465	0.001465	0.001465
12.420000	0.080000	0.078384	0.001465	0.001465	0.001465
12.430000	0.000000	0.000000	0.001465	0.001465	0.001465
12.440000	0.240000	0.129985	0.001465	0.001465	0.001465
12.450000	0.240000	0.172325	0.001465	0.001465	0.001465
12.460000	0.000000	0.000000	0.001465	0.001465	0.001465
12.470000	0.000000	0.000000	0.001465	0.001465	0.001465
12.480000	0.240000	0.129985	0.001465	0.001465	0.001465
12.490000	0.080000	0.078384	0.001465	0.001465	0.001465
12.500000	0.000000	0.000000	0.001465	0.001465	0.001465
12.510000	0.080000	0.078384	0.001465	0.001465	0.001465
12.520000	0.240000	0.172325	0.001465	0.001465	0.001465
12.530000	0.000000	0.000000	0.001465	0.001465	0.001465
12.540000	0.080000	0.078384	0.001465	0.001465	0.001465
12.550000	0.240000	0.235151	0.001465	0.001465	0.001465
12.560000	0.160000	0.108517	0.001465	0.001465	0.001465
12.570000	0.080000	0.078384	0.001465	0.001465	0.001465
12.580000	0.080000	0.078384	0.001465	0.001465	0.001465
12.590000	0.080000	0.078384	0.001465	0.001465	0.001465
12.600000	0.160000	0.108517	0.001465	0.001465	0.001465
12.610000	0.560000	0.265812	0.001465	0.001465	0.001465
12.620000	0.000000	0.000000	0.001465	0.001465	0.001465
12.630000	0.000000	0.000000	0.001465	0.001465	0.001465
12.640000	0.000000	0.000000	0.001465	0.001465	0.001465
12.650000	0.000000	0.000000	0.001465	0.001465	0.001465
12.660000	0.000000	0.000000	0.001465	0.001465	0.001465
12.670000	0.240000	0.129985	0.001465	0.001465	0.001465
12.680000	0.080000	0.078384	0.001465	0.001465	0.001465
12.690000	0.320000	0.244753	0.001465	0.001465	0.001465
12.700000	0.320000	0.185213	0.001466	0.001466	0.001466
12.710000	0.400000	0.252982	0.001466	0.001466	0.001466
12.720000	0.240000	0.172325	0.001466	0.001466	0.001466
12.730000	0.000000	0.000000	0.001466	0.001466	0.001466
12.740000	0.480000	0.234060	0.001466	0.001466	0.001466
12.750000	0.080000	0.078384	0.001466	0.001466	0.001466
12.760000	0.240000	0.129985	0.001466	0.001466	0.001466
12.770000	0.240000	0.235151	0.001466	0.001466	0.001466
12.780000	0.240000	0.172325	0.001466	0.001466	0.001466
12.790000	0.000000	0.000000	0.001466	0.001466	0.001466
12.800000	0.240000	0.172325	0.001466	0.001466	0.001466
12.810000	0.400000	0.195959	0.001467	0.001467	0.001467
12.820000	0.560000	0.240533	0.001467	0.001467	0.001467
12.830000	0.320000	0.185213	0.001468	0.001468	0.001468
12.840000	0.080000	0.078384	0.001468	0.001468	0.001468
12.850000	0.240000	0.172325	0.001469	0.001469	0.001469
12.860000	0.080000	0.078384	0.001471	0.001471	0.001471
12.870000	0.000000	0.000000	0.001472	0.001472	0.001472
12.880000	0.080000	0.078384	0.001475	0.001475	0.001475
12.890000	0.160000	0.156767	0.001478	0.001478	0.001478
12.900000	0.240000	0.172325	0.001481	0.001481	0.001481
12.910000	0.240000	0.172325	0.001486	0.001486	0.001486
12.920000	0.000000	0.000000	0.001493	0.001493	0.001493
12.930000	0.320000	0.185213	0.001501	0.001501	0.001501
12.940000	0.000000	0.000000	0.001511	0.001511	0.001511
12.950000	0.240000	0.172325	0.001524	0.001524	0.001524
12.960000	0.240000	0.172325	0.001540	0.001540	0.001540
12.970000	0.240000	0.172325	0.001561	0.001561	0.001561
12.980000	0.160000	0.108517	0.001586	0.001586	0.001586
12.990000	0.160000	0.156767	0.001618	0.001618	0.001618
13.000000	0.240000	0.172325	0.001657	0.001657	0.001657
13.010000	0.640000	0.314350	0.001704	0.001704	0.001704
13.020000	0.160000	0.156767	0.001763	0.001763	0.001763
13.030000	0.960000	0.359911	0.001834	0.001834	0.001834
13.040000	0.000000	0.000000	0.001919	0.001919	0.001919
13.050000	0.080000	0.078384	0.002022	0.002022	0.002022
13.060000	0.000000	0.000000	0.002146	0.002146	0.002146
13.070000	0.080000	0.078384	0.002293	0.002293	0.002293
13.080000	0.240000	0.129985	0.002468	0.002468	0.002468
13.090000	0.000000	0.000000	0.002674	0.002674	0.002674
13.100000	0.160000	0.156767	0.002917	0.002917	0.002917
13.110000	0.400000	0.226274	0.003202	0.003202	0.003202
13.120000	0.400000	0.195959	0.003534	0.003534	0.003534
13.130000	0.320000	0.185213	0.003920	0.003920	0.003920
13.140000	0.240000	0.172325	0.004365	0.004365	0.004365
13.150000	0.560000	0.212264	0.004879	0.004879	0.004879
13.160000	0.160000	0.108517	0.005468	0.005468	0.005468
13.170000	0.480000	0.234060	0.006141	0.006141	0.006141
13.180000	0.320000	0.185213	0.006906	0.006906	0.006906
13.190000	0.160000	0.108517	0.007773	0.007773	0.007773
13.200000	0.480000	0.259969	0.008753	0.008753	0.008753
13.210000	0.080000	0.078384	0.009855	0.009855	0.009855
13.220000	0.320000	0.146642	0.011090	0.011090	0.011090
13.230000	0.720000	0.389954	0.012469	0.012469	0.012469
13.240000	0.080000	0.078384	0.014003	0.014003	0.014003
13.250000	0.000000	0.000000	0.015705	0.015705	0.015705
13.260000	0.240000	0.172325	0.017587	0.017587	0.017587
13.270000	0.000000	0.000000	0.019660	0.019660	0.019660
13.280000	0.480000	0.204900	0.021937	0.021937	0.021937
13.290000	0.640000	0.293285	0.024430	0.024430	0.024430
13.300000	0.160000	0.108517	0.027151	0.027151	0.027151
13.310000	0.240000	0.129985	0.030113	0.030113	0.030113
13.320000	0.000000	0.000000	0.033329	0.033329	0.033329
13.330000	0.560000	0.265812	0.036809	0.036809	0.036809
13.340000	0.320000	0.146642	0.040566	0.040566	0.040566
13.350000	0.240000	0.172325	0.044612	0.044612	0.044612
13.360000	0.160000	0.156767	0.048958	0.048958	0.048958
13.370000	0.160000	0.108517	0.053616	0.053616	0.053616
13.380000	0.160000	0.108517	0.058595	0.058595	0.058595
13.390000	0.400000	0.252982	0.063907	0.063907	0.063907
13.400000	0.400000	0.226274	0.069562	0.069562	0.069562
13.410000	0.560000	0.265812	0.075569	0.075569	0.075569
13.420000	0.480000	0.204900	0.081937	0.081937	0.081937
13.430000	0.080000	0.078384	0.088677	0.088677	0.088677
13.440000	0.560000	0.288888	0.095797	0.095797	0.095797
13.450000	0.240000	0.172325	0.103304	0.103304	0.103304
13.460000	0.240000	0.129985	0.111207	0.111207	0.111207
13.470000	0.720000	0.249928	0.119514	0.119514	0.119514
13.480000	0.560000	0.212264	0.128232	0.128232	0.128232
13.490000	0.240000	0.129985	0.137367	0.137367	0.137367
13.500000	0.560000	0.265812	0.146927	0.146927	0.146927
13.510000	0.720000	0.249928	0.156919	0.156919	0.156919
13.520000	0.480000	0.234060	0.167347	0.167347	0.167347
13.530000	0.640000	0.218211	0.178218	0.178218	0.178218
13.540000	0.560000	0.265812	0.189538	0.189538	0.189538
13.550000	0.640000	0.245797	0.201313	0.201313	0.201313
13.560000	0.320000	0.146642	0.213547	0.213547	0.213547
13.570000	0.240000	0.129985	0.226245	0.226245	0.226245
13.580000	0.480000	0.204900	0.239413	0.239413	0.239413
13.590000	0.480000	0.170833	0.253056	0.253056	0.253056
13.600000	0.480000	0.283521	0.267177	0.267177	0.267177
13.610000	0.720000	0.317591	0.281782	0.281782	0.281782
13.620000	0.720000	0.274343	0.296874	0.296874	0.296874
13.630000	0.480000	0.204900	0.312458	0.312458	0.312458
13.640000	0.560000	0.240533	0.328538	0.328538	0.328538
13.650000	1.200000	0.576888	0.345119	0.345119	0.345119
13.660000	0.800000	0.252982	0.362203	0.362203	0.362203
13.670000	0.800000	0.252982	0.379795	0.379795	0.379795
13.680000	0.320000	0.185213	0.397899	0.397899	0.397899
13.690000	0.800000	0.339411	0.416518	0.416518	0.416518
13.700000	0.240000	0.172325	0.435655	0.435655	0.435655
13.710000	0.880000	0.359199	0.455315	0.455315	0.455315
13.720000	0.640000	0.245797	0.475502	0.475502	0.475502
13.730000	1.200000	0.339411	0.496217	0.496217	0.496217
13.740000	0.720000	0.249928	0.517465	0.517465	0.517465
13.750000	0.880000	0.254998	0.539249	0.539249	0.539249
13.760000	0.480000	0.204900	0.561571	0.561571	0.561571
13.770000	0.800000	0.375233	0.584437	0.584437	0.584437
13.780000	1.200000	0.423320	0.607848	0.607848	0.607848
13.790000	1.360000	0.387319	0.631807	0.631807	0.631807
13.800000	1.120000	0.393223	0.656318	0.656318	0.656318
13.810000	0.480000	0.234060	0.681384	0.681384	0.681384
13.820000	0.800000	0.277128	0.707007	0.707007	0.707007
13.830000	1.200000	0.375233	0.733191	0.733191	0.733191
13.840000	0.880000	0.321596	0.759938	0.759938	0.759938
13.850000	1.280000	0.450848	0.787251	0.787251	0.787251
13.860000	0.960000	0.409800	0.815134	0.815134	0.815134
13.870000	1.040000	0.359911	0.843588	0.843588	0.843588
13.880000	1.200000	0.357771	0.872617	0.872617	0.872617
13.890000	0.640000	0.245797	0.902224	0.902223	0.902224
13.900000	1.360000	0.387319	0.932410	0.932410	0.932410
13.910000	1.600000	0.423320	0.963179	0.963179	0.963179
13.920000	1.040000	0.322391	0.994534	0.994533	0.994534
13.930000	1.040000	0.256000	1.026476	1.026475	1.026476
13.940000	0.720000	0.274343	1.059009	1.059008	1.059009
13.950000	0.880000	0.301038	1.092135	1.092133	1.092135
13.960000	0.800000	0.277128	1.125856	1.125854	1.125856
13.970000	1.840000	0.587006	1.160176	1.160173	1.160176
13.980000	1.200000	0.423320	1.195097	1.195093	1.195097
13.990000	1.200000	0.299333	1.230620	1.230615	1.230620
14.000000	1.040000	0.377274	1.266750	1.266743	1.266750
14.010000	1.280000	0.406034	1.303487	1.303478	1.303487
14.020000	1.280000	0.373181	1.340835	1.340823	1.340835
14.030000	1.200000	0.320000	1.378796	1.378781	1.378796
14.040000	1.440000	0.431110	1.417374	1.417353	1.417374
14.050000	2.000000	0.452548	1.456569	1.456542	1.456569
14.060000	1.280000	0.504444	1.496385	1.496351	1.496385
14.070000	0.800000	0.299333	1.536825	1.536781	1.536825
14.080000	1.520000	0.442249	1.577891	1.577835	1.577891
14.090000	1.040000	0.359911	1.619586	1.619514	1.619586
14.100000	1.600000	0.480000	1.661913	1.661822	1.661913
14.110000	1.360000	0.370427	1.704874	1.704761	1.704874
14.120000	2.080000	0.445134	1.748474	1.748331	1.748474
14.130000	1.600000	0.375233	1.792715	1.792537	1.792715
14.140000	2.000000	0.505964	1.837600	1.837379	1.837600
14.150000	2.000000	0.466476	1.883134	1.882860	1.883134
14.160000	1.840000	0.390610	1.929319	1.928982	1.929319
14.170000	1.360000	0.352727	1.976161	1.975747	1.976161
14.180000	2.320000	0.538799	2.023663	2.023158	2.023663
14.190000	2.160000	0.529694	2.071830	2.071215	2.071830
14.200000	1.440000	0.366955	2.120668	2.119922	2.120668
14.210000	1.520000	0.396464	2.170180	2.169279	2.170180
14.220000	3.600000	0.649923	2.220374	2.219290	2.220374
14.230000	2.240000	0.470846	2.271255	2.269957	2.271255
14.240000	2.560000	0.582629	2.322830	2.321280	2.322830
14.250000	2.880000	0.555179	2.375106	2.373262	2.375106
14.260000	2.080000	0.383333	2.428091	2.425906	2.428091
14.270000	2.720000	0.529211	2.481792	2.479212	2.481792
14.280000	1.520000	0.442249	2.536218	2.533183	2.536218
14.290000	3.200000	0.565685	2.591379	2.587822	2.591379
14.300000	2.560000	0.473557	2.647285	2.643128	2.647285
14.310000	3.440000	0.593512	2.703946	2.699105	2.703946
14.320000	2.800000	0.619677	2.761372	2.755755	2.761372
14.330000	3.280000	0.491593	2.819576	2.813079	2.819576
14.340000	2.880000	0.506975	2.878571	2.871079	2.878571
14.350000	4.080000	0.664337	2.938368	2.929757	2.938368
14.360000	4.720000	0.911298	2.998982	2.989114	2.998982
14.370000	3.600000	0.649923	3.060428	3.049153	3.060428
14.380000	2.480000	0.483719	3.122718	3.109876	3.122718
14.390000	2.960000	0.567041	3.185870	3.171283	3.185870
14.400000	3.360000	0.694850	3.249900	3.233378	3.249900
14.410000	3.040000	0.670474	3.314823	3.296160	3.314823
14.420000	3.680000	0.712674	3.380657	3.359634	3.380657
14.430000	3.440000	0.645179	3.447419	3.423799	3.447419
14.440000	3.680000	0.584383	3.515128	3.488658	3.515128
14.450000	2.960000	0.532105	3.583803	3.554213	3.583803
14.460000	3.040000	0.784816	3.653462	3.620465	3.653462
14.470000	3.040000	0.679953	3.724124	3.687415	3.724124
14.480000	2.960000	0.589182	3.795810	3.755067	3.795810
14.490000	3.040000	0.519938	3.868540	3.823421	3.868540
14.500000	4.480000	0.726900	3.942334	3.892478	3.942334
14.510000	4.400000	0.659697	4.017213	3.962241	4.017213
14.520000	4.080000	0.536418	4.093199	4.032712	4.093199
14.530000	2.960000	0.555640	4.170311	4.103891	4.170311
14.540000	4.000000	0.839047	4.248573	4.175781	4.248573
14.550000	5.280000	0.723370	4.328005	4.248383	4.328005
14.560000	4.960000	0.759958	4.408629	4.321698	4.408629
14.570000	4.400000	0.741889	4.490469	4.395729	4.490469
14.580000	4.960000	0.967438	4.573545	4.470477	4.573545
14.590000	4.880000	0.960533	4.657880	4.545944	4.657880
14.600000	4.400000	0.724431	4.743498	4.622130	4.743498
14.610000	3.600000	0.688186	4.830419	4.699038	4.830419
14.620000	5.840000	0.639199	4.918668	4.776669	4.918668
14.630000	4.640000	0.797757	5.008267	4.855026	5.008267
14.640000	6.320000	0.772984	5.099238	4.934108	5.099238
14.650000	4.240000	0.546348	5.191605	5.013918	5.191605
14.660000	5.040000	0.884498	5.285391	5.094458	5.285391
14.670000	5.680000	0.930755	5.380618	5.175728	5.380618
14.680000	6.000000	0.750467	5.477311	5.257731	5.477311
14.690000	4.080000	0.593080	5.575491	5.340468	5.575491
14.700000	5.600000	0.839047	5.675182	5.423940	5.675182
14.710000	4.240000	0.653067	5.776408	5.508149	5.776408
14.720000	5.600000	0.883629	5.879191	5.593096	5.879191
14.730000	6.240000	0.786445	5.983556	5.678783	5.983556
14.740000	4.000000	0.598665	6.089525	5.765212	6.089525
14.750000	5.200000	0.640000	6.197122	5.852383	6.197122
14.760000	4.560000	0.582629	6.306369	5.940298	6.306369
14.770000	6.000000	0.926067	6.417292	6.028959	6.417292
14.780000	6.160000	0.758272	6.529912	6.118368	6.529912
14.790000	6.720000	0.853267	6.644254	6.208524	6.644254
14.800000	6.400000	0.823650	6.760341	6.299431	6.760341
14.810000	8.400000	0.953310	6.878197	6.391089	6.878197
14.820000	8.560000	1.184000	6.997845	6.483500	6.997845
14.830000	7.280000	0.790989	7.119309	6.576665	7.119309
14.840000	6.720000	1.023750	7.242612	6.670586	7.242612
14.850000	8.560000	1.247179	7.367778	6.765264	7.367778
14.860000	8.960000	1.208609	7.494831	6.860700	7.494831
14.870000	8.640000	0.813644	7.623794	6.956896	7.623794
14.880000	9.280000	0.998431	7.754691	7.053853	7.754691
14.890000	7.440000	1.099935	7.887546	7.151573	7.887546
14.900000	9.840000	1.078785	8.022383	7.250056	8.022383
14.910000	6.880000	0.776289	8.159225	7.349305	8.159225
14.920000	8.320000	0.923853	8.298096	7.449321	8.298096
14.930000	9.200000	0.992774	8.439019	7.550104	8.439019
14.940000	9.680000	1.317841	8.582019	7.651657	8.582019
14.950000	10.320000	1.216842	8.727120	7.753980	8.727120
14.960000	9.920000	1.099702	8.874345	7.857075	8.874345
14.970000	8.720000	0.757934	9.023718	7.960944	9.023718
14.980000	10.000000	0.966644	9.175264	8.065587	9.175264
14.990000	10.960000	1.315118	9.329005	8.171006	9.329005
15.000000	12.640000	1.243067	9.484966	8.277203	9.484966
15.010000	11.600000	1.085173	9.643171	8.384178	9.643171
15.020000	10.400000	1.309656	9.803643	8.491932	9.803643
15.030000	11.440000	1.151111	9.966407	8.600468	9.966407
15.040000	11.200000	1.338656	10.131487	8.709787	10.131487
15.050000	11.600000	1.314534	10.298906	8.819889	10.298906
15.060000	9.680000	1.041107	10.468689	8.930776	10.468689
15.070000	11.200000	1.259841	10.640859	9.042449	10.640859
15.080000	10.080000	1.039877	10.815442	9.154910	10.815442
15.090000	11.840000	1.834496	10.992459	9.268159	10.992459
15.100000	11.840000	1.186160	11.171937	9.382199	11.171937
15.110000	12.320000	1.065413	11.353898	9.497030	11.353898
15.120000	10.240000	0.988380	11.538367	9.612653	11.538367
15.130000	13.120000	1.208397	11.725368	9.729071	11.725368
15.140000	12.400000	1.362351	11.914926	9.846283	11.914926
15.150000	14.880000	1.250050	12.107063	9.964292	12.107063
15.160000	10.720000	1.004820	12.301805	10.083098	12.301805
15.170000	14.560000	1.428935	12.499175	10.202703	12.499175
15.180000	12.000000	1.244508	12.699197	10.323107	12.699197
15.190000	11.520000	1.127291	12.901897	10.444313	12.901897
15.200000	14.160000	1.466075	13.107297	10.566322	13.107297
15.210000	12.320000	1.077360	13.315423	10.689134	13.315423
15.220000	13.280000	1.066613	13.526298	10.812751	13.526298
15.230000	15.440000	1.360094	13.739946	10.937173	13.739946
15.240000	12.720000	1.048458	13.956392	11.062403	13.956392
15.250000	18.080000	1.345713	14.175660	11.188442	14.175660
15.260000	14.080000	1.215789	14.397775	11.315290	14.397775
15.270000	15.760000	1.480843	14.622760	11.442948	14.622760
15.280000	17.680000	1.222090	14.850639	11.571419	14.850639
15.290000	15.840000	1.412719	15.081438	11.700702	15.081438
15.300000	15.840000	1.314145	15.315180	11.830800	15.315180
15.310000	17.680000	1.456264	15.551890	11.961714	15.551890
15.320000	15.520000	1.527476	15.791592	12.093444	15.791592
15.330000	16.320000	1.146431	16.034309	12.225992	16.034309
15.340000	14.320000	1.163058	16.280068	12.359358	16.280068
15.350000	15.040000	1.181836	16.528891	12.493545	16.528891
15.360000	14.880000	1.126155	16.780804	12.628553	16.780804
15.370000	20.240000	1.286583	17.035830	12.764384	17.035830
15.380000	15.680000	1.379530	17.293995	12.901037	17.293995
15.390000	17.200000	1.500933	17.555322	13.038516	17.555322
15.400000	18.400000	1.643411	17.819835	13.176820	17.819835
15.410000	19.280000	1.478940	18.087560	13.315951	18.087560
15.420000	17.360000	1.570610	18.358520	13.455910	18.358520
15.430000	19.360000	1.508249	18.632740	13.596699	18.632740
15.440000	20.320000	1.714615	18.910245	13.738317	18.910245
15.450000	19.840000	1.212838	19.191058	13.880767	19.191058
15.460000	19.280000	1.284392	19.475205	14.024050	19.475205
15.470000	20.400000	1.440000	19.762710	14.168166	19.762710
15.480000	22.160000	1.466075	20.053597	14.313116	20.053597
15.490000	19.280000	1.403447	20.347890	14.458903	20.347890
15.500000	22.240000	1.568979	20.645615	14.605526	20.645615
15.510000	19.840000	1.816969	20.946795	14.752988	20.946795
15.520000	19.200000	1.096905	21.251455	14.901288	21.251455
15.530000	21.520000	1.354247	21.559620	15.050429	21.559620
15.540000	19.280000	1.558995	21.871314	15.200410	21.871314
15.550000	17.520000	1.636699	22.186562	15.351234	22.186562
15.560000	19.760000	1.601279	22.505388	15.502902	22.505388
15.570000	22.640000	1.680838	22.827817	15.655414	22.827817
15.580000	22.640000	1.562439	23.153873	15.808771	23.153873
15.590000	25.600000	1.700823	23.483581	15.962976	23.483581
15.600000	23.520000	2.114423	23.816965	16.118027	23.816965
15.610000	22.960000	1.628231	24.154051	16.273928	24.154051
15.620000	24.480000	1.656135	24.494862	16.430678	24.494862
15.630000	23.200000	1.390252	24.839422	16.588279	24.839422
15.640000	28.560000	2.218526	25.187758	16.746732	25.187758
15.650000	23.680000	1.948719	25.539893	16.906038	25.539893
15.660000	24.080000	2.227048	25.895852	17.066198	25.895852
15.670000	25.600000	1.785273	26.255660	17.227213	26.255660
15.680000	28.560000	2.352925	26.619340	17.389083	26.619340
15.690000	24.400000	1.734359	26.986919	17.551811	26.986919
15.700000	27.040000	1.927054	27.358420	17.715398	27.358420
15.710000	29.600000	1.697056	27.733868	17.879843	27.733868
15.720000	28.640000	1.729629	28.113288	18.045148	28.113288
15.730000	28.160000	2.116359	28.496704	18.211315	28.496704
15.740000	26.560000	2.247188	28.884141	18.378344	28.884141
15.750000	30.080000	1.725034	29.275624	18.546236	29.275624
15.760000	29.440000	2.081599	29.671177	18.714992	29.671177
15.770000	30.720000	1.802682	30.070826	18.884614	30.070826
15.780000	32.880000	2.167631	30.474594	19.055101	30.474594
15.790000	30.240000	1.617188	30.882507	19.226457	30.882507
15.800000	32.480000	2.031055	31.294589	19.398680	31.294589
15.810000	31.440000	1.877939	31.710865	19.571773	31.710865
15.820000	33.440000	1.891522	32.131360	19.745736	32.131360
15.830000	32.480000	2.024743	32.556098	19.920570	32.556098
15.840000	33.040000	1.859445	32.985104	20.096276	32.985104
15.850000	32.960000	1.488602	33.418403	20.272856	33.418403
15.860000	33.120000	1.568000	33.856020	20.450310	33.856020
15.870000	32.240000	2.102402	34.297979	20.628639	34.297979
15.880000	36.400000	2.301999	34.744306	20.807844	34.744306
15.890000	38.480000	2.083935	35.195024	20.987927	35.195024
15.900000	33.600000	2.004794	35.650159	21.168887	35.650159
15.910000	36.000000	2.415947	36.109735	21.350727	36.109735
15.920000	40.880000	2.279874	36.573778	21.533447	36.573778
15.930000	36.640000	1.909035	37.042312	21.717048	37.042312
15.940000	36.880000	2.502044	37.515361	21.901531	37.515361
15.950000	39.600000	2.073837	37.992952	22.086897	37.992952
15.960000	37.040000	1.845626	38.475108	22.273147	38.475108
15.970000	39.040000	2.305111	38.961854	22.460282	38.961854
15.980000	39.120000	2.785287	39.453215	22.648303	39.453215
15.990000	38.080000	2.551185	39.949217	22.837210	39.949217
16.000000	40.480000	2.220717	40.449883	23.027006	40.449883
16.010000	44.880000	2.452962	40.955239	23.217690	40.955239
16.020000	43.040000	1.998784	41.465309	23.409264	41.465309
16.030000	38.560000	2.456717	41.980119	23.601728	41.980119
16.040000	39.760000	1.690709	42.499693	23.795084	42.499693
16.050000	46.240000	2.847191	43.024056	23.989332	43.024056
16.060000	42.240000	1.832402	43.553233	24.184474	43.553233
16.070000	41.040000	2.113939	44.087249	24.380511	44.087249
16.080000	42.880000	2.542641	44.626129	24.577442	44.626129
16.090000	46.640000	2.290069	45.169898	24.775270	45.169898
16.100000	48.480000	2.510216	45.718580	24.973995	45.718580
16.110000	45.760000	1.963898	46.272200	25.173618	46.272200
16.120000	48.800000	2.268392	46.830785	25.374140	46.830785
16.130000	49.840000	1.991727	47.394357	25.575562	47.394357
16.140000	48.320000	2.041740	47.962942	25.777885	47.962942
16.150000	49.600000	2.185040	48.536566	25.981109	48.536566
16.160000	49.520000	2.708871	49.115253	26.185236	49.115253
16.170000	45.600000	2.539921	49.699028	26.390267	49.699028
16.180000	44.640000	1.751689	50.287916	26.596202	50.287916
16.190000	44.640000	2.814181	50.881942	26.803043	50.881942
16.200000	52.480000	2.387380	51.481131	27.010790	51.481131
16.210000	50.240000	2.595553	52.085507	27.219444	52.085507
16.220000	51.600000	2.646054	52.695097	27.429007	52.695097
16.230000	50.000000	2.214136	53.309924	27.639478	53.309924
16.240000	54.560000	2.016000	53.930014	27.850859	53.930014
16.250000	51.120000	2.913318	54.555392	28.063151	54.555392
16.260000	51.760000	2.605397	55.186083	28.276355	55.186083
16.270000	56.160000	2.549780	55.822111	28.490471	55.822111
16.280000	57.360000	1.812737	56.463502	28.705501	56.463502
16.290000	56.720000	2.693708	57.110281	28.921445	57.110281
16.300000	58.160000	2.092027	57.762473	29.138304	57.762473
16.310000	55.520000	2.856078	58.420103	29.356080	58.420103
16.320000	62.800000	3.145537	59.083195	29.574772	59.083195
16.330000	60.400000	3.395998	59.751776	29.794383	59.751776
16.340000	59.600000	2.965400	60.425869	30.014912	60.425869
16.350000	63.280000	2.356621	61.105500	30.236360	61.105500
16.360000	62.480000	2.764993	61.790694	30.458730	61.790694
16.370000	61.440000	3.718959	62.481476	30.682020	62.481476
16.380000	59.600000	1.770875	63.177871	30.906233	63.177871
16.390000	66.880000	2.787584	63.879905	31.131369	63.879905
16.400000	65.120000	3.204157	64.587601	31.357429	64.587601
16.410000	60.800000	2.727050	65.300986	31.584414	65.300986
16.420000	70.240000	2.867350	66.020085	31.812324	66.020085
16.430000	63.280000	2.032945	66.744921	32.041161	66.744921
16.440000	67.360000	2.934419	67.475522	32.270925	67.475522
16.450000	65.680000	2.688476	68.211910	32.501618	68.211910
16.460000	69.840000	2.873147	68.954113	32.733240	68.954113
16.470000	69.440000	2.983732	69.702154	32.965791	69.702154
16.480000	79.280000	2.857423	70.456059	33.199274	70.456059
16.490000	70.080000	2.876620	71.215854	33.433688	71.215854
16.500000	79.600000	3.532704	71.981562	33.669035	71.981562
16.510000	76.080000	3.519054	72.753210	33.905315	72.753210
16.520000	77.600000	3.529079	73.530822	34.142529	73.530822
16.530000	77.360000	3.243149	74.314423	34.380678	74.314423
16.540000	79.360000	3.227323	75.104040	34.619763	75.104040
16.550000	78.000000	3.133305	75.899696	34.859785	75.899696
16.560000	78.240000	3.406009	76.701416	35.100744	76.701416
16.570000	72.320000	2.118656	77.509227	35.342642	77.509227
16.580000	74.080000	3.234771	78.323154	35.585479	78.323154
16.590000	79.440000	3.268311	79.143220	35.829256	79.143220
16.600000	84.240000	2.937907	79.969452	36.073974	79.969452
16.610000	78.480000	3.042694	80.801875	36.319633	80.801875
16.620000	76.240000	2.795013	81.640514	36.566235	81.640514
16.630000	81.520000	3.188539	82.485394	36.813780	82.485394
16.640000	82.000000	3.245674	83.336540	37.062270	83.336540
16.650000	80.160000	2.681898	84.193977	37.311704	84.193977
16.660000	82.880000	2.265794	85.057731	37.562084	85.057731
16.670000	89.280000	3.472184	85.927827	37.813411	85.927827
16.680000	94.400000	3.836665	86.804290	38.065685	86.804290
16.690000	90.960000	3.611750	87.687146	38.318908	87.687146
16.700000	88.480000	1.859996	88.576418	38.573079	88.576418
16.710000	80.720000	2.952163	89.472133	38.828200	89.472133
16.720000	92.480000	3.565667	90.374316	39.084272	90.374316
16.730000	91.520000	3.080322	91.282993	39.341296	91.282993
16.740000	90.080000	4.075260	92.198187	39.599271	92.198187
16.750000	93.920000	3.576778	93.119925	39.858200	93.119925
16.760000	95.280000	4.145945	94.048232	40.118083	94.048232
16.770000	98.240000	3.265960	94.983133	40.378920	94.983133
16.780000	91.600000	3.317831	95.924653	40.640712	95.924653
16.790000	96.960000	3.012762	96.872818	40.903461	96.872818
16.800000	102.500000	2.767309	97.827652	41.167167	97.827652
16.810000	97.920000	3.827446	98.789181	41.431831	98.789181
16.820000	99.520000	4.062362	99.757431	41.697454	99.757431
16.830000	101.700000	3.056128	100.732426	41.964036	100.732426
16.840000	100.300000	2.953899	101.714192	42.231578	101.714192
16.850000	100.200000	3.533293	102.702754	42.500081	102.702754
16.860000	101.000000	3.251830	103.698138	42.769545	103.698138
16.870000	102.500000	2.944351	104.700368	43.039973	104.700368
16.880000	103.300000	4.284120	105.709470	43.311364	105.709470
16.890000	112.600000	3.857834	106.725470	43.583718	106.725470
16.900000	110.900000	4.573428	107.748391	43.857038	107.748391
16.910000	109.800000	2.705668	108.778261	44.131324	108.778261
16.920000	104.900000	2.875733	109.815104	44.406576	109.815104
16.930000	106.800000	2.873326	110.858945	44.682795	110.858945
16.940000	114.500000	3.337604	111.909810	44.959982	111.909810
16.950000	114.000000	4.384701	112.967725	45.238138	112.967725
16.960000	116.900000	4.060473	114.032713	45.517263	114.032713
16.970000	111.700000	2.932153	115.104801	45.797359	115.104801
16.980000	109.000000	3.178176	116.184015	46.078426	116.184015
16.990000	111.200000	3.183960	117.270378	46.360464	117.270378
17.000000	116.500000	3.328002	118.363918	46.643476	118.363918
17.010000	123.700000	2.784371	119.464658	46.927460	119.464658
17.020000	117.900000	3.379905	120.572625	47.212419	120.572625
17.030000	113.700000	3.344117	121.687844	47.498353	121.687844
17.040000	120.900000	3.534663	122.810340	47.785262	122.810340
17.050000	120.200000	5.167189	123.940138	48.073148	123.940138
17.060000	127.800000	3.572920	125.077264	48.362011	125.077264
17.070000	127.400000	3.323083	126.221743	48.651852	126.221743
17.080000	121.100000	2.911123	127.373601	48.942671	127.373601
17.090000	125.800000	3.636834	128.532863	49.234470	128.532863
17.100000	129.400000	3.839542	129.699554	49.527249	129.699554
17.110000	139.100000	3.563515	130.873700	49.821009	130.873700
17.120000	126.600000	3.742983	132.055326	50.115751	132.055326
17.130000	124.000000	3.380887	133.244457	50.411475	133.244457
17.140000	138.000000	3.798105	134.441119	50.708182	134.441119
17.150000	130.800000	4.616492	135.645338	51.005873	135.645338
17.160000	139.700000	4.690322	136.857138	51.304549	136.857138
17.170000	133.700000	4.385695	138.076545	51.604210	138.076545
17.180000	138.600000	3.773635	139.303585	51.904857	139.303585
17.190000	143.400000	4.729516	140.538283	52.206491	140.538283
17.200000	157.900000	3.805648	141.780664	52.509113	141.780664
17.210000	142.200000	3.915794	143.030754	52.812723	143.030754
17.220000	142.400000	4.578908	144.288577	53.117322	144.288577
17.230000	143.600000	4.482856	145.554161	53.422911	145.554161
17.240000	147.000000	3.963231	146.827529	53.729490	146.827529
17.250000	150.300000	4.822190	148.108708	54.037061	148.108708
17.260000	149.200000	2.468360	149.397723	54.345623	149.397723
17.270000	145.300000	3.731606	150.694599	54.655179	150.694599
17.280000	148.800000	5.083621	151.999362	54.965727	151.999362
17.290000	148.000000	4.101122	153.312038	55.277270	153.312038
17.300000	159.000000	4.098195	154.632651	55.589808	154.632651
17.310000	157.800000	4.561158	155.961227	55.903342	155.961227
17.320000	153.800000	5.131643	157.297791	56.217871	157.297791
17.330000	146.700000	3.877948	158.642370	56.533398	158.642370
17.340000	158.600000	4.225220	159.994988	56.849923	159.994988
17.350000	153.600000	4.663389	161.355672	57.167446	161.355672
17.360000	167.500000	4.460359	162.724446	57.485968	162.724446
17.370000	156.900000	4.246909	164.101336	57.805490	164.101336
17.380000	158.900000	4.664873	165.486367	58.126013	165.486367
17.390000	160.200000	5.139121	166.879565	58.447537	166.879565
17.400000	171.400000	4.381379	168.280956	58.770064	168.280956
17.410000	166.400000	4.698936	169.690564	59.093593	169.690564
17.420000	157.500000	4.414204	171.108417	59.418125	171.108417
17.430000	167.000000	4.043167	172.534538	59.743662	172.534538
17.440000	180.300000	4.895949	173.968953	60.070203	173.968953
17.450000	180.900000	4.867632	175.411689	60.397750	175.411689
17.460000	177.100000	4.101249	176.862769	60.726304	176.862769
17.470000	174.200000	3.697913	178.322221	61.055864	178.322221
17.480000	177.400000	3.686473	179.790070	61.386432	179.790070
17.490000	179.400000	4.959645	181.266340	61.718009	181.266340
17.500000	173.800000	4.554980	182.751058	62.050594	182.751058
17.510000	184.000000	5.434114	184.244249	62.384190	184.244249
17.520000	180.600000	4.390134	185.745939	62.718796	185.745939
17.530000	178.300000	4.325450	187.256153	63.054413	187.256153
17.540000	191.800000	3.825514	188.774917	63.391042	188.774917
17.550000	183.600000	5.753329	190.302255	63.728683	190.302255
17.560000	200.400000	7.677500	191.838195	64.067338	191.838195
17.570000	184.100000	4.713190	193.382761	64.407007	193.382761
17.580000	190.800000	5.762222	194.935979	64.747690	194.935979
17.590000	188.200000	4.359706	196.497874	65.089389	196.497874
17.600000	194.800000	5.306600	198.068473	65.432104	198.068473
17.610000	198.900000	4.918642	199.647800	65.775836	199.647800
17.620000	199.200000	5.445879	201.235881	66.120585	201.235881
17.630000	193.800000	4.091630	202.832742	66.466352	202.832742
17.640000	209.000000	5.411839	204.438408	66.813137	204.438408
17.650000	203.600000	4.135311	206.052905	67.160943	206.052905
17.660000	206.200000	4.716507	207.676259	67.509768	207.676259
17.670000	212.100000	5.422892	209.308495	67.859614	209.308495
17.680000	200.100000	5.629046	210.949638	68.210482	210.949638
17.690000	203.800000	3.644920	212.599714	68.562372	212.599714
17.700000	201.900000	4.295458	214.258750	68.915285	214.258750
17.710000	208.400000	4.849082	215.926770	69.269221	215.926770
17.720000	211.000000	4.948535	217.603800	69.624181	217.603800
17.730000	214.600000	5.399289	219.289865	69.980167	219.289865
17.740000	217.300000	4.528143	220.984992	70.337178	220.984992
17.750000	208.200000	6.171237	222.689206	70.695215	222.689206
17.760000	214.500000	5.554422	224.402532	71.054279	224.402532
17.770000	223.600000	4.495687	226.124996	71.414370	226.124996
17.780000	223.500000	5.627682	227.856624	71.775490	227.856624
17.790000	234.800000	3.227879	229.597441	72.137639	229.597441
17.800000	232.300000	5.320669	231.347474	72.500817	231.347474
17.810000	229.000000	5.560000	233.106747	72.865026	233.106747
17.820000	228.400000	4.471420	234.875286	73.230265	234.875286
17.830000	213.400000	3.880660	236.653117	73.596536	236.653117
17.840000	225.800000	5.201754	238.440266	73.963839	238.440266
17.850000	236.800000	5.922162	240.236758	74.332175	240.236758
17.860000	231.900000	4.807303	242.042618	74.701545	242.042618
17.870000	231.400000	4.683554	243.857873	75.071948	243.857873
17.880000	240.900000	5.966393	245.682549	75.443387	245.682549
17.890000	236.100000	5.873854	247.516670	75.815861	247.516670
17.900000	241.200000	6.026077	249.360262	76.189372	249.360262
17.910000	241.100000	6.593166	251.213352	76.563919	251.213352
17.920000	239.800000	4.315442	253.075965	76.939503	253.075965
17.930000	246.200000	5.240977	254.948126	77.316126	254.948126
17.940000	251.500000	6.244389	256.829861	77.693788	256.829861
17.950000	241.900000	5.846551	258.721196	78.072489	258.721196
17.960000	242.400000	5.558705	260.622156	78.452230	260.622156
17.970000	258.200000	4.803898	262.532768	78.833012	262.532768
17.980000	262.100000	4.109667	264.453056	79.214835	264.453056
17.990000	245.900000	5.560410	266.383047	79.597700	266.383047
18.000000	261.700000	6.001260	268.322767	79.981608	268.322767
18.010000	261.400000	5.444381	270.272240	80.366559	270.272240
18.020000	265.700000	5.752975	272.231493	80.752555	272.231493
18.030000	263.900000	6.333132	274.200551	81.139594	274.200551
18.040000	265.400000	5.480701	276.179441	81.527679	276.179441
18.050000	261.600000	4.837189	278.168187	81.916810	278.168187
18.060000	276.000000	4.390535	280.166816	82.306988	280.166816
18.070000	266.000000	5.097450	282.175352	82.698213	282.175352
18.080000	269.000000	5.808821	284.193823	83.090485	284.193823
18.090000	273.800000	5.422236	286.222254	83.483806	286.222254
18.100000	268.400000	5.321053	288.260669	83.878176	288.260669
18.110000	270.200000	5.340652	290.309096	84.273596	290.309096
18.120000	284.700000	6.387870	292.367560	84.670067	292.367560
18.130000	274.500000	4.046579	294.436086	85.067588	294.436086
18.140000	286.200000	5.343048	296.514701	85.466161	296.514701
18.150000	279.400000	4.972275	298.603429	85.865786	298.603429
18.160000	294.200000	7.827194	300.702298	86.266464	300.702298
18.170000	300.600000	6.144630	302.811332	86.668195	302.811332
18.180000	295.000000	6.763786	304.930557	87.070981	304.930557
18.190000	297.600000	5.950193	307.059999	87.474822	307.059999
18.200000	301.800000	6.333580	309.199684	87.879717	309.199684
18.210000	294.200000	6.222874	311.349638	88.285669	311.349638
18.220000	309.500000	6.480772	313.509886	88.692678	313.509886
18.230000	305.800000	4.486174	315.680454	89.100744	315.680454
18.240000	306.900000	5.892999	317.861367	89.509868	317.861367
18.250000	304.200000	4.477035	320.052653	89.920050	320.052653
18.260000	308.200000	6.572598	322.254335	90.331292	322.254335
18.270000	303.400000	7.351060	324.466441	90.743593	324.466441
18.280000	315.000000	6.579605	326.688996	91.156955	326.688996
18.290000	304.400000	6.170899	328.922026	91.571378	328.922026
18.300000	313.300000	6.900325	331.165556	91.986862	331.165556
18.310000	314.800000	6.736171	333.419612	92.403409	333.419612
18.320000	313.000000	4.738439	335.684220	92.821019	335.684220
18.330000	315.700000	5.865349	337.959407	93.239692	337.959407
18.340000	323.000000	7.395674	340.245196	93.659429	340.245196
18.350000	330.300000	7.409988	342.541616	94.080231	342.541616
18.360000	319.100000	7.213393	344.848691	94.502098	344.848691
18.370000	336.600000	6.481210	347.166446	94.925032	347.166446
18.380000	339.000000	4.546823	349.494909	95.349031	349.494909
18.390000	326.600000	5.748349	351.834104	95.774098	351.834104
18.400000	327.800000	6.086234	354.184058	96.200233	354.184058
18.410000	330.500000	6.020000	356.544796	96.627436	356.544796
18.420000	339.500000	6.203257	358.916344	97.055709	358.916344
18.430000	339.100000	6.530746	361.298729	97.485051	361.298729
18.440000	339.200000	5.875508	363.691975	97.915463	363.691975
18.450000	348.600000	6.769083	366.096108	98.346946	366.096108
18.460000	345.800000	6.773997	368.511155	98.779500	368.511155
18.470000	338.500000	5.487185	370.937142	99.213126	370.937142
18.480000	341.000000	5.906065	373.374093	99.647825	373.374093
18.490000	337.300000	7.054423	375.822036	100.083598	375.822036
18.500000	352.700000	6.566710	378.280995	100.520444	378.280995
18.510000	362.300000	6.112211	380.750997	100.958365	380.750997
18.520000	364.400000	5.908096	383.232067	101.397360	383.232067
18.530000	347.400000	6.750147	385.724232	101.837432	385.724232
18.540000	370.500000	5.851803	388.227517	102.278579	388.227517
18.550000	372.100000	6.660192	390.741948	102.720804	390.741948
18.560000	374.600000	7.259774	393.267550	103.164106	393.267550
18.570000	358.400000	6.601818	395.804351	103.608486	395.804351
18.580000	374.600000	6.971049	398.352375	104.053945	398.352375
18.590000	366.500000	5.582007	400.911649	104.500482	400.911649
18.600000	380.100000	7.079418	403.482198	104.948100	403.482198
18.610000	377.500000	6.771499	406.064049	105.396798	406.064049
18.620000	375.000000	5.991060	408.657226	105.846578	408.657226
18.630000	380.800000	6.477530	411.261757	106.297438	411.261757
18.640000	380.600000	6.734769	413.877666	106.749381	413.877666
18.650000	371.900000	6.345247	416.504980	107.202407	416.504980
18.660000	379.800000	4.903321	419.143725	107.656516	419.143725
