# XGS2: >2.126E-07,1.971E-08,OPEN     ,4.990E+00,OPEN     ,OPEN
# 2019-02-12 10:48:00
# 
10	2.25e-07	2.144e-07	2.134e-07	2.136e-07	2.135e-07
10.1	2.25e-07	2.144e-07	2.134e-07	2.136e-07	2.135e-07
10.2	2.25e-07	2.144e-07	2.134e-07	2.136e-07	2.135e-07
10.3	2.25e-07	2.144e-07	2.134e-07	2.136e-07	2.135e-07
10.4	2.25e-07	2.144e-07	2.134e-07	2.136e-07	2.135e-07
10.5	2.25e-07	2.144e-07	2.134e-07	2.136e-07	2.135e-07
10.6	2.25e-07	2.144e-07	2.134e-07	2.136e-07	2.135e-07
10.7	2.25e-07	2.144e-07	2.134e-07	2.136e-07	2.135e-07
10.8	2.25e-07	2.144e-07	2.134e-07	2.136e-07	2.135e-07
10.9	2.25e-07	2.144e-07	2.134e-07	2.136e-07	2.135e-07
11	2.259e-07	2.155e-07	2.122e-07	2.112e-07	2.134e-07
11.1	2.259e-07	2.155e-07	2.122e-07	2.112e-07	2.134e-07
11.2	2.259e-07	2.155e-07	2.122e-07	2.112e-07	2.134e-07
11.3	2.259e-07	2.155e-07	2.122e-07	2.112e-07	2.134e-07
11.4	2.259e-07	2.155e-07	2.122e-07	2.112e-07	2.134e-07
11.5	2.259e-07	2.155e-07	2.122e-07	2.112e-07	2.134e-07
11.6	2.259e-07	2.155e-07	2.122e-07	2.112e-07	2.134e-07
11.7	2.259e-07	2.155e-07	2.122e-07	2.112e-07	2.134e-07
11.8	2.259e-07	2.155e-07	2.122e-07	2.112e-07	2.134e-07
11.9	2.259e-07	2.155e-07	2.122e-07	2.112e-07	2.134e-07
12	2.247e-07	2.165e-07	2.123e-07	2.134e-07	2.172e-07
12.1	2.247e-07	2.165e-07	2.123e-07	2.134e-07	2.172e-07
12.2	2.247e-07	2.165e-07	2.123e-07	2.134e-07	2.172e-07
12.3	2.247e-07	2.165e-07	2.123e-07	2.134e-07	2.172e-07
12.4	2.247e-07	2.165e-07	2.123e-07	2.134e-07	2.172e-07
12.5	2.247e-07	2.165e-07	2.123e-07	2.134e-07	2.172e-07
12.6	2.247e-07	2.165e-07	2.123e-07	2.134e-07	2.172e-07
12.7	2.247e-07	2.165e-07	2.123e-07	2.134e-07	2.172e-07
12.8	2.247e-07	2.165e-07	2.123e-07	2.134e-07	2.172e-07
12.9	2.247e-07	2.165e-07	2.123e-07	2.134e-07	2.172e-07
13	2.234e-07	2.155e-07	2.133e-07	2.122e-07	2.142e-07
13.1	2.234e-07	2.155e-07	2.133e-07	2.122e-07	2.142e-07
13.2	2.234e-07	2.155e-07	2.133e-07	2.122e-07	2.142e-07
13.3	2.234e-07	2.155e-07	2.133e-07	2.122e-07	2.142e-07
13.4	2.234e-07	2.155e-07	2.133e-07	2.122e-07	2.142e-07
13.5	2.234e-07	2.155e-07	2.133e-07	2.122e-07	2.142e-07
13.6	2.234e-07	2.155e-07	2.133e-07	2.122e-07	2.142e-07
13.7	2.234e-07	2.155e-07	2.133e-07	2.122e-07	2.142e-07
13.8	2.234e-07	2.155e-07	2.133e-07	2.122e-07	2.142e-07
13.9	2.234e-07	2.155e-07	2.133e-07	2.122e-07	2.142e-07
14	2.243e-07	2.153e-07	2.122e-07	2.138e-07	2.138e-07
14.1	2.243e-07	2.153e-07	2.122e-07	2.138e-07	2.138e-07
14.2	2.243e-07	2.153e-07	2.122e-07	2.138e-07	2.138e-07
14.3	2.243e-07	2.153e-07	2.122e-07	2.138e-07	2.138e-07
14.4	2.243e-07	2.153e-07	2.122e-07	2.138e-07	2.138e-07
14.5	2.243e-07	2.153e-07	2.122e-07	2.138e-07	2.138e-07
14.6	2.243e-07	2.153e-07	2.122e-07	2.138e-07	2.138e-07
14.7	2.243e-07	2.153e-07	2.122e-07	2.138e-07	2.138e-07
14.8	2.243e-07	2.153e-07	2.122e-07	2.138e-07	2.138e-07
14.9	2.243e-07	2.153e-07	2.122e-07	2.138e-07	2.138e-07
15	2.24e-07	2.174e-07	2.134e-07	2.139e-07	2.124e-07
15.1	2.24e-07	2.174e-07	2.134e-07	2.139e-07	2.124e-07
15.2	2.24e-07	2.174e-07	2.134e-07	2.139e-07	2.124e-07
15.3	2.24e-07	2.174e-07	2.134e-07	2.139e-07	2.124e-07
15.4	2.24e-07	2.174e-07	2.134e-07	2.139e-07	2.124e-07
15.5	2.24e-07	2.174e-07	2.134e-07	2.139e-07	2.124e-07
15.6	2.24e-07	2.174e-07	2.134e-07	2.139e-07	2.124e-07
15.7	2.24e-07	2.174e-07	2.134e-07	2.139e-07	2.124e-07
15.8	2.24e-07	2.174e-07	2.134e-07	2.139e-07	2.124e-07
15.9	2.24e-07	2.174e-07	2.134e-07	2.139e-07	2.124e-07
16	2.216e-07	2.153e-07	2.122e-07	2.14e-07	2.136e-07
16.1	2.216e-07	2.153e-07	2.122e-07	2.14e-07	2.136e-07
16.2	2.216e-07	2.153e-07	2.122e-07	2.14e-07	2.136e-07
16.3	2.216e-07	2.153e-07	2.122e-07	2.14e-07	2.136e-07
16.4	2.216e-07	2.153e-07	2.122e-07	2.14e-07	2.136e-07
16.5	2.216e-07	2.153e-07	2.122e-07	2.14e-07	2.136e-07
16.6	2.216e-07	2.153e-07	2.122e-07	2.14e-07	2.136e-07
16.7	2.216e-07	2.153e-07	2.122e-07	2.14e-07	2.136e-07
16.8	2.216e-07	2.153e-07	2.122e-07	2.14e-07	2.136e-07
16.9	2.216e-07	2.153e-07	2.122e-07	2.14e-07	2.136e-07
17	2.236e-07	2.152e-07	2.134e-07	2.151e-07	2.135e-07
17.1	2.236e-07	2.152e-07	2.134e-07	2.151e-07	2.135e-07
17.2	2.236e-07	2.152e-07	2.134e-07	2.151e-07	2.135e-07
17.3	2.236e-07	2.152e-07	2.134e-07	2.151e-07	2.135e-07
17.4	2.236e-07	2.152e-07	2.134e-07	2.151e-07	2.135e-07
17.5	2.236e-07	2.152e-07	2.134e-07	2.151e-07	2.135e-07
17.6	2.236e-07	2.152e-07	2.134e-07	2.151e-07	2.135e-07
17.7	2.236e-07	2.152e-07	2.134e-07	2.151e-07	2.135e-07
17.8	2.236e-07	2.152e-07	2.134e-07	2.151e-07	2.135e-07
17.9	2.236e-07	2.152e-07	2.134e-07	2.151e-07	2.135e-07
18	2.235e-07	2.15e-07	2.134e-07	2.144e-07	2.123e-07
18.1	2.235e-07	2.15e-07	2.134e-07	2.144e-07	2.123e-07
18.2	2.235e-07	2.15e-07	2.134e-07	2.144e-07	2.123e-07
18.3	2.235e-07	2.15e-07	2.134e-07	2.144e-07	2.123e-07
18.4	2.235e-07	2.15e-07	2.134e-07	2.144e-07	2.123e-07
18.5	2.235e-07	2.15e-07	2.134e-07	2.144e-07	2.123e-07
18.6	2.235e-07	2.15e-07	2.134e-07	2.144e-07	2.123e-07
18.7	2.235e-07	2.15e-07	2.134e-07	2.144e-07	2.123e-07
18.8	2.235e-07	2.15e-07	2.134e-07	2.144e-07	2.123e-07
18.9	2.235e-07	2.15e-07	2.134e-07	2.144e-07	2.123e-07
19	2.234e-07	2.126e-07	2.133e-07	2.143e-07	2.135e-07
19.1	2.234e-07	2.126e-07	2.133e-07	2.143e-07	2.135e-07
19.2	2.234e-07	2.126e-07	2.133e-07	2.143e-07	2.135e-07
19.3	2.234e-07	2.126e-07	2.133e-07	2.143e-07	2.135e-07
19.4	2.234e-07	2.126e-07	2.133e-07	2.143e-07	2.135e-07
19.5	2.234e-07	2.126e-07	2.133e-07	2.143e-07	2.135e-07
19.6	2.234e-07	2.126e-07	2.133e-07	2.143e-07	2.135e-07
19.7	2.234e-07	2.126e-07	2.133e-07	2.143e-07	2.135e-07
19.8	2.234e-07	2.126e-07	2.133e-07	2.143e-07	2.135e-07
19.9	2.234e-07	2.126e-07	2.133e-07	2.143e-07	2.135e-07
20	2.232e-07	2.159e-07	2.133e-07	2.144e-07	2.134e-07
20.1	2.232e-07	2.159e-07	2.133e-07	2.144e-07	2.134e-07
20.2	2.232e-07	2.159e-07	2.133e-07	2.144e-07	2.134e-07
20.3	2.232e-07	2.159e-07	2.133e-07	2.144e-07	2.134e-07
20.4	2.232e-07	2.159e-07	2.133e-07	2.144e-07	2.134e-07
20.5	2.232e-07	2.159e-07	2.133e-07	2.144e-07	2.134e-07
20.6	2.232e-07	2.159e-07	2.133e-07	2.144e-07	2.134e-07
20.7	2.232e-07	2.159e-07	2.133e-07	2.144e-07	2.134e-07
20.8	2.232e-07	2.159e-07	2.133e-07	2.144e-07	2.134e-07
20.9	2.232e-07	2.159e-07	2.133e-07	2.144e-07	2.134e-07
21	2.231e-07	2.149e-07	2.12e-07	2.131e-07	2.135e-07
21.1	2.231e-07	2.149e-07	2.12e-07	2.131e-07	2.135e-07
21.2	2.231e-07	2.149e-07	2.12e-07	2.131e-07	2.135e-07
21.3	2.231e-07	2.149e-07	2.12e-07	2.131e-07	2.135e-07
21.4	2.231e-07	2.149e-07	2.12e-07	2.131e-07	2.135e-07
21.5	2.231e-07	2.149e-07	2.12e-07	2.131e-07	2.135e-07
21.6	2.231e-07	2.149e-07	2.12e-07	2.131e-07	2.135e-07
21.7	2.231e-07	2.149e-07	2.12e-07	2.131e-07	2.135e-07
21.8	2.231e-07	2.149e-07	2.12e-07	2.131e-07	2.135e-07
21.9	2.231e-07	2.149e-07	2.12e-07	2.131e-07	2.135e-07
22	2.231e-07	2.147e-07	2.131e-07	2.144e-07	2.135e-07
22.1	2.231e-07	2.147e-07	2.131e-07	2.144e-07	2.135e-07
22.2	2.231e-07	2.147e-07	2.131e-07	2.144e-07	2.135e-07
22.3	2.231e-07	2.147e-07	2.131e-07	2.144e-07	2.135e-07
22.4	2.231e-07	2.147e-07	2.131e-07	2.144e-07	2.135e-07
22.5	2.231e-07	2.147e-07	2.131e-07	2.144e-07	2.135e-07
22.6	2.231e-07	2.147e-07	2.131e-07	2.144e-07	2.135e-07
22.7	2.231e-07	2.147e-07	2.131e-07	2.144e-07	2.135e-07
22.8	2.231e-07	2.147e-07	2.131e-07	2.144e-07	2.135e-07
22.9	2.231e-07	2.147e-07	2.131e-07	2.144e-07	2.135e-07
23	2.239e-07	2.158e-07	2.131e-07	2.144e-07	2.134e-07
23.1	2.239e-07	2.158e-07	2.131e-07	2.144e-07	2.134e-07
23.2	2.239e-07	2.158e-07	2.131e-07	2.144e-07	2.134e-07
23.3	2.239e-07	2.158e-07	2.131e-07	2.144e-07	2.134e-07
23.4	2.239e-07	2.158e-07	2.131e-07	2.144e-07	2.134e-07
23.5	2.239e-07	2.158e-07	2.131e-07	2.144e-07	2.134e-07
23.6	2.239e-07	2.158e-07	2.131e-07	2.144e-07	2.134e-07
23.7	2.239e-07	2.158e-07	2.131e-07	2.144e-07	2.134e-07
23.8	2.239e-07	2.158e-07	2.131e-07	2.144e-07	2.134e-07
23.9	2.239e-07	2.158e-07	2.131e-07	2.144e-07	2.134e-07
24	2.227e-07	2.136e-07	2.12e-07	2.153e-07	2.134e-07
24.1	2.227e-07	2.136e-07	2.12e-07	2.153e-07	2.134e-07
24.2	2.227e-07	2.136e-07	2.12e-07	2.153e-07	2.134e-07
24.3	2.227e-07	2.136e-07	2.12e-07	2.153e-07	2.134e-07
24.4	2.227e-07	2.136e-07	2.12e-07	2.153e-07	2.134e-07
24.5	2.227e-07	2.136e-07	2.12e-07	2.153e-07	2.134e-07
24.6	2.227e-07	2.136e-07	2.12e-07	2.153e-07	2.134e-07
24.7	2.227e-07	2.136e-07	2.12e-07	2.153e-07	2.134e-07
24.8	2.227e-07	2.136e-07	2.12e-07	2.153e-07	2.134e-07
24.9	2.227e-07	2.136e-07	2.12e-07	2.153e-07	2.134e-07
25	2.225e-07	2.158e-07	2.12e-07	2.143e-07	2.134e-07
25.1	2.225e-07	2.158e-07	2.12e-07	2.143e-07	2.134e-07
25.2	2.225e-07	2.158e-07	2.12e-07	2.143e-07	2.134e-07
25.3	2.225e-07	2.158e-07	2.12e-07	2.143e-07	2.134e-07
25.4	2.225e-07	2.158e-07	2.12e-07	2.143e-07	2.134e-07
25.5	2.225e-07	2.158e-07	2.12e-07	2.143e-07	2.134e-07
25.6	2.225e-07	2.158e-07	2.12e-07	2.143e-07	2.134e-07
25.7	2.225e-07	2.158e-07	2.12e-07	2.143e-07	2.134e-07
25.8	2.225e-07	2.158e-07	2.12e-07	2.143e-07	2.134e-07
25.9	2.225e-07	2.158e-07	2.12e-07	2.143e-07	2.134e-07
26	2.224e-07	2.147e-07	2.13e-07	2.142e-07	2.132e-07
26.1	2.224e-07	2.147e-07	2.13e-07	2.142e-07	2.132e-07
26.2	2.224e-07	2.147e-07	2.13e-07	2.142e-07	2.132e-07
26.3	2.224e-07	2.147e-07	2.13e-07	2.142e-07	2.132e-07
26.4	2.224e-07	2.147e-07	2.13e-07	2.142e-07	2.132e-07
26.5	2.224e-07	2.147e-07	2.13e-07	2.142e-07	2.132e-07
26.6	2.224e-07	2.147e-07	2.13e-07	2.142e-07	2.132e-07
26.7	2.224e-07	2.147e-07	2.13e-07	2.142e-07	2.132e-07
26.8	2.224e-07	2.147e-07	2.13e-07	2.142e-07	2.132e-07
26.9	2.224e-07	2.147e-07	2.13e-07	2.142e-07	2.132e-07
27	2.222e-07	2.146e-07	2.13e-07	2.142e-07	2.143e-07
27.1	2.222e-07	2.146e-07	2.13e-07	2.142e-07	2.143e-07
27.2	2.222e-07	2.146e-07	2.13e-07	2.142e-07	2.143e-07
27.3	2.222e-07	2.146e-07	2.13e-07	2.142e-07	2.143e-07
27.4	2.222e-07	2.146e-07	2.13e-07	2.142e-07	2.143e-07
27.5	2.222e-07	2.146e-07	2.13e-07	2.142e-07	2.143e-07
27.6	2.222e-07	2.146e-07	2.13e-07	2.142e-07	2.143e-07
27.7	2.222e-07	2.146e-07	2.13e-07	2.142e-07	2.143e-07
27.8	2.222e-07	2.146e-07	2.13e-07	2.142e-07	2.143e-07
27.9	2.222e-07	2.146e-07	2.13e-07	2.142e-07	2.143e-07
28	2.222e-07	2.147e-07	2.13e-07	2.154e-07	2.122e-07
28.1	2.222e-07	2.147e-07	2.13e-07	2.154e-07	2.122e-07
28.2	2.222e-07	2.147e-07	2.13e-07	2.154e-07	2.122e-07
28.3	2.222e-07	2.147e-07	2.13e-07	2.154e-07	2.122e-07
28.4	2.222e-07	2.147e-07	2.13e-07	2.154e-07	2.122e-07
28.5	2.222e-07	2.147e-07	2.13e-07	2.154e-07	2.122e-07
28.6	2.222e-07	2.147e-07	2.13e-07	2.154e-07	2.122e-07
28.7	2.222e-07	2.147e-07	2.13e-07	2.154e-07	2.122e-07
28.8	2.222e-07	2.147e-07	2.13e-07	2.154e-07	2.122e-07
28.9	2.222e-07	2.147e-07	2.13e-07	2.154e-07	2.122e-07
29	2.221e-07	2.147e-07	2.108e-07	2.144e-07	2.132e-07
29.1	2.221e-07	2.147e-07	2.108e-07	2.144e-07	2.132e-07
29.2	2.221e-07	2.147e-07	2.108e-07	2.144e-07	2.132e-07
29.3	2.221e-07	2.147e-07	2.108e-07	2.144e-07	2.132e-07
29.4	2.221e-07	2.147e-07	2.108e-07	2.144e-07	2.132e-07
29.5	2.221e-07	2.147e-07	2.108e-07	2.144e-07	2.132e-07
29.6	2.221e-07	2.147e-07	2.108e-07	2.144e-07	2.132e-07
29.7	2.221e-07	2.147e-07	2.108e-07	2.144e-07	2.132e-07
29.8	2.221e-07	2.147e-07	2.108e-07	2.144e-07	2.132e-07
29.9	2.221e-07	2.147e-07	2.108e-07	2.144e-07	2.132e-07
30	2.219e-07	2.145e-07	2.13e-07	2.154e-07	2.133e-07
30.1	2.219e-07	2.145e-07	2.13e-07	2.154e-07	2.133e-07
30.2	2.219e-07	2.145e-07	2.13e-07	2.154e-07	2.133e-07
30.3	2.219e-07	2.145e-07	2.13e-07	2.154e-07	2.133e-07
30.4	2.219e-07	2.145e-07	2.13e-07	2.154e-07	2.133e-07
30.5	2.219e-07	2.145e-07	2.13e-07	2.154e-07	2.133e-07
30.6	2.219e-07	2.145e-07	2.13e-07	2.154e-07	2.133e-07
30.7	2.219e-07	2.145e-07	2.13e-07	2.154e-07	2.133e-07
30.8	2.219e-07	2.145e-07	2.13e-07	2.154e-07	2.133e-07
30.9	2.219e-07	2.145e-07	2.13e-07	2.154e-07	2.133e-07
31	2.219e-07	2.146e-07	2.13e-07	2.142e-07	2.123e-07
31.1	2.219e-07	2.146e-07	2.13e-07	2.142e-07	2.123e-07
31.2	2.219e-07	2.146e-07	2.13e-07	2.142e-07	2.123e-07
31.3	2.219e-07	2.146e-07	2.13e-07	2.142e-07	2.123e-07
31.4	2.219e-07	2.146e-07	2.13e-07	2.142e-07	2.123e-07
31.5	2.219e-07	2.146e-07	2.13e-07	2.142e-07	2.123e-07
31.6	2.219e-07	2.146e-07	2.13e-07	2.142e-07	2.123e-07
31.7	2.219e-07	2.146e-07	2.13e-07	2.142e-07	2.123e-07
31.8	2.219e-07	2.146e-07	2.13e-07	2.142e-07	2.123e-07
31.9	2.219e-07	2.146e-07	2.13e-07	2.142e-07	2.123e-07
32	2.218e-07	2.158e-07	2.129e-07	2.143e-07	2.134e-07
32.1	2.218e-07	2.158e-07	2.129e-07	2.143e-07	2.134e-07
32.2	2.218e-07	2.158e-07	2.129e-07	2.143e-07	2.134e-07
32.3	2.218e-07	2.158e-07	2.129e-07	2.143e-07	2.134e-07
32.4	2.218e-07	2.158e-07	2.129e-07	2.143e-07	2.134e-07
32.5	2.218e-07	2.158e-07	2.129e-07	2.143e-07	2.134e-07
32.6	2.218e-07	2.158e-07	2.129e-07	2.143e-07	2.134e-07
32.7	2.218e-07	2.158e-07	2.129e-07	2.143e-07	2.134e-07
32.8	2.218e-07	2.158e-07	2.129e-07	2.143e-07	2.134e-07
32.9	2.218e-07	2.158e-07	2.129e-07	2.143e-07	2.134e-07
33	2.217e-07	2.157e-07	2.118e-07	2.152e-07	2.123e-07
33.1	2.217e-07	2.157e-07	2.118e-07	2.152e-07	2.123e-07
33.2	2.217e-07	2.157e-07	2.118e-07	2.152e-07	2.123e-07
33.3	2.217e-07	2.157e-07	2.118e-07	2.152e-07	2.123e-07
33.4	2.217e-07	2.157e-07	2.118e-07	2.152e-07	2.123e-07
33.5	2.217e-07	2.157e-07	2.118e-07	2.152e-07	2.123e-07
33.6	2.217e-07	2.157e-07	2.118e-07	2.152e-07	2.123e-07
33.7	2.217e-07	2.157e-07	2.118e-07	2.152e-07	2.123e-07
33.8	2.217e-07	2.157e-07	2.118e-07	2.152e-07	2.123e-07
33.9	2.217e-07	2.157e-07	2.118e-07	2.152e-07	2.123e-07
34	2.217e-07	2.134e-07	2.128e-07	2.14e-07	2.122e-07
34.1	2.217e-07	2.134e-07	2.128e-07	2.14e-07	2.122e-07
34.2	2.217e-07	2.134e-07	2.128e-07	2.14e-07	2.122e-07
34.3	2.217e-07	2.134e-07	2.128e-07	2.14e-07	2.122e-07
34.4	2.217e-07	2.134e-07	2.128e-07	2.14e-07	2.122e-07
34.5	2.217e-07	2.134e-07	2.128e-07	2.14e-07	2.122e-07
34.6	2.217e-07	2.134e-07	2.128e-07	2.14e-07	2.122e-07
34.7	2.217e-07	2.134e-07	2.128e-07	2.14e-07	2.122e-07
34.8	2.217e-07	2.134e-07	2.128e-07	2.14e-07	2.122e-07
34.9	2.217e-07	2.134e-07	2.128e-07	2.14e-07	2.122e-07
35	2.215e-07	2.143e-07	2.118e-07	2.142e-07	2.132e-07
35.1	2.215e-07	2.143e-07	2.118e-07	2.142e-07	2.132e-07
35.2	2.215e-07	2.143e-07	2.118e-07	2.142e-07	2.132e-07
35.3	2.215e-07	2.143e-07	2.118e-07	2.142e-07	2.132e-07
35.4	2.215e-07	2.143e-07	2.118e-07	2.142e-07	2.132e-07
35.5	2.215e-07	2.143e-07	2.118e-07	2.142e-07	2.132e-07
35.6	2.215e-07	2.143e-07	2.118e-07	2.142e-07	2.132e-07
35.7	2.215e-07	2.143e-07	2.118e-07	2.142e-07	2.132e-07
35.8	2.215e-07	2.143e-07	2.118e-07	2.142e-07	2.132e-07
35.9	2.215e-07	2.143e-07	2.118e-07	2.142e-07	2.132e-07
36	2.226e-07	2.155e-07	2.127e-07	2.14e-07	2.132e-07
36.1	2.226e-07	2.155e-07	2.127e-07	2.14e-07	2.132e-07
36.2	2.226e-07	2.155e-07	2.127e-07	2.14e-07	2.132e-07
36.3	2.226e-07	2.155e-07	2.127e-07	2.14e-07	2.132e-07
36.4	2.226e-07	2.155e-07	2.127e-07	2.14e-07	2.132e-07
36.5	2.226e-07	2.155e-07	2.127e-07	2.14e-07	2.132e-07
36.6	2.226e-07	2.155e-07	2.127e-07	2.14e-07	2.132e-07
36.7	2.226e-07	2.155e-07	2.127e-07	2.14e-07	2.132e-07
36.8	2.226e-07	2.155e-07	2.127e-07	2.14e-07	2.132e-07
36.9	2.226e-07	2.155e-07	2.127e-07	2.14e-07	2.132e-07
37	2.213e-07	2.142e-07	2.116e-07	2.151e-07	2.145e-07
37.1	2.213e-07	2.142e-07	2.116e-07	2.151e-07	2.145e-07
37.2	2.213e-07	2.142e-07	2.116e-07	2.151e-07	2.145e-07
37.3	2.213e-07	2.142e-07	2.116e-07	2.151e-07	2.145e-07
37.4	2.213e-07	2.142e-07	2.116e-07	2.151e-07	2.145e-07
37.5	2.213e-07	2.142e-07	2.116e-07	2.151e-07	2.145e-07
37.6	2.213e-07	2.142e-07	2.116e-07	2.151e-07	2.145e-07
37.7	2.213e-07	2.142e-07	2.116e-07	2.151e-07	2.145e-07
37.8	2.213e-07	2.142e-07	2.116e-07	2.151e-07	2.145e-07
37.9	2.213e-07	2.142e-07	2.116e-07	2.151e-07	2.145e-07
38	2.211e-07	2.142e-07	2.139e-07	2.14e-07	2.144e-07
38.1	2.211e-07	2.142e-07	2.139e-07	2.14e-07	2.144e-07
38.2	2.211e-07	2.142e-07	2.139e-07	2.14e-07	2.144e-07
38.3	2.211e-07	2.142e-07	2.139e-07	2.14e-07	2.144e-07
38.4	2.211e-07	2.142e-07	2.139e-07	2.14e-07	2.144e-07
38.5	2.211e-07	2.142e-07	2.139e-07	2.14e-07	2.144e-07
38.6	2.211e-07	2.142e-07	2.139e-07	2.14e-07	2.144e-07
38.7	2.211e-07	2.142e-07	2.139e-07	2.14e-07	2.144e-07
38.8	2.211e-07	2.142e-07	2.139e-07	2.14e-07	2.144e-07
38.9	2.211e-07	2.142e-07	2.139e-07	2.14e-07	2.144e-07
39	2.223e-07	2.142e-07	2.116e-07	2.139e-07	2.134e-07
39.1	2.223e-07	2.142e-07	2.116e-07	2.139e-07	2.134e-07
39.2	2.223e-07	2.142e-07	2.116e-07	2.139e-07	2.134e-07
39.3	2.223e-07	2.142e-07	2.116e-07	2.139e-07	2.134e-07
39.4	2.223e-07	2.142e-07	2.116e-07	2.139e-07	2.134e-07
39.5	2.223e-07	2.142e-07	2.116e-07	2.139e-07	2.134e-07
39.6	2.223e-07	2.142e-07	2.116e-07	2.139e-07	2.134e-07
39.7	2.223e-07	2.142e-07	2.116e-07	2.139e-07	2.134e-07
39.8	2.223e-07	2.142e-07	2.116e-07	2.139e-07	2.134e-07
39.9	2.223e-07	2.142e-07	2.116e-07	2.139e-07	2.134e-07
40	2.21e-07	2.141e-07	2.126e-07	2.139e-07	2.134e-07
40.1	2.21e-07	2.141e-07	2.126e-07	2.139e-07	2.134e-07
40.2	2.21e-07	2.141e-07	2.126e-07	2.139e-07	2.134e-07
40.3	2.21e-07	2.141e-07	2.126e-07	2.139e-07	2.134e-07
40.4	2.21e-07	2.141e-07	2.126e-07	2.139e-07	2.134e-07
40.5	2.21e-07	2.141e-07	2.126e-07	2.139e-07	2.134e-07
40.6	2.21e-07	2.141e-07	2.126e-07	2.139e-07	2.134e-07
40.7	2.21e-07	2.141e-07	2.126e-07	2.139e-07	2.134e-07
40.8	2.21e-07	2.141e-07	2.126e-07	2.139e-07	2.134e-07
40.9	2.21e-07	2.141e-07	2.126e-07	2.139e-07	2.134e-07
41	2.197e-07	2.152e-07	2.127e-07	2.14e-07	2.135e-07
41.1	2.197e-07	2.152e-07	2.127e-07	2.14e-07	2.135e-07
41.2	2.197e-07	2.152e-07	2.127e-07	2.14e-07	2.135e-07
41.3	2.197e-07	2.152e-07	2.127e-07	2.14e-07	2.135e-07
41.4	2.197e-07	2.152e-07	2.127e-07	2.14e-07	2.135e-07
41.5	2.197e-07	2.152e-07	2.127e-07	2.14e-07	2.135e-07
41.6	2.197e-07	2.152e-07	2.127e-07	2.14e-07	2.135e-07
41.7	2.197e-07	2.152e-07	2.127e-07	2.14e-07	2.135e-07
41.8	2.197e-07	2.152e-07	2.127e-07	2.14e-07	2.135e-07
41.9	2.197e-07	2.152e-07	2.127e-07	2.14e-07	2.135e-07
42	2.198e-07	2.23e-07	2.116e-07	2.15e-07	2.134e-07
42.1	2.198e-07	2.23e-07	2.116e-07	2.15e-07	2.134e-07
42.2	2.198e-07	2.23e-07	2.116e-07	2.15e-07	2.134e-07
42.3	2.198e-07	2.23e-07	2.116e-07	2.15e-07	2.134e-07
42.4	2.198e-07	2.23e-07	2.116e-07	2.15e-07	2.134e-07
42.5	2.198e-07	2.23e-07	2.116e-07	2.15e-07	2.134e-07
42.6	2.198e-07	2.23e-07	2.116e-07	2.15e-07	2.134e-07
42.7	2.198e-07	2.23e-07	2.116e-07	2.15e-07	2.134e-07
42.8	2.198e-07	2.23e-07	2.116e-07	2.15e-07	2.134e-07
42.9	2.198e-07	2.23e-07	2.116e-07	2.15e-07	2.134e-07
43	2.208e-07	2.147e-07	2.115e-07	2.128e-07	2.135e-07
43.1	2.208e-07	2.147e-07	2.115e-07	2.128e-07	2.135e-07
43.2	2.208e-07	2.147e-07	2.115e-07	2.128e-07	2.135e-07
43.3	2.208e-07	2.147e-07	2.115e-07	2.128e-07	2.135e-07
43.4	2.208e-07	2.147e-07	2.115e-07	2.128e-07	2.135e-07
43.5	2.208e-07	2.147e-07	2.115e-07	2.128e-07	2.135e-07
43.6	2.208e-07	2.147e-07	2.115e-07	2.128e-07	2.135e-07
43.7	2.208e-07	2.147e-07	2.115e-07	2.128e-07	2.135e-07
43.8	2.208e-07	2.147e-07	2.115e-07	2.128e-07	2.135e-07
43.9	2.208e-07	2.147e-07	2.115e-07	2.128e-07	2.135e-07
44	2.207e-07	2.143e-07	2.104e-07	2.138e-07	2.136e-07
44.1	2.207e-07	2.143e-07	2.104e-07	2.138e-07	2.136e-07
44.2	2.207e-07	2.143e-07	2.104e-07	2.138e-07	2.136e-07
44.3	2.207e-07	2.143e-07	2.104e-07	2.138e-07	2.136e-07
44.4	2.207e-07	2.143e-07	2.104e-07	2.138e-07	2.136e-07
44.5	2.207e-07	2.143e-07	2.104e-07	2.138e-07	2.136e-07
44.6	2.207e-07	2.143e-07	2.104e-07	2.138e-07	2.136e-07
44.7	2.207e-07	2.143e-07	2.104e-07	2.138e-07	2.136e-07
44.8	2.207e-07	2.143e-07	2.104e-07	2.138e-07	2.136e-07
44.9	2.207e-07	2.143e-07	2.104e-07	2.138e-07	2.136e-07
45	2.207e-07	2.142e-07	2.126e-07	2.139e-07	2.122e-07
45.1	2.207e-07	2.142e-07	2.126e-07	2.139e-07	2.122e-07
45.2	2.207e-07	2.142e-07	2.126e-07	2.139e-07	2.122e-07
45.3	2.207e-07	2.142e-07	2.126e-07	2.139e-07	2.122e-07
45.4	2.207e-07	2.142e-07	2.126e-07	2.139e-07	2.122e-07
45.5	2.207e-07	2.142e-07	2.126e-07	2.139e-07	2.122e-07
45.6	2.207e-07	2.142e-07	2.126e-07	2.139e-07	2.122e-07
45.7	2.207e-07	2.142e-07	2.126e-07	2.139e-07	2.122e-07
45.8	2.207e-07	2.142e-07	2.126e-07	2.139e-07	2.122e-07
45.9	2.207e-07	2.142e-07	2.126e-07	2.139e-07	2.122e-07
46	2.206e-07	2.13e-07	2.115e-07	2.151e-07	2.123e-07
46.1	2.206e-07	2.13e-07	2.115e-07	2.151e-07	2.123e-07
46.2	2.206e-07	2.13e-07	2.115e-07	2.151e-07	2.123e-07
46.3	2.206e-07	2.13e-07	2.115e-07	2.151e-07	2.123e-07
46.4	2.206e-07	2.13e-07	2.115e-07	2.151e-07	2.123e-07
46.5	2.206e-07	2.13e-07	2.115e-07	2.151e-07	2.123e-07
46.6	2.206e-07	2.13e-07	2.115e-07	2.151e-07	2.123e-07
46.7	2.206e-07	2.13e-07	2.115e-07	2.151e-07	2.123e-07
46.8	2.206e-07	2.13e-07	2.115e-07	2.151e-07	2.123e-07
46.9	2.206e-07	2.13e-07	2.115e-07	2.151e-07	2.123e-07
47	2.194e-07	2.152e-07	2.136e-07	2.139e-07	2.136e-07
47.1	2.194e-07	2.152e-07	2.136e-07	2.139e-07	2.136e-07
47.2	2.194e-07	2.152e-07	2.136e-07	2.139e-07	2.136e-07
47.3	2.194e-07	2.152e-07	2.136e-07	2.139e-07	2.136e-07
47.4	2.194e-07	2.152e-07	2.136e-07	2.139e-07	2.136e-07
47.5	2.194e-07	2.152e-07	2.136e-07	2.139e-07	2.136e-07
47.6	2.194e-07	2.152e-07	2.136e-07	2.139e-07	2.136e-07
47.7	2.194e-07	2.152e-07	2.136e-07	2.139e-07	2.136e-07
47.8	2.194e-07	2.152e-07	2.136e-07	2.139e-07	2.136e-07
47.9	2.194e-07	2.152e-07	2.136e-07	2.139e-07	2.136e-07
48	2.204e-07	2.15e-07	2.115e-07	2.15e-07	2.135e-07
48.1	2.204e-07	2.15e-07	2.115e-07	2.15e-07	2.135e-07
48.2	2.204e-07	2.15e-07	2.115e-07	2.15e-07	2.135e-07
48.3	2.204e-07	2.15e-07	2.115e-07	2.15e-07	2.135e-07
48.4	2.204e-07	2.15e-07	2.115e-07	2.15e-07	2.135e-07
48.5	2.204e-07	2.15e-07	2.115e-07	2.15e-07	2.135e-07
48.6	2.204e-07	2.15e-07	2.115e-07	2.15e-07	2.135e-07
48.7	2.204e-07	2.15e-07	2.115e-07	2.15e-07	2.135e-07
48.8	2.204e-07	2.15e-07	2.115e-07	2.15e-07	2.135e-07
48.9	2.204e-07	2.15e-07	2.115e-07	2.15e-07	2.135e-07
49	2.191e-07	2.138e-07	2.126e-07	2.15e-07	2.134e-07
49.1	2.191e-07	2.138e-07	2.126e-07	2.15e-07	2.134e-07
49.2	2.191e-07	2.138e-07	2.126e-07	2.15e-07	2.134e-07
49.3	2.191e-07	2.138e-07	2.126e-07	2.15e-07	2.134e-07
49.4	2.191e-07	2.138e-07	2.126e-07	2.15e-07	2.134e-07
49.5	2.191e-07	2.138e-07	2.126e-07	2.15e-07	2.134e-07
49.6	2.191e-07	2.138e-07	2.126e-07	2.15e-07	2.134e-07
49.7	2.191e-07	2.138e-07	2.126e-07	2.15e-07	2.134e-07
49.8	2.191e-07	2.138e-07	2.126e-07	2.15e-07	2.134e-07
49.9	2.191e-07	2.138e-07	2.126e-07	2.15e-07	2.134e-07
50	2.19e-07	2.138e-07	2.115e-07	2.138e-07	2.146e-07
50.1	2.19e-07	2.138e-07	2.115e-07	2.138e-07	2.146e-07
50.2	2.19e-07	2.138e-07	2.115e-07	2.138e-07	2.146e-07
50.3	2.19e-07	2.138e-07	2.115e-07	2.138e-07	2.146e-07
50.4	2.19e-07	2.138e-07	2.115e-07	2.138e-07	2.146e-07
50.5	2.19e-07	2.138e-07	2.115e-07	2.138e-07	2.146e-07
50.6	2.19e-07	2.138e-07	2.115e-07	2.138e-07	2.146e-07
50.7	2.19e-07	2.138e-07	2.115e-07	2.138e-07	2.146e-07
50.8	2.19e-07	2.138e-07	2.115e-07	2.138e-07	2.146e-07
50.9	2.19e-07	2.138e-07	2.115e-07	2.138e-07	2.146e-07
51	2.19e-07	2.14e-07	2.115e-07	2.115e-07	2.135e-07
51.1	2.19e-07	2.14e-07	2.115e-07	2.115e-07	2.135e-07
51.2	2.19e-07	2.14e-07	2.115e-07	2.115e-07	2.135e-07
51.3	2.19e-07	2.14e-07	2.115e-07	2.115e-07	2.135e-07
51.4	2.19e-07	2.14e-07	2.115e-07	2.115e-07	2.135e-07
51.5	2.19e-07	2.14e-07	2.115e-07	2.115e-07	2.135e-07
51.6	2.19e-07	2.14e-07	2.115e-07	2.115e-07	2.135e-07
51.7	2.19e-07	2.14e-07	2.115e-07	2.115e-07	2.135e-07
51.8	2.19e-07	2.14e-07	2.115e-07	2.115e-07	2.135e-07
51.9	2.19e-07	2.14e-07	2.115e-07	2.115e-07	2.135e-07
52	2.201e-07	2.145e-07	2.115e-07	2.139e-07	2.123e-07
52.1	2.201e-07	2.145e-07	2.115e-07	2.139e-07	2.123e-07
52.2	2.201e-07	2.145e-07	2.115e-07	2.139e-07	2.123e-07
52.3	2.201e-07	2.145e-07	2.115e-07	2.139e-07	2.123e-07
52.4	2.201e-07	2.145e-07	2.115e-07	2.139e-07	2.123e-07
52.5	2.201e-07	2.145e-07	2.115e-07	2.139e-07	2.123e-07
52.6	2.201e-07	2.145e-07	2.115e-07	2.139e-07	2.123e-07
52.7	2.201e-07	2.145e-07	2.115e-07	2.139e-07	2.123e-07
52.8	2.201e-07	2.145e-07	2.115e-07	2.139e-07	2.123e-07
52.9	2.201e-07	2.145e-07	2.115e-07	2.139e-07	2.123e-07
53	2.2e-07	2.14e-07	2.114e-07	2.139e-07	2.134e-07
53.1	2.2e-07	2.14e-07	2.114e-07	2.139e-07	2.134e-07
53.2	2.2e-07	2.14e-07	2.114e-07	2.139e-07	2.134e-07
53.3	2.2e-07	2.14e-07	2.114e-07	2.139e-07	2.134e-07
53.4	2.2e-07	2.14e-07	2.114e-07	2.139e-07	2.134e-07
53.5	2.2e-07	2.14e-07	2.114e-07	2.139e-07	2.134e-07
53.6	2.2e-07	2.14e-07	2.114e-07	2.139e-07	2.134e-07
53.7	2.2e-07	2.14e-07	2.114e-07	2.139e-07	2.134e-07
53.8	2.2e-07	2.14e-07	2.114e-07	2.139e-07	2.134e-07
53.9	2.2e-07	2.14e-07	2.114e-07	2.139e-07	2.134e-07
54	2.187e-07	2.14e-07	2.125e-07	2.148e-07	2.132e-07
54.1	2.187e-07	2.14e-07	2.125e-07	2.148e-07	2.132e-07
54.2	2.187e-07	2.14e-07	2.125e-07	2.148e-07	2.132e-07
54.3	2.187e-07	2.14e-07	2.125e-07	2.148e-07	2.132e-07
54.4	2.187e-07	2.14e-07	2.125e-07	2.148e-07	2.132e-07
54.5	2.187e-07	2.14e-07	2.125e-07	2.148e-07	2.132e-07
54.6	2.187e-07	2.14e-07	2.125e-07	2.148e-07	2.132e-07
54.7	2.187e-07	2.14e-07	2.125e-07	2.148e-07	2.132e-07
54.8	2.187e-07	2.14e-07	2.125e-07	2.148e-07	2.132e-07
54.9	2.187e-07	2.14e-07	2.125e-07	2.148e-07	2.132e-07
55	2.198e-07	2.139e-07	2.125e-07	2.136e-07	2.132e-07
55.1	2.198e-07	2.139e-07	2.125e-07	2.136e-07	2.132e-07
55.2	2.198e-07	2.139e-07	2.125e-07	2.136e-07	2.132e-07
55.3	2.198e-07	2.139e-07	2.125e-07	2.136e-07	2.132e-07
55.4	2.198e-07	2.139e-07	2.125e-07	2.136e-07	2.132e-07
55.5	2.198e-07	2.139e-07	2.125e-07	2.136e-07	2.132e-07
55.6	2.198e-07	2.139e-07	2.125e-07	2.136e-07	2.132e-07
55.7	2.198e-07	2.139e-07	2.125e-07	2.136e-07	2.132e-07
55.8	2.198e-07	2.139e-07	2.125e-07	2.136e-07	2.132e-07
55.9	2.198e-07	2.139e-07	2.125e-07	2.136e-07	2.132e-07
56	2.197e-07	2.137e-07	2.114e-07	2.148e-07	2.132e-07
56.1	2.197e-07	2.137e-07	2.114e-07	2.148e-07	2.132e-07
56.2	2.197e-07	2.137e-07	2.114e-07	2.148e-07	2.132e-07
56.3	2.197e-07	2.137e-07	2.114e-07	2.148e-07	2.132e-07
56.4	2.197e-07	2.137e-07	2.114e-07	2.148e-07	2.132e-07
56.5	2.197e-07	2.137e-07	2.114e-07	2.148e-07	2.132e-07
56.6	2.197e-07	2.137e-07	2.114e-07	2.148e-07	2.132e-07
56.7	2.197e-07	2.137e-07	2.114e-07	2.148e-07	2.132e-07
56.8	2.197e-07	2.137e-07	2.114e-07	2.148e-07	2.132e-07
56.9	2.197e-07	2.137e-07	2.114e-07	2.148e-07	2.132e-07
57	2.197e-07	2.137e-07	2.126e-07	2.148e-07	2.111e-07
57.1	2.197e-07	2.137e-07	2.126e-07	2.148e-07	2.111e-07
57.2	2.197e-07	2.137e-07	2.126e-07	2.148e-07	2.111e-07
57.3	2.197e-07	2.137e-07	2.126e-07	2.148e-07	2.111e-07
57.4	2.197e-07	2.137e-07	2.126e-07	2.148e-07	2.111e-07
57.5	2.197e-07	2.137e-07	2.126e-07	2.148e-07	2.111e-07
57.6	2.197e-07	2.137e-07	2.126e-07	2.148e-07	2.111e-07
57.7	2.197e-07	2.137e-07	2.126e-07	2.148e-07	2.111e-07
57.8	2.197e-07	2.137e-07	2.126e-07	2.148e-07	2.111e-07
57.9	2.197e-07	2.137e-07	2.126e-07	2.148e-07	2.111e-07
58	2.197e-07	2.138e-07	2.125e-07	2.13e-07	2.133e-07
58.1	2.197e-07	2.138e-07	2.125e-07	2.13e-07	2.133e-07
58.2	2.197e-07	2.138e-07	2.125e-07	2.13e-07	2.133e-07
58.3	2.197e-07	2.138e-07	2.125e-07	2.13e-07	2.133e-07
58.4	2.197e-07	2.138e-07	2.125e-07	2.13e-07	2.133e-07
58.5	2.197e-07	2.138e-07	2.125e-07	2.13e-07	2.133e-07
58.6	2.197e-07	2.138e-07	2.125e-07	2.13e-07	2.133e-07
58.7	2.197e-07	2.138e-07	2.125e-07	2.13e-07	2.133e-07
58.8	2.197e-07	2.138e-07	2.125e-07	2.13e-07	2.133e-07
58.9	2.197e-07	2.138e-07	2.125e-07	2.13e-07	2.133e-07
59	2.207e-07	2.148e-07	2.126e-07	2.165e-07	2.132e-07
59.1	2.207e-07	2.148e-07	2.126e-07	2.165e-07	2.132e-07
59.2	2.207e-07	2.148e-07	2.126e-07	2.165e-07	2.132e-07
59.3	2.207e-07	2.148e-07	2.126e-07	2.165e-07	2.132e-07
59.4	2.207e-07	2.148e-07	2.126e-07	2.165e-07	2.132e-07
59.5	2.207e-07	2.148e-07	2.126e-07	2.165e-07	2.132e-07
59.6	2.207e-07	2.148e-07	2.126e-07	2.165e-07	2.132e-07
59.7	2.207e-07	2.148e-07	2.126e-07	2.165e-07	2.132e-07
59.8	2.207e-07	2.148e-07	2.126e-07	2.165e-07	2.132e-07
59.9	2.207e-07	2.148e-07	2.126e-07	2.165e-07	2.132e-07
60	2.206e-07	2.126e-07	2.115e-07	2.13e-07	2.132e-07
60.1	2.206e-07	2.126e-07	2.115e-07	2.13e-07	2.132e-07
60.2	2.206e-07	2.126e-07	2.115e-07	2.13e-07	2.132e-07
60.3	2.206e-07	2.126e-07	2.115e-07	2.13e-07	2.132e-07
60.4	2.206e-07	2.126e-07	2.115e-07	2.13e-07	2.132e-07
60.5	2.206e-07	2.126e-07	2.115e-07	2.13e-07	2.132e-07
60.6	2.206e-07	2.126e-07	2.115e-07	2.13e-07	2.132e-07
60.7	2.206e-07	2.126e-07	2.115e-07	2.13e-07	2.132e-07
60.8	2.206e-07	2.126e-07	2.115e-07	2.13e-07	2.132e-07
60.9	2.206e-07	2.126e-07	2.115e-07	2.13e-07	2.132e-07
61	2.192e-07	2.137e-07	2.126e-07	2.14e-07	2.134e-07
61.1	2.192e-07	2.137e-07	2.126e-07	2.14e-07	2.134e-07
61.2	2.192e-07	2.137e-07	2.126e-07	2.14e-07	2.134e-07
61.3	2.192e-07	2.137e-07	2.126e-07	2.14e-07	2.134e-07
61.4	2.192e-07	2.137e-07	2.126e-07	2.14e-07	2.134e-07
61.5	2.192e-07	2.137e-07	2.126e-07	2.14e-07	2.134e-07
61.6	2.192e-07	2.137e-07	2.126e-07	2.14e-07	2.134e-07
61.7	2.192e-07	2.137e-07	2.126e-07	2.14e-07	2.134e-07
61.8	2.192e-07	2.137e-07	2.126e-07	2.14e-07	2.134e-07
61.9	2.192e-07	2.137e-07	2.126e-07	2.14e-07	2.134e-07
62	2.181e-07	2.136e-07	2.128e-07	2.129e-07	2.133e-07
62.1	2.181e-07	2.136e-07	2.128e-07	2.129e-07	2.133e-07
62.2	2.181e-07	2.136e-07	2.128e-07	2.129e-07	2.133e-07
62.3	2.181e-07	2.136e-07	2.128e-07	2.129e-07	2.133e-07
62.4	2.181e-07	2.136e-07	2.128e-07	2.129e-07	2.133e-07
62.5	2.181e-07	2.136e-07	2.128e-07	2.129e-07	2.133e-07
62.6	2.181e-07	2.136e-07	2.128e-07	2.129e-07	2.133e-07
62.7	2.181e-07	2.136e-07	2.128e-07	2.129e-07	2.133e-07
62.8	2.181e-07	2.136e-07	2.128e-07	2.129e-07	2.133e-07
62.9	2.181e-07	2.136e-07	2.128e-07	2.129e-07	2.133e-07
63	2.191e-07	2.135e-07	2.126e-07	2.139e-07	2.133e-07
63.1	2.191e-07	2.135e-07	2.126e-07	2.139e-07	2.133e-07
63.2	2.191e-07	2.135e-07	2.126e-07	2.139e-07	2.133e-07
63.3	2.191e-07	2.135e-07	2.126e-07	2.139e-07	2.133e-07
63.4	2.191e-07	2.135e-07	2.126e-07	2.139e-07	2.133e-07
63.5	2.191e-07	2.135e-07	2.126e-07	2.139e-07	2.133e-07
63.6	2.191e-07	2.135e-07	2.126e-07	2.139e-07	2.133e-07
63.7	2.191e-07	2.135e-07	2.126e-07	2.139e-07	2.133e-07
63.8	2.191e-07	2.135e-07	2.126e-07	2.139e-07	2.133e-07
63.9	2.191e-07	2.135e-07	2.126e-07	2.139e-07	2.133e-07
64	2.19e-07	2.134e-07	2.126e-07	2.129e-07	2.154e-07
64.1	2.19e-07	2.134e-07	2.126e-07	2.129e-07	2.154e-07
64.2	2.19e-07	2.134e-07	2.126e-07	2.129e-07	2.154e-07
64.3	2.19e-07	2.134e-07	2.126e-07	2.129e-07	2.154e-07
64.4	2.19e-07	2.134e-07	2.126e-07	2.129e-07	2.154e-07
64.5	2.19e-07	2.134e-07	2.126e-07	2.129e-07	2.154e-07
64.6	2.19e-07	2.134e-07	2.126e-07	2.129e-07	2.154e-07
64.7	2.19e-07	2.134e-07	2.126e-07	2.129e-07	2.154e-07
64.8	2.19e-07	2.134e-07	2.126e-07	2.129e-07	2.154e-07
64.9	2.19e-07	2.134e-07	2.126e-07	2.129e-07	2.154e-07
65	2.19e-07	2.124e-07	2.136e-07	2.13e-07	2.134e-07
65.1	2.19e-07	2.124e-07	2.136e-07	2.13e-07	2.134e-07
65.2	2.19e-07	2.124e-07	2.136e-07	2.13e-07	2.134e-07
65.3	2.19e-07	2.124e-07	2.136e-07	2.13e-07	2.134e-07
65.4	2.19e-07	2.124e-07	2.136e-07	2.13e-07	2.134e-07
65.5	2.19e-07	2.124e-07	2.136e-07	2.13e-07	2.134e-07
65.6	2.19e-07	2.124e-07	2.136e-07	2.13e-07	2.134e-07
65.7	2.19e-07	2.124e-07	2.136e-07	2.13e-07	2.134e-07
65.8	2.19e-07	2.124e-07	2.136e-07	2.13e-07	2.134e-07
65.9	2.19e-07	2.124e-07	2.136e-07	2.13e-07	2.134e-07
66	2.189e-07	2.134e-07	2.125e-07	2.139e-07	2.125e-07
66.1	2.189e-07	2.134e-07	2.125e-07	2.139e-07	2.125e-07
66.2	2.189e-07	2.134e-07	2.125e-07	2.139e-07	2.125e-07
66.3	2.189e-07	2.134e-07	2.125e-07	2.139e-07	2.125e-07
66.4	2.189e-07	2.134e-07	2.125e-07	2.139e-07	2.125e-07
66.5	2.189e-07	2.134e-07	2.125e-07	2.139e-07	2.125e-07
66.6	2.189e-07	2.134e-07	2.125e-07	2.139e-07	2.125e-07
66.7	2.189e-07	2.134e-07	2.125e-07	2.139e-07	2.125e-07
66.8	2.189e-07	2.134e-07	2.125e-07	2.139e-07	2.125e-07
66.9	2.189e-07	2.134e-07	2.125e-07	2.139e-07	2.125e-07
67	2.188e-07	2.134e-07	2.125e-07	2.127e-07	2.136e-07
67.1	2.188e-07	2.134e-07	2.125e-07	2.127e-07	2.136e-07
67.2	2.188e-07	2.134e-07	2.125e-07	2.127e-07	2.136e-07
67.3	2.188e-07	2.134e-07	2.125e-07	2.127e-07	2.136e-07
67.4	2.188e-07	2.134e-07	2.125e-07	2.127e-07	2.136e-07
67.5	2.188e-07	2.134e-07	2.125e-07	2.127e-07	2.136e-07
67.6	2.188e-07	2.134e-07	2.125e-07	2.127e-07	2.136e-07
67.7	2.188e-07	2.134e-07	2.125e-07	2.127e-07	2.136e-07
67.8	2.188e-07	2.134e-07	2.125e-07	2.127e-07	2.136e-07
67.9	2.188e-07	2.134e-07	2.125e-07	2.127e-07	2.136e-07
68	2.188e-07	2.135e-07	2.124e-07	2.138e-07	2.136e-07
68.1	2.188e-07	2.135e-07	2.124e-07	2.138e-07	2.136e-07
68.2	2.188e-07	2.135e-07	2.124e-07	2.138e-07	2.136e-07
68.3	2.188e-07	2.135e-07	2.124e-07	2.138e-07	2.136e-07
68.4	2.188e-07	2.135e-07	2.124e-07	2.138e-07	2.136e-07
68.5	2.188e-07	2.135e-07	2.124e-07	2.138e-07	2.136e-07
68.6	2.188e-07	2.135e-07	2.124e-07	2.138e-07	2.136e-07
68.7	2.188e-07	2.135e-07	2.124e-07	2.138e-07	2.136e-07
68.8	2.188e-07	2.135e-07	2.124e-07	2.138e-07	2.136e-07
68.9	2.188e-07	2.135e-07	2.124e-07	2.138e-07	2.136e-07
69	2.188e-07	2.134e-07	2.126e-07	2.138e-07	2.134e-07
69.1	2.188e-07	2.134e-07	2.126e-07	2.138e-07	2.134e-07
69.2	2.188e-07	2.134e-07	2.126e-07	2.138e-07	2.134e-07
69.3	2.188e-07	2.134e-07	2.126e-07	2.138e-07	2.134e-07
69.4	2.188e-07	2.134e-07	2.126e-07	2.138e-07	2.134e-07
69.5	2.188e-07	2.134e-07	2.126e-07	2.138e-07	2.134e-07
69.6	2.188e-07	2.134e-07	2.126e-07	2.138e-07	2.134e-07
69.7	2.188e-07	2.134e-07	2.126e-07	2.138e-07	2.134e-07
69.8	2.188e-07	2.134e-07	2.126e-07	2.138e-07	2.134e-07
69.9	2.188e-07	2.134e-07	2.126e-07	2.138e-07	2.134e-07
70	2.186e-07	2.133e-07	2.115e-07	2.127e-07	2.135e-07
70.1	2.186e-07	2.133e-07	2.115e-07	2.127e-07	2.135e-07
70.2	2.186e-07	2.133e-07	2.115e-07	2.127e-07	2.135e-07
70.3	2.186e-07	2.133e-07	2.115e-07	2.127e-07	2.135e-07
70.4	2.186e-07	2.133e-07	2.115e-07	2.127e-07	2.135e-07
70.5	2.186e-07	2.133e-07	2.115e-07	2.127e-07	2.135e-07
70.6	2.186e-07	2.133e-07	2.115e-07	2.127e-07	2.135e-07
70.7	2.186e-07	2.133e-07	2.115e-07	2.127e-07	2.135e-07
70.8	2.186e-07	2.133e-07	2.115e-07	2.127e-07	2.135e-07
70.9	2.186e-07	2.133e-07	2.115e-07	2.127e-07	2.135e-07
71	2.186e-07	2.133e-07	2.124e-07	2.126e-07	2.134e-07
71.1	2.186e-07	2.133e-07	2.124e-07	2.126e-07	2.134e-07
71.2	2.186e-07	2.133e-07	2.124e-07	2.126e-07	2.134e-07
71.3	2.186e-07	2.133e-07	2.124e-07	2.126e-07	2.134e-07
71.4	2.186e-07	2.133e-07	2.124e-07	2.126e-07	2.134e-07
71.5	2.186e-07	2.133e-07	2.124e-07	2.126e-07	2.134e-07
71.6	2.186e-07	2.133e-07	2.124e-07	2.126e-07	2.134e-07
71.7	2.186e-07	2.133e-07	2.124e-07	2.126e-07	2.134e-07
71.8	2.186e-07	2.133e-07	2.124e-07	2.126e-07	2.134e-07
71.9	2.186e-07	2.133e-07	2.124e-07	2.126e-07	2.134e-07
72	2.185e-07	2.144e-07	2.112e-07	2.126e-07	2.134e-07
72.1	2.185e-07	2.144e-07	2.112e-07	2.126e-07	2.134e-07
72.2	2.185e-07	2.144e-07	2.112e-07	2.126e-07	2.134e-07
72.3	2.185e-07	2.144e-07	2.112e-07	2.126e-07	2.134e-07
72.4	2.185e-07	2.144e-07	2.112e-07	2.126e-07	2.134e-07
72.5	2.185e-07	2.144e-07	2.112e-07	2.126e-07	2.134e-07
72.6	2.185e-07	2.144e-07	2.112e-07	2.126e-07	2.134e-07
72.7	2.185e-07	2.144e-07	2.112e-07	2.126e-07	2.134e-07
72.8	2.185e-07	2.144e-07	2.112e-07	2.126e-07	2.134e-07
72.9	2.185e-07	2.144e-07	2.112e-07	2.126e-07	2.134e-07
73	2.174e-07	2.131e-07	2.112e-07	2.136e-07	2.136e-07
73.1	2.174e-07	2.131e-07	2.112e-07	2.136e-07	2.136e-07
73.2	2.174e-07	2.131e-07	2.112e-07	2.136e-07	2.136e-07
73.3	2.174e-07	2.131e-07	2.112e-07	2.136e-07	2.136e-07
73.4	2.174e-07	2.131e-07	2.112e-07	2.136e-07	2.136e-07
73.5	2.174e-07	2.131e-07	2.112e-07	2.136e-07	2.136e-07
73.6	2.174e-07	2.131e-07	2.112e-07	2.136e-07	2.136e-07
73.7	2.174e-07	2.131e-07	2.112e-07	2.136e-07	2.136e-07
73.8	2.174e-07	2.131e-07	2.112e-07	2.136e-07	2.136e-07
73.9	2.174e-07	2.131e-07	2.112e-07	2.136e-07	2.136e-07
74	2.184e-07	2.13e-07	2.124e-07	2.123e-07	2.135e-07
74.1	2.184e-07	2.13e-07	2.124e-07	2.123e-07	2.135e-07
74.2	2.184e-07	2.13e-07	2.124e-07	2.123e-07	2.135e-07
74.3	2.184e-07	2.13e-07	2.124e-07	2.123e-07	2.135e-07
74.4	2.184e-07	2.13e-07	2.124e-07	2.123e-07	2.135e-07
74.5	2.184e-07	2.13e-07	2.124e-07	2.123e-07	2.135e-07
74.6	2.184e-07	2.13e-07	2.124e-07	2.123e-07	2.135e-07
74.7	2.184e-07	2.13e-07	2.124e-07	2.123e-07	2.135e-07
74.8	2.184e-07	2.13e-07	2.124e-07	2.123e-07	2.135e-07
74.9	2.184e-07	2.13e-07	2.124e-07	2.123e-07	2.135e-07
75	2.182e-07	2.118e-07	2.123e-07	2.124e-07	2.144e-07
75.1	2.182e-07	2.118e-07	2.123e-07	2.124e-07	2.144e-07
75.2	2.182e-07	2.118e-07	2.123e-07	2.124e-07	2.144e-07
75.3	2.182e-07	2.118e-07	2.123e-07	2.124e-07	2.144e-07
75.4	2.182e-07	2.118e-07	2.123e-07	2.124e-07	2.144e-07
75.5	2.182e-07	2.118e-07	2.123e-07	2.124e-07	2.144e-07
75.6	2.182e-07	2.118e-07	2.123e-07	2.124e-07	2.144e-07
75.7	2.182e-07	2.118e-07	2.123e-07	2.124e-07	2.144e-07
75.8	2.182e-07	2.118e-07	2.123e-07	2.124e-07	2.144e-07
75.9	2.182e-07	2.118e-07	2.123e-07	2.124e-07	2.144e-07
76	2.193e-07	2.128e-07	2.123e-07	2.136e-07	2.132e-07
76.1	2.193e-07	2.128e-07	2.123e-07	2.136e-07	2.132e-07
76.2	2.193e-07	2.128e-07	2.123e-07	2.136e-07	2.132e-07
76.3	2.193e-07	2.128e-07	2.123e-07	2.136e-07	2.132e-07
76.4	2.193e-07	2.128e-07	2.123e-07	2.136e-07	2.132e-07
76.5	2.193e-07	2.128e-07	2.123e-07	2.136e-07	2.132e-07
76.6	2.193e-07	2.128e-07	2.123e-07	2.136e-07	2.132e-07
76.7	2.193e-07	2.128e-07	2.123e-07	2.136e-07	2.132e-07
76.8	2.193e-07	2.128e-07	2.123e-07	2.136e-07	2.132e-07
76.9	2.193e-07	2.128e-07	2.123e-07	2.136e-07	2.132e-07
77	2.171e-07	2.129e-07	2.123e-07	2.136e-07	2.132e-07
77.1	2.171e-07	2.129e-07	2.123e-07	2.136e-07	2.132e-07
77.2	2.171e-07	2.129e-07	2.123e-07	2.136e-07	2.132e-07
77.3	2.171e-07	2.129e-07	2.123e-07	2.136e-07	2.132e-07
77.4	2.171e-07	2.129e-07	2.123e-07	2.136e-07	2.132e-07
77.5	2.171e-07	2.129e-07	2.123e-07	2.136e-07	2.132e-07
77.6	2.171e-07	2.129e-07	2.123e-07	2.136e-07	2.132e-07
77.7	2.171e-07	2.129e-07	2.123e-07	2.136e-07	2.132e-07
77.8	2.171e-07	2.129e-07	2.123e-07	2.136e-07	2.132e-07
77.9	2.171e-07	2.129e-07	2.123e-07	2.136e-07	2.132e-07
78	2.17e-07	2.117e-07	2.111e-07	2.151e-07	2.142e-07
78.1	2.17e-07	2.117e-07	2.111e-07	2.151e-07	2.142e-07
78.2	2.17e-07	2.117e-07	2.111e-07	2.151e-07	2.142e-07
78.3	2.17e-07	2.117e-07	2.111e-07	2.151e-07	2.142e-07
78.4	2.17e-07	2.117e-07	2.111e-07	2.151e-07	2.142e-07
78.5	2.17e-07	2.117e-07	2.111e-07	2.151e-07	2.142e-07
78.6	2.17e-07	2.117e-07	2.111e-07	2.151e-07	2.142e-07
78.7	2.17e-07	2.117e-07	2.111e-07	2.151e-07	2.142e-07
78.8	2.17e-07	2.117e-07	2.111e-07	2.151e-07	2.142e-07
78.9	2.17e-07	2.117e-07	2.111e-07	2.151e-07	2.142e-07
79	2.181e-07	2.118e-07	2.101e-07	2.136e-07	2.133e-07
79.1	2.181e-07	2.118e-07	2.101e-07	2.136e-07	2.133e-07
79.2	2.181e-07	2.118e-07	2.101e-07	2.136e-07	2.133e-07
79.3	2.181e-07	2.118e-07	2.101e-07	2.136e-07	2.133e-07
79.4	2.181e-07	2.118e-07	2.101e-07	2.136e-07	2.133e-07
79.5	2.181e-07	2.118e-07	2.101e-07	2.136e-07	2.133e-07
79.6	2.181e-07	2.118e-07	2.101e-07	2.136e-07	2.133e-07
79.7	2.181e-07	2.118e-07	2.101e-07	2.136e-07	2.133e-07
79.8	2.181e-07	2.118e-07	2.101e-07	2.136e-07	2.133e-07
79.9	2.181e-07	2.118e-07	2.101e-07	2.136e-07	2.133e-07
80	2.179e-07	2.14e-07	2.122e-07	2.128e-07	2.132e-07
80.1	2.179e-07	2.14e-07	2.122e-07	2.128e-07	2.132e-07
80.2	2.179e-07	2.14e-07	2.122e-07	2.128e-07	2.132e-07
80.3	2.179e-07	2.14e-07	2.122e-07	2.128e-07	2.132e-07
80.4	2.179e-07	2.14e-07	2.122e-07	2.128e-07	2.132e-07
80.5	2.179e-07	2.14e-07	2.122e-07	2.128e-07	2.132e-07
80.6	2.179e-07	2.14e-07	2.122e-07	2.128e-07	2.132e-07
80.7	2.179e-07	2.14e-07	2.122e-07	2.128e-07	2.132e-07
80.8	2.179e-07	2.14e-07	2.122e-07	2.128e-07	2.132e-07
80.9	2.179e-07	2.14e-07	2.122e-07	2.128e-07	2.132e-07
81	2.156e-07	2.128e-07	2.121e-07	2.147e-07	2.142e-07
81.1	2.156e-07	2.128e-07	2.121e-07	2.147e-07	2.142e-07
81.2	2.156e-07	2.128e-07	2.121e-07	2.147e-07	2.142e-07
81.3	2.156e-07	2.128e-07	2.121e-07	2.147e-07	2.142e-07
81.4	2.156e-07	2.128e-07	2.121e-07	2.147e-07	2.142e-07
81.5	2.156e-07	2.128e-07	2.121e-07	2.147e-07	2.142e-07
81.6	2.156e-07	2.128e-07	2.121e-07	2.147e-07	2.142e-07
81.7	2.156e-07	2.128e-07	2.121e-07	2.147e-07	2.142e-07
81.8	2.156e-07	2.128e-07	2.121e-07	2.147e-07	2.142e-07
81.9	2.156e-07	2.128e-07	2.121e-07	2.147e-07	2.142e-07
82	2.177e-07	2.128e-07	2.123e-07	2.136e-07	2.133e-07
82.1	2.177e-07	2.128e-07	2.123e-07	2.136e-07	2.133e-07
82.2	2.177e-07	2.128e-07	2.123e-07	2.136e-07	2.133e-07
82.3	2.177e-07	2.128e-07	2.123e-07	2.136e-07	2.133e-07
82.4	2.177e-07	2.128e-07	2.123e-07	2.136e-07	2.133e-07
82.5	2.177e-07	2.128e-07	2.123e-07	2.136e-07	2.133e-07
82.6	2.177e-07	2.128e-07	2.123e-07	2.136e-07	2.133e-07
82.7	2.177e-07	2.128e-07	2.123e-07	2.136e-07	2.133e-07
82.8	2.177e-07	2.128e-07	2.123e-07	2.136e-07	2.133e-07
82.9	2.177e-07	2.128e-07	2.123e-07	2.136e-07	2.133e-07
83	2.178e-07	2.128e-07	2.123e-07	2.123e-07	2.154e-07
83.1	2.178e-07	2.128e-07	2.123e-07	2.123e-07	2.154e-07
83.2	2.178e-07	2.128e-07	2.123e-07	2.123e-07	2.154e-07
83.3	2.178e-07	2.128e-07	2.123e-07	2.123e-07	2.154e-07
83.4	2.178e-07	2.128e-07	2.123e-07	2.123e-07	2.154e-07
83.5	2.178e-07	2.128e-07	2.123e-07	2.123e-07	2.154e-07
83.6	2.178e-07	2.128e-07	2.123e-07	2.123e-07	2.154e-07
83.7	2.178e-07	2.128e-07	2.123e-07	2.123e-07	2.154e-07
83.8	2.178e-07	2.128e-07	2.123e-07	2.123e-07	2.154e-07
83.9	2.178e-07	2.128e-07	2.123e-07	2.123e-07	2.154e-07
84	2.176e-07	2.138e-07	2.121e-07	2.135e-07	2.153e-07
84.1	2.176e-07	2.138e-07	2.121e-07	2.135e-07	2.153e-07
84.2	2.176e-07	2.138e-07	2.121e-07	2.135e-07	2.153e-07
84.3	2.176e-07	2.138e-07	2.121e-07	2.135e-07	2.153e-07
84.4	2.176e-07	2.138e-07	2.121e-07	2.135e-07	2.153e-07
84.5	2.176e-07	2.138e-07	2.121e-07	2.135e-07	2.153e-07
84.6	2.176e-07	2.138e-07	2.121e-07	2.135e-07	2.153e-07
84.7	2.176e-07	2.138e-07	2.121e-07	2.135e-07	2.153e-07
84.8	2.176e-07	2.138e-07	2.121e-07	2.135e-07	2.153e-07
84.9	2.176e-07	2.138e-07	2.121e-07	2.135e-07	2.153e-07
85	2.176e-07	2.115e-07	2.121e-07	2.124e-07	2.133e-07
85.1	2.176e-07	2.115e-07	2.121e-07	2.124e-07	2.133e-07
85.2	2.176e-07	2.115e-07	2.121e-07	2.124e-07	2.133e-07
85.3	2.176e-07	2.115e-07	2.121e-07	2.124e-07	2.133e-07
85.4	2.176e-07	2.115e-07	2.121e-07	2.124e-07	2.133e-07
85.5	2.176e-07	2.115e-07	2.121e-07	2.124e-07	2.133e-07
85.6	2.176e-07	2.115e-07	2.121e-07	2.124e-07	2.133e-07
85.7	2.176e-07	2.115e-07	2.121e-07	2.124e-07	2.133e-07
85.8	2.176e-07	2.115e-07	2.121e-07	2.124e-07	2.133e-07
85.9	2.176e-07	2.115e-07	2.121e-07	2.124e-07	2.133e-07
86	2.176e-07	2.129e-07	2.111e-07	2.135e-07	2.132e-07
86.1	2.176e-07	2.129e-07	2.111e-07	2.135e-07	2.132e-07
86.2	2.176e-07	2.129e-07	2.111e-07	2.135e-07	2.132e-07
86.3	2.176e-07	2.129e-07	2.111e-07	2.135e-07	2.132e-07
86.4	2.176e-07	2.129e-07	2.111e-07	2.135e-07	2.132e-07
86.5	2.176e-07	2.129e-07	2.111e-07	2.135e-07	2.132e-07
86.6	2.176e-07	2.129e-07	2.111e-07	2.135e-07	2.132e-07
86.7	2.176e-07	2.129e-07	2.111e-07	2.135e-07	2.132e-07
86.8	2.176e-07	2.129e-07	2.111e-07	2.135e-07	2.132e-07
86.9	2.176e-07	2.129e-07	2.111e-07	2.135e-07	2.132e-07
87	2.176e-07	2.128e-07	2.121e-07	2.136e-07	2.143e-07
87.1	2.176e-07	2.128e-07	2.121e-07	2.136e-07	2.143e-07
87.2	2.176e-07	2.128e-07	2.121e-07	2.136e-07	2.143e-07
87.3	2.176e-07	2.128e-07	2.121e-07	2.136e-07	2.143e-07
87.4	2.176e-07	2.128e-07	2.121e-07	2.136e-07	2.143e-07
87.5	2.176e-07	2.128e-07	2.121e-07	2.136e-07	2.143e-07
87.6	2.176e-07	2.128e-07	2.121e-07	2.136e-07	2.143e-07
87.7	2.176e-07	2.128e-07	2.121e-07	2.136e-07	2.143e-07
87.8	2.176e-07	2.128e-07	2.121e-07	2.136e-07	2.143e-07
87.9	2.176e-07	2.128e-07	2.121e-07	2.136e-07	2.143e-07
88	2.166e-07	2.139e-07	2.121e-07	2.125e-07	2.134e-07
88.1	2.166e-07	2.139e-07	2.121e-07	2.125e-07	2.134e-07
88.2	2.166e-07	2.139e-07	2.121e-07	2.125e-07	2.134e-07
88.3	2.166e-07	2.139e-07	2.121e-07	2.125e-07	2.134e-07
88.4	2.166e-07	2.139e-07	2.121e-07	2.125e-07	2.134e-07
88.5	2.166e-07	2.139e-07	2.121e-07	2.125e-07	2.134e-07
88.6	2.166e-07	2.139e-07	2.121e-07	2.125e-07	2.134e-07
88.7	2.166e-07	2.139e-07	2.121e-07	2.125e-07	2.134e-07
88.8	2.166e-07	2.139e-07	2.121e-07	2.125e-07	2.134e-07
88.9	2.166e-07	2.139e-07	2.121e-07	2.125e-07	2.134e-07
89	2.165e-07	2.139e-07	2.122e-07	2.135e-07	2.134e-07
89.1	2.165e-07	2.139e-07	2.122e-07	2.135e-07	2.134e-07
89.2	2.165e-07	2.139e-07	2.122e-07	2.135e-07	2.134e-07
89.3	2.165e-07	2.139e-07	2.122e-07	2.135e-07	2.134e-07
89.4	2.165e-07	2.139e-07	2.122e-07	2.135e-07	2.134e-07
89.5	2.165e-07	2.139e-07	2.122e-07	2.135e-07	2.134e-07
89.6	2.165e-07	2.139e-07	2.122e-07	2.135e-07	2.134e-07
89.7	2.165e-07	2.139e-07	2.122e-07	2.135e-07	2.134e-07
89.8	2.165e-07	2.139e-07	2.122e-07	2.135e-07	2.134e-07
89.9	2.165e-07	2.139e-07	2.122e-07	2.135e-07	2.134e-07
90	2.164e-07	2.117e-07	2.132e-07	2.133e-07	2.133e-07
90.1	2.164e-07	2.117e-07	2.132e-07	2.133e-07	2.133e-07
90.2	2.164e-07	2.117e-07	2.132e-07	2.133e-07	2.133e-07
90.3	2.164e-07	2.117e-07	2.132e-07	2.133e-07	2.133e-07
90.4	2.164e-07	2.117e-07	2.132e-07	2.133e-07	2.133e-07
90.5	2.164e-07	2.117e-07	2.132e-07	2.133e-07	2.133e-07
90.6	2.164e-07	2.117e-07	2.132e-07	2.133e-07	2.133e-07
90.7	2.164e-07	2.117e-07	2.132e-07	2.133e-07	2.133e-07
90.8	2.164e-07	2.117e-07	2.132e-07	2.133e-07	2.133e-07
90.9	2.164e-07	2.117e-07	2.132e-07	2.133e-07	2.133e-07
91	2.185e-07	2.128e-07	2.121e-07	2.136e-07	2.134e-07
91.1	2.185e-07	2.128e-07	2.121e-07	2.136e-07	2.134e-07
91.2	2.185e-07	2.128e-07	2.121e-07	2.136e-07	2.134e-07
91.3	2.185e-07	2.128e-07	2.121e-07	2.136e-07	2.134e-07
91.4	2.185e-07	2.128e-07	2.121e-07	2.136e-07	2.134e-07
91.5	2.185e-07	2.128e-07	2.121e-07	2.136e-07	2.134e-07
91.6	2.185e-07	2.128e-07	2.121e-07	2.136e-07	2.134e-07
91.7	2.185e-07	2.128e-07	2.121e-07	2.136e-07	2.134e-07
91.8	2.185e-07	2.128e-07	2.121e-07	2.136e-07	2.134e-07
91.9	2.185e-07	2.128e-07	2.121e-07	2.136e-07	2.134e-07
92	2.174e-07	2.139e-07	2.12e-07	2.125e-07	2.134e-07
92.1	2.174e-07	2.139e-07	2.12e-07	2.125e-07	2.134e-07
92.2	2.174e-07	2.139e-07	2.12e-07	2.125e-07	2.134e-07
92.3	2.174e-07	2.139e-07	2.12e-07	2.125e-07	2.134e-07
92.4	2.174e-07	2.139e-07	2.12e-07	2.125e-07	2.134e-07
92.5	2.174e-07	2.139e-07	2.12e-07	2.125e-07	2.134e-07
92.6	2.174e-07	2.139e-07	2.12e-07	2.125e-07	2.134e-07
92.7	2.174e-07	2.139e-07	2.12e-07	2.125e-07	2.134e-07
92.8	2.174e-07	2.139e-07	2.12e-07	2.125e-07	2.134e-07
92.9	2.174e-07	2.139e-07	2.12e-07	2.125e-07	2.134e-07
93	2.161e-07	2.115e-07	2.121e-07	2.133e-07	2.135e-07
93.1	2.161e-07	2.115e-07	2.121e-07	2.133e-07	2.135e-07
93.2	2.161e-07	2.115e-07	2.121e-07	2.133e-07	2.135e-07
93.3	2.161e-07	2.115e-07	2.121e-07	2.133e-07	2.135e-07
93.4	2.161e-07	2.115e-07	2.121e-07	2.133e-07	2.135e-07
93.5	2.161e-07	2.115e-07	2.121e-07	2.133e-07	2.135e-07
93.6	2.161e-07	2.115e-07	2.121e-07	2.133e-07	2.135e-07
93.7	2.161e-07	2.115e-07	2.121e-07	2.133e-07	2.135e-07
93.8	2.161e-07	2.115e-07	2.121e-07	2.133e-07	2.135e-07
93.9	2.161e-07	2.115e-07	2.121e-07	2.133e-07	2.135e-07
94	2.171e-07	2.127e-07	2.12e-07	2.123e-07	2.136e-07
94.1	2.171e-07	2.127e-07	2.12e-07	2.123e-07	2.136e-07
94.2	2.171e-07	2.127e-07	2.12e-07	2.123e-07	2.136e-07
94.3	2.171e-07	2.127e-07	2.12e-07	2.123e-07	2.136e-07
94.4	2.171e-07	2.127e-07	2.12e-07	2.123e-07	2.136e-07
94.5	2.171e-07	2.127e-07	2.12e-07	2.123e-07	2.136e-07
94.6	2.171e-07	2.127e-07	2.12e-07	2.123e-07	2.136e-07
94.7	2.171e-07	2.127e-07	2.12e-07	2.123e-07	2.136e-07
94.8	2.171e-07	2.127e-07	2.12e-07	2.123e-07	2.136e-07
94.9	2.171e-07	2.127e-07	2.12e-07	2.123e-07	2.136e-07
95	2.169e-07	2.114e-07	2.119e-07	2.135e-07	2.125e-07
95.1	2.169e-07	2.114e-07	2.119e-07	2.135e-07	2.125e-07
95.2	2.169e-07	2.114e-07	2.119e-07	2.135e-07	2.125e-07
95.3	2.169e-07	2.114e-07	2.119e-07	2.135e-07	2.125e-07
95.4	2.169e-07	2.114e-07	2.119e-07	2.135e-07	2.125e-07
95.5	2.169e-07	2.114e-07	2.119e-07	2.135e-07	2.125e-07
95.6	2.169e-07	2.114e-07	2.119e-07	2.135e-07	2.125e-07
95.7	2.169e-07	2.114e-07	2.119e-07	2.135e-07	2.125e-07
95.8	2.169e-07	2.114e-07	2.119e-07	2.135e-07	2.125e-07
95.9	2.169e-07	2.114e-07	2.119e-07	2.135e-07	2.125e-07
96	2.169e-07	2.115e-07	2.129e-07	2.124e-07	2.136e-07
96.1	2.169e-07	2.115e-07	2.129e-07	2.124e-07	2.136e-07
96.2	2.169e-07	2.115e-07	2.129e-07	2.124e-07	2.136e-07
96.3	2.169e-07	2.115e-07	2.129e-07	2.124e-07	2.136e-07
96.4	2.169e-07	2.115e-07	2.129e-07	2.124e-07	2.136e-07
96.5	2.169e-07	2.115e-07	2.129e-07	2.124e-07	2.136e-07
96.6	2.169e-07	2.115e-07	2.129e-07	2.124e-07	2.136e-07
96.7	2.169e-07	2.115e-07	2.129e-07	2.124e-07	2.136e-07
96.8	2.169e-07	2.115e-07	2.129e-07	2.124e-07	2.136e-07
96.9	2.169e-07	2.115e-07	2.129e-07	2.124e-07	2.136e-07
97	2.168e-07	2.138e-07	2.118e-07	2.135e-07	2.136e-07
97.1	2.168e-07	2.138e-07	2.118e-07	2.135e-07	2.136e-07
97.2	2.168e-07	2.138e-07	2.118e-07	2.135e-07	2.136e-07
97.3	2.168e-07	2.138e-07	2.118e-07	2.135e-07	2.136e-07
97.4	2.168e-07	2.138e-07	2.118e-07	2.135e-07	2.136e-07
97.5	2.168e-07	2.138e-07	2.118e-07	2.135e-07	2.136e-07
97.6	2.168e-07	2.138e-07	2.118e-07	2.135e-07	2.136e-07
97.7	2.168e-07	2.138e-07	2.118e-07	2.135e-07	2.136e-07
97.8	2.168e-07	2.138e-07	2.118e-07	2.135e-07	2.136e-07
97.9	2.168e-07	2.138e-07	2.118e-07	2.135e-07	2.136e-07
98	2.168e-07	2.116e-07	2.107e-07	2.124e-07	2.136e-07
98.1	2.168e-07	2.116e-07	2.107e-07	2.124e-07	2.136e-07
98.2	2.168e-07	2.116e-07	2.107e-07	2.124e-07	2.136e-07
98.3	2.168e-07	2.116e-07	2.107e-07	2.124e-07	2.136e-07
98.4	2.168e-07	2.116e-07	2.107e-07	2.124e-07	2.136e-07
98.5	2.168e-07	2.116e-07	2.107e-07	2.124e-07	2.136e-07
98.6	2.168e-07	2.116e-07	2.107e-07	2.124e-07	2.136e-07
98.7	2.168e-07	2.116e-07	2.107e-07	2.124e-07	2.136e-07
98.8	2.168e-07	2.116e-07	2.107e-07	2.124e-07	2.136e-07
98.9	2.168e-07	2.116e-07	2.107e-07	2.124e-07	2.136e-07
99	2.168e-07	2.126e-07	2.129e-07	2.135e-07	2.137e-07
99.1	2.168e-07	2.126e-07	2.129e-07	2.135e-07	2.137e-07
99.2	2.168e-07	2.126e-07	2.129e-07	2.135e-07	2.137e-07
99.3	2.168e-07	2.126e-07	2.129e-07	2.135e-07	2.137e-07
99.4	2.168e-07	2.126e-07	2.129e-07	2.135e-07	2.137e-07
99.5	2.168e-07	2.126e-07	2.129e-07	2.135e-07	2.137e-07
99.6	2.168e-07	2.126e-07	2.129e-07	2.135e-07	2.137e-07
99.7	2.168e-07	2.126e-07	2.129e-07	2.135e-07	2.137e-07
99.8	2.168e-07	2.126e-07	2.129e-07	2.135e-07	2.137e-07
99.9	2.168e-07	2.126e-07	2.129e-07	2.135e-07	2.137e-07
100	2.166e-07	2.125e-07	2.117e-07	2.135e-07	2.147e-07
100.1	2.166e-07	2.125e-07	2.117e-07	2.135e-07	2.147e-07
100.2	2.166e-07	2.125e-07	2.117e-07	2.135e-07	2.147e-07
100.3	2.166e-07	2.125e-07	2.117e-07	2.135e-07	2.147e-07
100.4	2.166e-07	2.125e-07	2.117e-07	2.135e-07	2.147e-07
100.5	2.166e-07	2.125e-07	2.117e-07	2.135e-07	2.147e-07
100.6	2.166e-07	2.125e-07	2.117e-07	2.135e-07	2.147e-07
100.7	2.166e-07	2.125e-07	2.117e-07	2.135e-07	2.147e-07
100.8	2.166e-07	2.125e-07	2.117e-07	2.135e-07	2.147e-07
100.9	2.166e-07	2.125e-07	2.117e-07	2.135e-07	2.147e-07
101	2.167e-07	2.124e-07	2.117e-07	2.144e-07	2.137e-07
101.1	2.167e-07	2.124e-07	2.117e-07	2.144e-07	2.137e-07
101.2	2.167e-07	2.124e-07	2.117e-07	2.144e-07	2.137e-07
101.3	2.167e-07	2.124e-07	2.117e-07	2.144e-07	2.137e-07
101.4	2.167e-07	2.124e-07	2.117e-07	2.144e-07	2.137e-07
101.5	2.167e-07	2.124e-07	2.117e-07	2.144e-07	2.137e-07
101.6	2.167e-07	2.124e-07	2.117e-07	2.144e-07	2.137e-07
101.7	2.167e-07	2.124e-07	2.117e-07	2.144e-07	2.137e-07
101.8	2.167e-07	2.124e-07	2.117e-07	2.144e-07	2.137e-07
101.9	2.167e-07	2.124e-07	2.117e-07	2.144e-07	2.137e-07
102	2.167e-07	2.136e-07	2.106e-07	2.125e-07	2.135e-07
102.1	2.167e-07	2.136e-07	2.106e-07	2.125e-07	2.135e-07
102.2	2.167e-07	2.136e-07	2.106e-07	2.125e-07	2.135e-07
102.3	2.167e-07	2.136e-07	2.106e-07	2.125e-07	2.135e-07
102.4	2.167e-07	2.136e-07	2.106e-07	2.125e-07	2.135e-07
102.5	2.167e-07	2.136e-07	2.106e-07	2.125e-07	2.135e-07
102.6	2.167e-07	2.136e-07	2.106e-07	2.125e-07	2.135e-07
102.7	2.167e-07	2.136e-07	2.106e-07	2.125e-07	2.135e-07
102.8	2.167e-07	2.136e-07	2.106e-07	2.125e-07	2.135e-07
102.9	2.167e-07	2.136e-07	2.106e-07	2.125e-07	2.135e-07
103	2.166e-07	2.124e-07	2.116e-07	2.134e-07	2.137e-07
103.1	2.166e-07	2.124e-07	2.116e-07	2.134e-07	2.137e-07
103.2	2.166e-07	2.124e-07	2.116e-07	2.134e-07	2.137e-07
103.3	2.166e-07	2.124e-07	2.116e-07	2.134e-07	2.137e-07
103.4	2.166e-07	2.124e-07	2.116e-07	2.134e-07	2.137e-07
103.5	2.166e-07	2.124e-07	2.116e-07	2.134e-07	2.137e-07
103.6	2.166e-07	2.124e-07	2.116e-07	2.134e-07	2.137e-07
103.7	2.166e-07	2.124e-07	2.116e-07	2.134e-07	2.137e-07
103.8	2.166e-07	2.124e-07	2.116e-07	2.134e-07	2.137e-07
103.9	2.166e-07	2.124e-07	2.116e-07	2.134e-07	2.137e-07
104	2.153e-07	2.124e-07	2.115e-07	2.133e-07	2.135e-07
104.1	2.153e-07	2.124e-07	2.115e-07	2.133e-07	2.135e-07
104.2	2.153e-07	2.124e-07	2.115e-07	2.133e-07	2.135e-07
104.3	2.153e-07	2.124e-07	2.115e-07	2.133e-07	2.135e-07
104.4	2.153e-07	2.124e-07	2.115e-07	2.133e-07	2.135e-07
104.5	2.153e-07	2.124e-07	2.115e-07	2.133e-07	2.135e-07
104.6	2.153e-07	2.124e-07	2.115e-07	2.133e-07	2.135e-07
104.7	2.153e-07	2.124e-07	2.115e-07	2.133e-07	2.135e-07
104.8	2.153e-07	2.124e-07	2.115e-07	2.133e-07	2.135e-07
104.9	2.153e-07	2.124e-07	2.115e-07	2.133e-07	2.135e-07
105	2.175e-07	2.125e-07	2.138e-07	2.122e-07	2.135e-07
105.1	2.175e-07	2.125e-07	2.138e-07	2.122e-07	2.135e-07
105.2	2.175e-07	2.125e-07	2.138e-07	2.122e-07	2.135e-07
105.3	2.175e-07	2.125e-07	2.138e-07	2.122e-07	2.135e-07
105.4	2.175e-07	2.125e-07	2.138e-07	2.122e-07	2.135e-07
105.5	2.175e-07	2.125e-07	2.138e-07	2.122e-07	2.135e-07
105.6	2.175e-07	2.125e-07	2.138e-07	2.122e-07	2.135e-07
105.7	2.175e-07	2.125e-07	2.138e-07	2.122e-07	2.135e-07
105.8	2.175e-07	2.125e-07	2.138e-07	2.122e-07	2.135e-07
105.9	2.175e-07	2.125e-07	2.138e-07	2.122e-07	2.135e-07
106	2.163e-07	2.135e-07	2.127e-07	2.132e-07	2.134e-07
106.1	2.163e-07	2.135e-07	2.127e-07	2.132e-07	2.134e-07
106.2	2.163e-07	2.135e-07	2.127e-07	2.132e-07	2.134e-07
106.3	2.163e-07	2.135e-07	2.127e-07	2.132e-07	2.134e-07
106.4	2.163e-07	2.135e-07	2.127e-07	2.132e-07	2.134e-07
106.5	2.163e-07	2.135e-07	2.127e-07	2.132e-07	2.134e-07
106.6	2.163e-07	2.135e-07	2.127e-07	2.132e-07	2.134e-07
106.7	2.163e-07	2.135e-07	2.127e-07	2.132e-07	2.134e-07
106.8	2.163e-07	2.135e-07	2.127e-07	2.132e-07	2.134e-07
106.9	2.163e-07	2.135e-07	2.127e-07	2.132e-07	2.134e-07
107	2.151e-07	2.114e-07	2.117e-07	2.133e-07	2.145e-07
107.1	2.151e-07	2.114e-07	2.117e-07	2.133e-07	2.145e-07
107.2	2.151e-07	2.114e-07	2.117e-07	2.133e-07	2.145e-07
107.3	2.151e-07	2.114e-07	2.117e-07	2.133e-07	2.145e-07
107.4	2.151e-07	2.114e-07	2.117e-07	2.133e-07	2.145e-07
107.5	2.151e-07	2.114e-07	2.117e-07	2.133e-07	2.145e-07
107.6	2.151e-07	2.114e-07	2.117e-07	2.133e-07	2.145e-07
107.7	2.151e-07	2.114e-07	2.117e-07	2.133e-07	2.145e-07
107.8	2.151e-07	2.114e-07	2.117e-07	2.133e-07	2.145e-07
107.9	2.151e-07	2.114e-07	2.117e-07	2.133e-07	2.145e-07
108	2.173e-07	2.125e-07	2.116e-07	2.133e-07	2.146e-07
108.1	2.173e-07	2.125e-07	2.116e-07	2.133e-07	2.146e-07
108.2	2.173e-07	2.125e-07	2.116e-07	2.133e-07	2.146e-07
108.3	2.173e-07	2.125e-07	2.116e-07	2.133e-07	2.146e-07
108.4	2.173e-07	2.125e-07	2.116e-07	2.133e-07	2.146e-07
108.5	2.173e-07	2.125e-07	2.116e-07	2.133e-07	2.146e-07
108.6	2.173e-07	2.125e-07	2.116e-07	2.133e-07	2.146e-07
108.7	2.173e-07	2.125e-07	2.116e-07	2.133e-07	2.146e-07
108.8	2.173e-07	2.125e-07	2.116e-07	2.133e-07	2.146e-07
108.9	2.173e-07	2.125e-07	2.116e-07	2.133e-07	2.146e-07
109	2.161e-07	2.124e-07	2.109e-07	2.133e-07	2.147e-07
109.1	2.161e-07	2.124e-07	2.109e-07	2.133e-07	2.147e-07
109.2	2.161e-07	2.124e-07	2.109e-07	2.133e-07	2.147e-07
109.3	2.161e-07	2.124e-07	2.109e-07	2.133e-07	2.147e-07
109.4	2.161e-07	2.124e-07	2.109e-07	2.133e-07	2.147e-07
109.5	2.161e-07	2.124e-07	2.109e-07	2.133e-07	2.147e-07
109.6	2.161e-07	2.124e-07	2.109e-07	2.133e-07	2.147e-07
109.7	2.161e-07	2.124e-07	2.109e-07	2.133e-07	2.147e-07
109.8	2.161e-07	2.124e-07	2.109e-07	2.133e-07	2.147e-07
109.9	2.161e-07	2.124e-07	2.109e-07	2.133e-07	2.147e-07
110	2.161e-07	2.124e-07	2.108e-07	2.135e-07	2.145e-07
110.1	2.161e-07	2.124e-07	2.108e-07	2.135e-07	2.145e-07
110.2	2.161e-07	2.124e-07	2.108e-07	2.135e-07	2.145e-07
110.3	2.161e-07	2.124e-07	2.108e-07	2.135e-07	2.145e-07
110.4	2.161e-07	2.124e-07	2.108e-07	2.135e-07	2.145e-07
110.5	2.161e-07	2.124e-07	2.108e-07	2.135e-07	2.145e-07
110.6	2.161e-07	2.124e-07	2.108e-07	2.135e-07	2.145e-07
110.7	2.161e-07	2.124e-07	2.108e-07	2.135e-07	2.145e-07
110.8	2.161e-07	2.124e-07	2.108e-07	2.135e-07	2.145e-07
110.9	2.161e-07	2.124e-07	2.108e-07	2.135e-07	2.145e-07
111	2.16e-07	2.125e-07	2.117e-07	2.146e-07	2.147e-07
111.1	2.16e-07	2.125e-07	2.117e-07	2.146e-07	2.147e-07
111.2	2.16e-07	2.125e-07	2.117e-07	2.146e-07	2.147e-07
111.3	2.16e-07	2.125e-07	2.117e-07	2.146e-07	2.147e-07
111.4	2.16e-07	2.125e-07	2.117e-07	2.146e-07	2.147e-07
111.5	2.16e-07	2.125e-07	2.117e-07	2.146e-07	2.147e-07
111.6	2.16e-07	2.125e-07	2.117e-07	2.146e-07	2.147e-07
111.7	2.16e-07	2.125e-07	2.117e-07	2.146e-07	2.147e-07
111.8	2.16e-07	2.125e-07	2.117e-07	2.146e-07	2.147e-07
111.9	2.16e-07	2.125e-07	2.117e-07	2.146e-07	2.147e-07
112	2.148e-07	2.124e-07	2.118e-07	2.124e-07	2.147e-07
112.1	2.148e-07	2.124e-07	2.118e-07	2.124e-07	2.147e-07
112.2	2.148e-07	2.124e-07	2.118e-07	2.124e-07	2.147e-07
112.3	2.148e-07	2.124e-07	2.118e-07	2.124e-07	2.147e-07
112.4	2.148e-07	2.124e-07	2.118e-07	2.124e-07	2.147e-07
112.5	2.148e-07	2.124e-07	2.118e-07	2.124e-07	2.147e-07
112.6	2.148e-07	2.124e-07	2.118e-07	2.124e-07	2.147e-07
112.7	2.148e-07	2.124e-07	2.118e-07	2.124e-07	2.147e-07
112.8	2.148e-07	2.124e-07	2.118e-07	2.124e-07	2.147e-07
112.9	2.148e-07	2.124e-07	2.118e-07	2.124e-07	2.147e-07
113	2.168e-07	2.124e-07	2.117e-07	2.113e-07	2.136e-07
113.1	2.168e-07	2.124e-07	2.117e-07	2.113e-07	2.136e-07
113.2	2.168e-07	2.124e-07	2.117e-07	2.113e-07	2.136e-07
113.3	2.168e-07	2.124e-07	2.117e-07	2.113e-07	2.136e-07
113.4	2.168e-07	2.124e-07	2.117e-07	2.113e-07	2.136e-07
113.5	2.168e-07	2.124e-07	2.117e-07	2.113e-07	2.136e-07
113.6	2.168e-07	2.124e-07	2.117e-07	2.113e-07	2.136e-07
113.7	2.168e-07	2.124e-07	2.117e-07	2.113e-07	2.136e-07
113.8	2.168e-07	2.124e-07	2.117e-07	2.113e-07	2.136e-07
113.9	2.168e-07	2.124e-07	2.117e-07	2.113e-07	2.136e-07
114	2.147e-07	2.135e-07	2.138e-07	2.135e-07	2.146e-07
114.1	2.147e-07	2.135e-07	2.138e-07	2.135e-07	2.146e-07
114.2	2.147e-07	2.135e-07	2.138e-07	2.135e-07	2.146e-07
114.3	2.147e-07	2.135e-07	2.138e-07	2.135e-07	2.146e-07
114.4	2.147e-07	2.135e-07	2.138e-07	2.135e-07	2.146e-07
114.5	2.147e-07	2.135e-07	2.138e-07	2.135e-07	2.146e-07
114.6	2.147e-07	2.135e-07	2.138e-07	2.135e-07	2.146e-07
114.7	2.147e-07	2.135e-07	2.138e-07	2.135e-07	2.146e-07
114.8	2.147e-07	2.135e-07	2.138e-07	2.135e-07	2.146e-07
114.9	2.147e-07	2.135e-07	2.138e-07	2.135e-07	2.146e-07
115	2.156e-07	2.124e-07	2.114e-07	2.135e-07	2.168e-07
115.1	2.156e-07	2.124e-07	2.114e-07	2.135e-07	2.168e-07
115.2	2.156e-07	2.124e-07	2.114e-07	2.135e-07	2.168e-07
115.3	2.156e-07	2.124e-07	2.114e-07	2.135e-07	2.168e-07
115.4	2.156e-07	2.124e-07	2.114e-07	2.135e-07	2.168e-07
115.5	2.156e-07	2.124e-07	2.114e-07	2.135e-07	2.168e-07
115.6	2.156e-07	2.124e-07	2.114e-07	2.135e-07	2.168e-07
115.7	2.156e-07	2.124e-07	2.114e-07	2.135e-07	2.168e-07
115.8	2.156e-07	2.124e-07	2.114e-07	2.135e-07	2.168e-07
115.9	2.156e-07	2.124e-07	2.114e-07	2.135e-07	2.168e-07
116	2.168e-07	2.135e-07	2.114e-07	2.125e-07	2.136e-07
116.1	2.168e-07	2.135e-07	2.114e-07	2.125e-07	2.136e-07
116.2	2.168e-07	2.135e-07	2.114e-07	2.125e-07	2.136e-07
116.3	2.168e-07	2.135e-07	2.114e-07	2.125e-07	2.136e-07
116.4	2.168e-07	2.135e-07	2.114e-07	2.125e-07	2.136e-07
116.5	2.168e-07	2.135e-07	2.114e-07	2.125e-07	2.136e-07
116.6	2.168e-07	2.135e-07	2.114e-07	2.125e-07	2.136e-07
116.7	2.168e-07	2.135e-07	2.114e-07	2.125e-07	2.136e-07
116.8	2.168e-07	2.135e-07	2.114e-07	2.125e-07	2.136e-07
116.9	2.168e-07	2.135e-07	2.114e-07	2.125e-07	2.136e-07
117	2.145e-07	2.124e-07	2.103e-07	2.134e-07	2.136e-07
117.1	2.145e-07	2.124e-07	2.103e-07	2.134e-07	2.136e-07
117.2	2.145e-07	2.124e-07	2.103e-07	2.134e-07	2.136e-07
117.3	2.145e-07	2.124e-07	2.103e-07	2.134e-07	2.136e-07
117.4	2.145e-07	2.124e-07	2.103e-07	2.134e-07	2.136e-07
117.5	2.145e-07	2.124e-07	2.103e-07	2.134e-07	2.136e-07
117.6	2.145e-07	2.124e-07	2.103e-07	2.134e-07	2.136e-07
117.7	2.145e-07	2.124e-07	2.103e-07	2.134e-07	2.136e-07
117.8	2.145e-07	2.124e-07	2.103e-07	2.134e-07	2.136e-07
117.9	2.145e-07	2.124e-07	2.103e-07	2.134e-07	2.136e-07
118	2.145e-07	2.121e-07	2.103e-07	2.136e-07	2.136e-07
118.1	2.145e-07	2.121e-07	2.103e-07	2.136e-07	2.136e-07
118.2	2.145e-07	2.121e-07	2.103e-07	2.136e-07	2.136e-07
118.3	2.145e-07	2.121e-07	2.103e-07	2.136e-07	2.136e-07
118.4	2.145e-07	2.121e-07	2.103e-07	2.136e-07	2.136e-07
118.5	2.145e-07	2.121e-07	2.103e-07	2.136e-07	2.136e-07
118.6	2.145e-07	2.121e-07	2.103e-07	2.136e-07	2.136e-07
118.7	2.145e-07	2.121e-07	2.103e-07	2.136e-07	2.136e-07
118.8	2.145e-07	2.121e-07	2.103e-07	2.136e-07	2.136e-07
118.9	2.145e-07	2.121e-07	2.103e-07	2.136e-07	2.136e-07
119	2.155e-07	2.134e-07	2.116e-07	2.135e-07	2.136e-07
119.1	2.155e-07	2.134e-07	2.116e-07	2.135e-07	2.136e-07
119.2	2.155e-07	2.134e-07	2.116e-07	2.135e-07	2.136e-07
119.3	2.155e-07	2.134e-07	2.116e-07	2.135e-07	2.136e-07
119.4	2.155e-07	2.134e-07	2.116e-07	2.135e-07	2.136e-07
119.5	2.155e-07	2.134e-07	2.116e-07	2.135e-07	2.136e-07
119.6	2.155e-07	2.134e-07	2.116e-07	2.135e-07	2.136e-07
119.7	2.155e-07	2.134e-07	2.116e-07	2.135e-07	2.136e-07
119.8	2.155e-07	2.134e-07	2.116e-07	2.135e-07	2.136e-07
119.9	2.155e-07	2.134e-07	2.116e-07	2.135e-07	2.136e-07
120	2.166e-07	2.122e-07	2.126e-07	2.123e-07	2.137e-07
