# SCAN started at: 2019-02-12 17:47:33
# Elen_Scan Mass: 113.9 Resolution: 30
# ----------------------------------------
# 
6.5	-5.098	-5.726	-5.377	-2.131	-0.9429	-2.75	-3.124	-5.217	-2.59	-5.306	-0.7705	-1.657	-5.176	-5.222	-1.644	-3.367	-1.124	-2.192	-3.048	-1.582
6.51	-3.484	-4.887	-2.601	-2.4	-2.043	-4.921	-4.849	-1.36	-1.311	-1.656	-0.484	-1.08	-4.869	-4.266	-0.6683	-4.925	-2.579	-3.33	-2.573	-4.592
6.52	-4.109	-4.41	-1.64	-3.603	-0.2272	-5.117	-0.2529	-4.698	-0.2352	-4.927	-3.579	-1.614	-0.8058	-0.607	-1.29	-5.101	-4.476	-3.099	-3.102	-3.053
6.53	-4.187	-1.089	-1.908	-1.809	-0.6012	-0.3889	-5.192	-4.793	-5.206	-0.5022	-3.754	-2.012	-0.5893	-4.992	-1.48	-5.082	-1.001	-2.423	-3.116	-3.271
6.54	-4.227	-1.276	-1.904	-1.868	-0.5446	-5.062	-0.4071	-0.7813	-5.247	-0.5058	-3.889	-2.021	-0.6516	-5.12	-1.733	-0.7851	-0.941	-3.531	-2.77	-2.333
6.55	-1.028	-1.407	-2.054	-3.703	-4.563	-0.6918	-0.4775	-4.972	-5.274	-5.165	-4.218	-2.163	-4.694	-5.234	-1.965	-1.323	-4.815	-3.817	-3.004	-3.672
6.56	-1.181	-4.071	-2.084	-3.203	-1.002	-0.7782	-5.071	-5.021	-5.29	-5.203	-4.133	-3.361	-4.701	-0.4239	-2.781	-3.806	-4.958	-3.984	-2.834	-3.832
6.57	-1.355	-3.962	-3.482	-2.046	-1.414	-4.647	-4.945	-5.108	-5.303	-0.475	-1.437	-2.71	-4.747	-0.4217	-2.524	-2.612	-5.052	-1.689	-2.908	-1.865
6.58	-3.953	-3.817	-2.306	-2.034	-1.705	-4.62	-0.9538	-0.6505	-0.4604	-5.248	-1.271	-2.745	-1.01	-5.301	-2.7	-2.606	-4.763	-1.543	-2.869	-4.229
6.59	-1.589	-3.762	-2.662	-2.039	-3.684	-1.314	-1.206	-0.632	-5.303	-5.264	-1.31	-2.901	-4.768	-0.5525	-2.928	-3.9	-5.132	-1.433	-2.836	-4.348
6.6	-3.824	-4.133	-3.332	-2.13	-2.49	-1.482	-1.468	-0.5961	-0.4859	-0.4814	-4.569	-2.704	-4.721	-0.6761	-3.659	-4.429	-5.221	-4.64	-2.773	-1.427
6.61	-3.966	-2.759	-3.518	-1.851	-2.395	-4.317	-3.58	-0.4716	-0.4728	-0.4889	-1.035	-2.574	-4.717	-4.945	-3.279	-5.104	-0.5711	-5.121	-3.954	-4.868
6.62	-2.131	-3.019	-3.085	-2.176	-2.037	-3.873	-3.551	-0.5829	-0.5425	-0.5267	-4.776	-3.829	-1.048	-4.732	-2.013	-5.377	-5.319	-5.051	-2.466	-1.052
6.63	-3.421	-2.849	-2.926	-3.725	-1.722	-3.671	-3.273	-5.306	-0.5782	-0.5033	-4.897	-1.861	-4.768	-1.31	-4.003	-5.34	-5.328	-5.071	-3.641	-5.06
6.64	-2.309	-2.772	-2.952	-3.712	-1.377	-2.336	-2.929	-0.5521	-0.5705	-0.5554	-4.945	-1.581	-4.749	-4.366	-4.311	-0.7453	-0.6323	-0.7601	-2.31	-5.21
6.65	-2.434	-3.306	-3.052	-3.765	-1.108	-2.53	-3.237	-0.5359	-0.6105	-0.5728	-0.7936	-1.513	-4.8	-1.73	-1.494	-4.821	-0.5713	-0.6738	-2.192	-5.305
6.66	-3.177	-3.425	-3.13	-2.108	-0.8531	-3.235	-3.568	-0.5767	-5.298	-5.293	-0.7521	-4.567	-1.062	-2.021	-4.577	-1.638	-0.5997	-5.331	-2.107	-0.6374
6.67	-2.637	-3.606	-2.638	-2.142	-5.135	-2.933	-2.069	-5.367	-5.255	-0.6156	-5.166	-1.13	-4.848	-2.059	-4.685	-3.819	-0.5593	-5.343	-2.069	-5.461
6.68	-3.039	-3.741	-2.657	-3.742	-5.316	-2.876	-1.744	-5.332	-0.7026	-5.303	-0.6581	-1.039	-4.849	-2.486	-4.826	-2.715	-0.5868	-5.368	-2.022	-5.483
6.69	-2.923	-2.039	-2.51	-3.646	-5.312	-2.678	-1.57	-5.356	-0.744	-5.235	-5.226	-5.037	-4.903	-2.724	-4.966	-3.272	-5.274	-0.5972	-2.036	-0.5513
6.7	-2.821	-2.488	-3.445	-3.685	-0.5316	-3.534	-1.037	-5.373	-5.202	-0.7312	-5.277	-5.089	-4.932	-2.992	-0.8907	-3.84	-0.701	-5.406	-1.831	-0.565
6.71	-3.67	-1.349	-3.248	-4.129	-0.6578	-3.383	-1.172	-5.417	-5.286	-0.6365	-5.239	-5.17	-0.8802	-2.719	-0.7242	-1.13	-5.12	-5.367	-4.326	-5.265
6.72	-3.136	-1.646	-3.541	-3.702	-0.9753	-3.9	-0.6433	-5.358	-5.144	-0.7772	-0.5376	-0.5514	-4.973	-2.408	-5.311	-0.8805	-0.7855	-5.407	-1.295	-0.7306
6.73	-2.597	-1.459	-3.613	-3.169	-4.569	-4.035	-0.6902	-5.352	-5.132	-0.8324	-0.5445	-5.39	-4.99	-3.883	-0.6397	-0.6073	-5.001	-5.442	-4.387	-0.8333
6.74	-3.238	-1.371	-3.709	-2.253	-1.591	-1.811	-0.6031	-5.347	-0.8576	-0.8137	-0.5734	-5.444	-5.013	-4.061	-0.6291	-5.373	-4.922	-5.413	-1.615	-0.919
6.75	-2.531	-1.316	-2.23	-3.163	-2.004	-4.79	-0.5698	-5.373	-5.121	-4.975	-5.398	-0.5206	-5.029	-4.24	-0.633	-0.5759	-1.181	-5.352	-1.586	-5.091
6.76	-2.453	-4.763	-3.872	-3.739	-2.448	-1.508	-5.412	-0.6484	-5.09	-1.351	-0.6165	-5.372	-5.014	-1.65	-5.245	-0.7431	-1.277	-0.6535	-1.51	-1.205
6.77	-2.39	-4.838	-2.104	-2.239	-2.883	-4.561	-0.5711	-0.6906	-0.9181	-0.9314	-0.6308	-5.197	-5.029	-4.534	-5.293	-4.955	-4.63	-0.6291	-4.594	-1.399
6.78	-3.519	-4.921	-2.03	-3.745	-3.512	-1.401	-0.6204	-1.035	-0.9542	-5.031	-5.356	-5.368	-0.9229	-4.705	-5.24	-1.451	-4.518	-5.346	-4.66	-4.533
6.79	-3.686	-4.945	-1.996	-2.288	-3.702	-4.651	-0.7228	-0.7723	-0.8903	-5.002	-5.347	-5.287	-5.051	-1.291	-5.158	-1.845	-1.862	-5.319	-1.446	-1.833
6.8	-3.571	-5.049	-4.028	-3.708	-4.177	-1.236	-5.109	-5.195	-5.091	-4.929	-5.285	-0.803	-5.089	-4.805	-5.012	-3.723	-4.222	-5.349	-1.392	-2.003
6.81	-3.396	-5.331	-3.796	-2.372	-4.543	-1.33	-5	-0.9572	-5.273	-1.309	-0.8465	-4.882	-0.8614	-5.072	-4.952	-3.471	-2.137	-0.6047	-4.929	-2.926
6.82	-3.757	-5.232	-4.125	-2.332	-5.02	-4.858	-4.453	-0.8553	-5.065	-1.169	-5.247	-4.803	-5.122	-0.8718	-1.462	-3.853	-4.462	-0.7891	-1.249	-3.337
6.83	-3.822	-0.7088	-1.832	-2.439	-5.216	-4.915	-4.241	-0.9123	-4.66	-1.212	-5.204	-4.818	-5.142	-0.7832	-4.463	-4.307	-3.864	-5.248	-1.154	-3.074
6.84	-3.913	-0.6866	-1.835	-3.53	-0.6181	-0.9495	-2.151	-0.9314	-5.106	-1.285	-5.228	-4.179	-5.144	-0.7628	-4.205	-1.373	-2.587	-5.163	-1.175	-3.392
6.85	-1.908	-5.335	-1.789	-3.597	-0.5652	-0.9845	-2.364	-1.037	-0.8442	-4.691	-0.8206	-1.532	-5.17	-5.346	-3.926	-4.962	-2.805	-5.197	-4.999	-3.645
6.86	-4.036	-0.6331	-4.194	-2.476	-0.6109	-0.957	-3.459	-1.059	-5.166	-4.597	-5.181	-1.629	-5.147	-0.6495	-2.331	-5.178	-3.14	-5.097	-5.087	-3.861
6.87	-4.144	-5.416	-4.277	-2.591	-5.336	-5.097	-3.174	-1.13	-5.182	-1.511	-4.954	-4.337	-0.8183	-5.232	-2.608	-0.6041	-2.957	-1.046	-1.038	-4.146
6.88	-1.668	-0.5261	-1.738	-3.415	-0.9048	-0.7656	-3.17	-1.135	-0.8634	-4.433	-5.15	-4.232	-5.234	-5.442	-2.838	-5.434	-3.219	-1.049	-5.112	-4.444
6.89	-1.589	-5.424	-4.248	-3.437	-1.069	-0.8416	-3.485	-4.87	-5.248	-4.36	-5.15	-4.1	-5.263	-0.5892	-3.11	-0.7435	-2.858	-1.116	-5.086	-4.675
6.9	-4.44	-5.458	-1.334	-3.01	-4.735	-5.429	-2.338	-4.864	-5.251	-4.232	-0.8934	-2.185	-5.275	-5.458	-3.377	-0.72	-3.628	-4.953	-5.178	-1.328
6.91	-4.229	-5.397	-4.464	-2.771	-4.287	-0.7176	-1.739	-1.358	-0.7614	-4.212	-5.091	-3.592	-0.7177	-0.606	-3.533	-4.841	-1.828	-4.573	-0.9042	-5.294
6.92	-4.648	-5.444	-4.398	-3.045	-3.6	-0.7747	-1.627	-1.4	-5.273	-3.804	-0.9779	-3.396	-5.385	-0.629	-1.993	-4.659	-4.105	-5.392	-5.213	-5.372
6.93	-4.694	-0.5702	-4.375	-3.053	-3.265	-5.277	-1.426	-1.406	-5.328	-2.472	-0.9817	-3.16	-5.376	-0.6723	-4.312	-1.889	-4.277	-4.851	-5.239	-5.527
6.94	-1.168	-0.5808	-1.624	-3.202	-3.189	-5.269	-4.78	-1.452	-5.358	-2.599	-5.112	-3.171	-5.458	-5.321	-4.547	-3.902	-4.346	-4.833	-0.9091	-0.6203
6.95	-1.12	-0.6269	-1.625	-2.794	-3.555	-0.7287	-1.133	-1.524	-0.6988	-3.388	-5.113	-3.312	-5.431	-0.8024	-1.378	-3.519	-1.72	-1.347	-0.8851	-0.7028
6.96	-4.828	-5.399	-1.621	-3.399	-3.941	-5.322	-5.027	-1.52	-5.4	-2.855	-0.9788	-3.549	-5.444	-0.8651	-4.898	-3.029	-1.555	-1.354	-0.8948	-5.567
6.97	-1.047	-5.326	-4.414	-3.472	-4.267	-0.6943	-5.161	-1.607	-0.6782	-3.086	-5.101	-2.365	-0.6501	-5.166	-5.07	-3.47	-1.47	-4.726	-0.8303	-0.6706
6.98	-4.922	-5.352	-1.505	-3.566	-1.51	-0.6667	-5.273	-4.446	-5.418	-2.944	-5.121	-2.159	-5.478	-1.081	-5.075	-3.756	-1.387	-1.468	-0.8427	-5.427
6.99	-0.9456	-5.318	-1.591	-2.421	-1.228	-0.6335	-5.328	-4.365	-5.43	-2.824	-5.088	-1.872	-5.475	-1.066	-5.24	-1.778	-4.896	-1.453	-5.368	-5.279
7	-0.9257	-5.253	-1.572	-3.742	-1.051	-5.416	-5.402	-4.261	-0.6225	-3.484	-1.397	-4.333	-5.462	-4.827	-0.7909	-1.664	-1.507	-1.442	-0.7859	-0.7769
7.01	-0.7776	-0.8389	-4.575	-3.553	-0.8857	-5.353	-5.418	-4.05	-5.402	-2.169	-0.7951	-4.553	-5.43	-4.275	-5.378	-4.72	-5.102	-1.795	-5.353	-4.859
7.02	-0.8118	-0.8645	-4.773	-4.007	-0.6348	-5.476	-5.495	-4.078	-0.6238	-2.312	-5.145	-1.252	-5.326	-1.707	-5.418	-5.12	-1.006	-1.52	-0.8686	-1.699
7.03	-5.188	-0.8678	-1.546	-2.07	-5.45	-5.462	-5.468	-2.315	-0.6256	-2.121	-5.23	-1.128	-5.445	-4.302	-0.7382	-0.841	-5.25	-4.576	-5.376	-1.996
7.04	-5.244	-5.124	-4.922	-4.598	-0.7673	-0.5882	-0.6772	-2.331	-0.5927	-2.005	-5.26	-1.009	-5.388	-4.097	-0.8661	-0.7663	-5.263	-1.637	-5.331	-4.02
7.05	-0.6918	-5.072	-4.519	-4.202	-0.6788	-5.459	-0.7277	-3.795	-5.483	-4.278	-0.9191	-5.274	-5.387	-3.961	-5.248	-0.6636	-5.002	-4.572	-0.8832	-2.571
7.06	-0.6891	-1.006	-1.532	-1.915	-5.332	-5.514	-5.266	-3.727	-0.6294	-1.746	-0.8453	-5.327	-5.309	-2.377	-5.127	-5.475	-0.8038	-4.537	-0.9275	-3.392
7.07	-5.354	-5.001	-1.531	-1.786	-4.849	-0.5604	-5.175	-3.568	-5.493	-1.634	-5.31	-5.384	-0.8215	-2.472	-1.156	-5.498	-5.385	-1.735	-0.9492	-3.103
7.08	-0.6428	-4.961	-4.544	-4.537	-5.008	-5.51	-1.098	-3.491	-0.6336	-4.619	-5.329	-5.449	-5.236	-3.455	-1.727	-0.7472	-0.7555	-1.765	-0.9848	-3.521
7.09	-5.362	-0.8321	-1.502	-4.425	-1.271	-0.5937	-1.819	-3.356	-0.6437	-4.71	-5.334	-5.49	-5.196	-3.26	-4.698	-0.8963	-0.7236	-1.665	-1.082	-3.712
7.1	-0.6052	-1.184	-4.604	-4.463	-1.544	-5.485	-4.717	-2.934	-0.6569	-1.303	-5.308	-5.518	-5.089	-3.096	-1.67	-5.185	-5.45	-4.416	-1.044	-2.181
7.11	-0.659	-4.819	-4.411	-1.504	-4.007	-0.6639	-4.646	-2.797	-5.5	-1.082	-0.6753	-5.505	-5.15	-2.74	-1.871	-5.014	-0.8221	-1.935	-5.27	-1.701
7.12	-0.5647	-4.778	-4.562	-1.488	-3.729	-0.6915	-4.125	-3.354	-5.339	-1.277	-5.436	-0.6055	-1.431	-2.582	-3.844	-4.497	-5.461	-2.039	-1.268	-1.358
7.13	-0.5749	-4.745	-1.483	-1.471	-2.706	-0.7345	-3.953	-3.641	-5.506	-0.9648	-5.44	-0.6849	-1.473	-3.768	-2.605	-4.224	-0.7632	-2.171	-1.33	-1.171
7.14	-5.436	-4.86	-1.427	-4.691	-3.044	-5.341	-3.725	-2.577	-0.6445	-0.8639	-0.6744	-0.6866	-1.618	-3.957	-3.334	-2.295	-0.8283	-4.043	-1.425	-5.314
7.15	-5.423	-4.677	-4.632	-1.403	-2.81	-0.8291	-3.494	-2.434	-5.486	-0.8102	-0.8258	-5.446	-1.739	-4.102	-3.132	-3.574	-0.9387	-4.004	-1.531	-5.447
7.16	-0.5848	-4.656	-4.713	-4.737	-2.457	-0.8949	-3.281	-1.634	-0.6958	-5.381	-0.6344	-5.432	-1.806	-4.285	-3.427	-2.993	-5.19	-2.389	-4.611	-5.559
7.17	-0.6011	-1.487	-4.715	-1.368	-2.067	-5.26	-3.132	-1.491	-5.487	-5.406	-5.488	-5.395	-1.926	-1.794	-2.644	-3.281	-5.072	-2.43	-1.743	-5.635
7.18	-5.443	-4.615	-1.415	-1.332	-4.409	-5.226	-3.402	-1.43	-0.7124	-0.7162	-0.6514	-0.8129	-3.605	-1.652	-3.835	-3.603	-1.17	-3.726	-1.916	-0.6675
7.19	-5.466	-4.595	-1.349	-1.275	-4.796	-1.034	-1.997	-1.332	-5.45	-0.6749	-0.6838	-0.8816	-3.993	-1.515	-4.101	-3.934	-1.363	-3.698	-2.052	-0.6639
7.2	-0.6463	-1.521	-1.278	-4.843	-1.157	-5.127	-2.346	-1.204	-5.433	-5.526	-0.6861	-0.9224	-2.249	-4.851	-1.718	-1.998	-4.771	-2.774	-2.148	-0.6918
7.21	-0.6823	-1.941	-1.477	-4.677	-0.8333	-5.181	-4.296	-1.252	-0.7893	-5.48	-5.257	-5.094	-3.705	-1.184	-1.554	-4.898	-2.109	-2.947	-2.413	-5.497
7.22	-0.675	-1.599	-1.237	-1.191	-0.6602	-1.262	-4.396	-0.9443	-5.407	-5.371	-0.7337	-5.186	-3.643	-1.024	-4.77	-4.903	-4.329	-2.94	-3.739	-5.366
7.23	-0.6853	-1.693	-1.208	-5.246	-5.496	-1.503	-1.59	-5.271	-5.395	-5.292	-0.7775	-5.121	-3.544	-0.9756	-1.269	-1.077	-4.663	-3.108	-3.52	-5.262
7.24	-0.7095	-1.722	-1.171	-4.973	-5.421	-1.509	-4.752	-5.298	-4.457	-0.9909	-0.8084	-1.254	-2.878	-5.293	-5.135	-5.248	-2.31	-3.142	-3.429	-1.213
7.25	-0.7124	-1.474	-1.138	-4.964	-5.223	-4.717	-4.82	-5.345	-0.8346	-1.087	-0.9292	-4.643	-3.379	-5.397	-5.195	-5.387	-3.753	-3.05	-3.197	-4.949
7.26	-0.7466	-1.667	-1.149	-1.166	-1.319	-4.667	-1.218	-0.7491	-5.361	-5.027	-5.257	-5.078	-3.173	-0.7657	-5.316	-0.7452	-3.606	-3.042	-3.713	-4.765
7.27	-0.6935	-4.865	-5.084	-1.146	-1.683	-1.623	-5.059	-5.488	-0.8648	-1.362	-1.044	-1.245	-3.186	-5.497	-0.8555	-5.509	-3.065	-3.425	-2.936	-4.522
7.28	-5.365	-4.325	-1.018	-5.032	-4.085	-4.489	-5.161	-0.6805	-0.9137	-1.517	-1.122	-1.269	-3.51	-0.6752	-5.413	-1.398	-3.31	-3.384	-2.819	-2.076
7.29	-0.753	-4.336	-0.9155	-1.053	-2.72	-2.025	-0.9426	-5.518	-5.33	-4.538	-1.112	-4.913	-3.299	-5.577	-0.7822	-5.488	-3.179	-3.537	-2.62	-2.34
7.3	-5.402	-4.225	-0.9439	-1.139	-3.202	-1.909	-0.8399	-5.539	-1.011	-1.827	-5.005	-4.822	-2.915	-5.446	-5.42	-5.349	-2.769	-2.779	-3.864	-2.649
7.31	-0.7169	-2.051	-5.327	-5.136	-4.188	-3.959	-0.7978	-5.547	-1.103	-1.899	-1.266	-1.215	-3.54	-0.6927	-0.8704	-1.335	-2.654	-3.615	-4.547	-3.171
7.32	-0.7429	-2.167	-5.324	-5.111	-4.723	-4.109	-0.7198	-5.557	-5.076	-2.348	-4.806	-4.73	-2.547	-0.6916	-1.098	-1.517	-3.839	-3.637	-2.028	-3.601
7.33	-5.434	-2.23	-5.361	-5.114	-1.14	-2.209	-5.515	-0.6375	-5.041	-2.503	-4.795	-1.595	-2.628	-5.538	-1.232	-1.811	-3.966	-2.595	-4.503	-3.848
7.34	-0.7179	-3.956	-0.7792	-1.065	-5.271	-4.028	-5.547	-0.6128	-1.281	-2.69	-4.757	-1.634	-4.43	-0.7484	-4.825	-2.133	-4.13	-3.727	-1.747	-4.107
7.35	-0.7197	-4.416	-5.449	-0.9616	-5.474	-3.025	-0.6789	-0.6732	-1.344	-3.418	-1.507	-1.697	-3.837	-5.484	-1.71	-3.773	-4.316	-2.581	-1.662	-1.977
7.36	-0.6705	-3.782	-0.7	-5.182	-5.515	-3.199	-0.69	-0.646	-4.831	-2.992	-1.577	-4.377	-2.493	-0.8285	-4.229	-2.973	-4.362	-3.832	-1.503	-1.687
7.37	-5.455	-3.717	-5.534	-5.184	-5.505	-3.269	-0.6978	-0.6737	-4.642	-3.102	-4.63	-1.82	-3.905	-5.399	-2.304	-3.154	-4.581	-3.875	-1.376	-1.429
7.38	-5.488	-3.691	-5.497	-0.8023	-5.323	-1.196	-5.533	-5.558	-4.359	-2.963	-4.554	-1.91	-2.352	-5.351	-3.767	-3.55	-4.682	-2.494	-5.132	-5.221
7.39	-0.6816	-2.622	-5.5	-0.9992	-5.134	-3.19	-5.478	-0.7266	-4.441	-3.573	-4.517	-1.942	-2.319	-0.9354	-3.514	-3.877	-1.441	-2.424	-5.224	-1.019
7.4	-5.518	-2.631	-0.6955	-0.9548	-1.545	-3.305	-0.8301	-0.7515	-4.28	-3.706	-4.519	-2.015	-2.343	-1.001	-3.113	-2.035	-4.983	-3.986	-5.339	-0.9275
7.41	-5.514	-3.152	-5.518	-1.099	-2.256	-3.475	-0.8142	-0.667	-4.313	-3.657	-4.132	-4.212	-3.519	-1.255	-3.933	-4.864	-1.094	-4.118	-5.577	-5.665
7.42	-5.506	-2.837	-5.512	-5.294	-2.941	-3.437	-1.14	-0.7582	-2.481	-4.201	-1.861	-2.138	-2.437	-5.182	-2.329	-1.243	-5.283	-2.341	-0.8612	-5.688
7.43	-0.6281	-2.86	-5.511	-0.9342	-2.854	-3.148	-1.144	-5.152	-3.643	-4.333	-1.853	-2.162	-2.476	-0.9653	-4.272	-5.294	-5.38	-2.237	-0.8123	-5.635
7.44	-5.514	-2.936	-5.455	-0.9882	-2.402	-3.185	-5.018	-5.481	-3.542	-1.869	-4.387	-2.108	-2.419	-1.189	-4.5	-5.447	-5.407	-4.208	-0.791	-0.8055
7.45	-0.6617	-3.359	-0.8358	-5.307	-1.967	-3.399	-4.865	-5.44	-3.396	-4.538	-4.361	-4.241	-3.809	-1.211	-4.682	-5.532	-5.458	-4.279	-5.603	-5.416
7.46	-0.6679	-3.247	-5.313	-0.9261	-1.575	-5.298	-1.574	-0.8471	-3.078	-5.056	-1.964	-2.137	-2.594	-5.038	-1.428	-5.558	-0.8618	-4.324	-5.615	-1.077
7.47	-5.522	-3.071	-0.9739	-5.269	-1.26	-2.823	-1.798	-0.8306	-3.224	-4.764	-4.369	-4.16	-2.608	-5.022	-1.272	-5.555	-0.8098	-2.181	-5.588	-1.287
7.48	-5.5	-3.038	-1.036	-0.9824	-0.956	-2.822	-4.353	-5.429	-2.964	-1.369	-4.937	-4.086	-2.669	-4.99	-5.11	-5.442	-5.514	-2.062	-5.589	-5.265
7.49	-5.47	-3.153	-5.145	-1.008	-5.434	-3.678	-2.332	-0.8886	-3.534	-1.36	-1.922	-3.643	-2.777	-4.899	-5.266	-1.154	-0.8385	-2.148	-5.522	-1.716
7.5	-0.7246	-3.085	-5.091	-5.307	-5.532	-2.957	-2.327	-0.8649	-2.681	-5.034	-1.982	-4.238	-3.531	-1.443	-0.9101	-4.942	-5.452	-1.985	-5.5	-1.989
7.51	-5.359	-3.178	-1.418	-1.009	-0.8021	-2.46	-2.521	-0.8984	-2.714	-5.119	-4.382	-2.379	-2.864	-4.738	-0.8694	-2.37	-1.077	-1.943	-1.005	-2.612
7.52	-5.451	-3.288	-1.492	-0.996	-1.002	-3.422	-3.063	-5.322	-4.08	-5.282	-2.045	-4.32	-3.308	-5.026	-5.458	-3.766	-5.358	-1.932	-5.38	-3.468
7.53	-0.7947	-3.315	-4.704	-0.9875	-2.021	-3.573	-3.255	-0.8906	-4.218	-5.333	-2.055	-4.306	-3.501	-1.747	-5.505	-3.353	-1.052	-4.623	-5.279	-3.195
7.54	-0.8138	-3.07	-1.71	-1.022	-4.571	-3.621	-2.925	-0.937	-4.341	-0.828	-2.042	-4.408	-3.157	-1.874	-0.9309	-4.038	-5.271	-3.936	-5.226	-2.8
7.55	-0.8346	-2.956	-4.442	-0.7577	-2.173	-3.314	-2.725	-0.9333	-1.827	-5.453	-2.164	-1.914	-3.088	-1.979	-5.288	-2.51	-1.126	-1.714	-5.165	-4.006
7.56	-5.375	-2.973	-4.427	-5.372	-2.679	-2.608	-3.873	-5.39	-4.609	-0.7933	-2.145	-4.491	-2.989	-4.273	-4.806	-4.333	-1.244	-4.758	-5.039	-4.325
7.57	-5.388	-2.983	-1.995	-5.218	-3.184	-3.843	-4.031	-5.368	-1.605	-0.7553	-2.31	-4.517	-2.911	-4.168	-4.945	-1.635	-5.143	-4.255	-4.966	-1.92
7.58	-0.869	-3.493	-2.116	-0.9631	-2.604	-3.811	-2.127	-0.9814	-4.793	-5.498	-2.24	-1.844	-3.492	-2.242	-4.696	-1.333	-5.029	-4.754	-1.56	-4.895
7.59	-0.8815	-2.928	-4.136	-5.241	-4.119	-2.463	-1.904	-5.357	-1.312	-5.521	-3.983	-4.416	-3.556	-3.925	-4.443	-1.082	-4.934	-1.607	-4.786	-1.363
7.6	-5.275	-2.937	-4.014	-5.172	-1.679	-2.301	-1.727	-1.027	-4.994	-0.7735	-3.898	-4.561	-3.478	-2.568	-2.345	-0.9337	-4.775	-1.572	-4.669	-1.612
7.61	-5.067	-2.561	-2.567	-4.961	-1.272	-1.804	-1.703	-1.175	-1.004	-0.7706	-2.441	-5.028	-2.392	-3.646	-3.481	-0.7616	-1.516	-4.793	-1.746	-5.616
7.62	-5.262	-2.972	-2.643	-1.113	-0.8469	-4.249	-1.321	-1.164	-5.258	-0.817	-3.743	-1.579	-3.826	-3.449	-3.368	-5.517	-4.553	-1.504	-4.387	-5.716
7.63	-0.9626	-2.958	-2.789	-1.102	-0.7412	-4.326	-5.13	-1.117	-5.299	-5.544	-3.589	-4.816	-3.802	-3.264	-3.044	-5.439	-4.473	-1.528	-2.161	-5.745
7.64	-0.9722	-2.985	-3.493	-5.151	-0.735	-4.421	-1.098	-1.11	-5.366	-5.529	-3.487	-4.914	-3.871	-3.304	-3.716	-5.352	-2.044	-4.94	-2.367	-5.699
7.65	-5.216	-3.109	-3.324	-5.189	-5.499	-1.896	-0.9598	-5.232	-5.406	-5.519	-3.372	-1.436	-2.693	-3.512	-2.372	-1.527	-4.289	-4.963	-2.523	-5.617
7.66	-5.562	-3.278	-3.147	-5.148	-5.359	-1.853	-0.9031	-5.176	-5.466	-0.8387	-3.091	-1.4	-3.869	-2.749	-4.301	-1.886	-4.128	-4.9	-2.618	-5.549
7.67	-1.054	-3.231	-3.235	-1.153	-1.295	-4.066	-5.473	-1.286	-5.505	-0.8614	-3.232	-5.017	-3.941	-2.649	-4.556	-2.277	-4.042	-1.545	-3.747	-5.412
7.68	-1.015	-3.241	-3.362	-5.185	-1.689	-4.67	-5.605	-5.114	-0.8024	-5.501	-3.419	-1.33	-3.924	-2.438	-4.747	-2.743	-2.509	-4.957	-3.593	-1.16
7.69	-5.236	-3.111	-2.273	-5.199	-2.108	-1.625	-0.7405	-5.005	-5.582	-0.8977	-2.894	-4.676	-3.99	-4.14	-5.012	-3.119	-3.822	-4.954	-3.472	-1.374
7.7	-5.232	-3.125	-2.432	-1.105	-3.806	-1.539	-0.7028	-1.606	-0.7573	-0.9167	-2.821	-1.254	-2.41	-2.086	-5.158	-3.553	-3.713	-1.579	-3.882	-1.548
7.71	-0.821	-2.766	-3.85	-5.262	-3.759	-4.911	-5.531	-1.273	-0.7804	-0.8116	-3.68	-2.163	-4.249	-4.633	-5.266	-2.053	-2.935	-1.346	-2.663	-4.857
7.72	-1.024	-3.179	-3.908	-5.464	-4.59	-5.107	-5.468	-4.814	-5.62	-0.9618	-2.553	-1.708	-2.582	-1.683	-5.5	-4.701	-3.487	-1.649	-3.559	-2.205
7.73	-5.307	-3.11	-2.371	-1.051	-1.558	-5.197	-5.448	-4.774	-5.61	-5.416	-2.294	-4.849	-2.535	-1.5	-5.596	-4.906	-3.146	-1.648	-3.821	-2.44
7.74	-0.9628	-3.285	-2.298	-1.019	-1.478	-1.05	-1.42	-1.728	-5.57	-5.388	-4.268	-5.282	-3.895	-1.373	-0.8385	-1.324	-3.569	-4.826	-4.006	-2.632
7.75	-5.309	-3.292	-2.067	-5.294	-1.218	-1.023	-1.438	-1.834	-0.9149	-1.016	-2.055	-5.308	-3.846	-5.172	-5.602	-0.8657	-3.765	-4.882	-4.061	-2.897
7.76	-5.336	-3.014	-4.305	-5.281	-0.9728	-5.349	-5.127	-4.534	-0.86	-1.084	-1.963	-1.051	-2.611	-1.115	-0.9131	-0.9195	-3.933	-1.73	-4.329	-3.121
7.77	-0.9485	-3.073	-4.347	-5.301	-0.7781	-0.879	-4.971	-4.524	-5.238	-5.326	-4.589	-1.016	-3.736	-1.014	-1.029	-5.512	-2.372	-4.81	-4.491	-3.324
7.78	-5.334	-2.986	-1.904	-1.071	-0.7673	-5.564	-1.618	-4.483	-5.452	-5.332	-4.674	-5.381	-2.682	-5.221	-1.199	-5.627	-2.25	-4.818	-1.919	-3.002
7.79	-5.381	-3.392	-4.574	-5.264	-0.8041	-5.647	-1.762	-2.01	-5.32	-1.077	-4.771	-5.443	-3.536	-0.8286	-5.03	-5.631	-4.425	-1.734	-1.835	-2.794
7.8	-5.403	-3.446	-1.709	-1.047	-5.349	-0.7629	-4.472	-4.389	-4.964	-1.105	-4.374	-0.944	-2.84	-0.8049	-4.815	-5.555	-4.709	-1.826	-4.915	-3.896
7.81	-5.273	-2.836	-4.919	-5.303	-4.886	-0.7009	-4.403	-4.638	-0.9636	-0.9586	-1.432	-0.8089	-3.728	-0.7725	-2.287	-5.42	-5.244	-4.606	-1.189	-2.363
7.82	-5.452	-2.773	-4.916	-5.231	-4.074	-5.684	-3.951	-2.46	-5.15	-1.178	-5.074	-5.552	-3.326	-5.62	-2.508	-1.711	-1.335	-4.801	-5.211	-4.44
7.83	-5.482	-3.678	-5.082	-5.244	-3.551	-0.7466	-3.781	-2.343	-5.053	-1.388	-5.171	-0.842	-2.644	-0.8084	-2.772	-4.736	-1.187	-4.755	-5.279	-4.623
7.84	-0.8277	-3.743	-4.941	-1.125	-3.485	-0.7094	-3.595	-2.374	-1.487	-5.266	-1.188	-0.8543	-3.263	-5.593	-3.35	-2.508	-1.079	-1.94	-5.386	-4.748
7.85	-0.7727	-3.766	-4.951	-1.1	-4.063	-5.59	-2.994	-4.029	-4.772	-5.238	-1.162	-0.8354	-3.634	-0.8842	-3.154	-4.184	-5.461	-4.748	-5.41	-4.848
7.86	-0.775	-3.82	-4.981	-5.21	-4.605	-5.666	-3.232	-2.512	-1.658	-3.088	-5.395	-5.605	-3.469	-0.9703	-2.293	-3.851	-5.525	-4.741	-5.553	-5.028
7.87	-0.7274	-3.802	-1.298	-1.203	-1.352	-5.636	-3.347	-2.582	-4.697	-5.252	-5.437	-5.587	-2.907	-5.516	-2.554	-3.573	-5.575	-4.739	-5.521	-1.439
7.88	-5.584	-3.906	-1.046	-1.17	-1.018	-0.7517	-2.827	-2.672	-4.62	-5.254	-5.506	-0.8121	-3.789	-1.079	-2.315	-3.209	-0.9785	-4.76	-0.9668	-5.229
7.89	-5.6	-3.84	-1.258	-1.241	-0.8315	-0.7331	-2.756	-3.752	-4.557	-5.297	-0.9461	-0.7911	-3.989	-5.217	-1.963	-2.935	-0.8861	-1.869	-5.616	-1.291
7.9	-5.589	-3.957	-5.1	-5.095	-5.646	-0.7785	-2.539	-3.687	-2.055	-1.108	-0.8685	-5.644	-2.521	-5.109	-4.754	-2.606	-0.915	-1.89	-5.661	-1.231
7.91	-5.621	-2.437	-4.908	-4.783	-5.364	-5.682	-4.247	-3.869	-4.23	-0.9023	-0.8162	-5.648	-4.63	-4.593	-4.892	-4.48	-5.47	-2.09	-5.683	-5.528
7.92	-5.541	-2.423	-5.166	-4.986	-4.644	-0.7513	-4.42	-3.142	-2.439	-1.039	-5.641	-5.613	-2.279	-1.648	-1.194	-1.72	-1.043	-4.601	-0.8605	-1.044
7.93	-0.884	-2.379	-5.169	-4.924	-4.028	-0.7359	-1.868	-3.368	-2.428	-0.9923	-0.8127	-0.8468	-2.223	-4.573	-5.408	-1.502	-1.174	-4.642	-0.8847	-0.9711
7.94	-0.9483	-4.094	-1.149	-1.516	-3.355	-0.7526	-4.709	-3.176	-2.562	-5.488	-5.646	-0.8234	-2.214	-4.357	-5.548	-5.028	-1.288	-4.646	-0.9036	-0.938
7.95	-5.38	-2.383	-5.223	-4.853	-3.78	-5.668	-1.566	-3.233	-3.827	-0.9524	-0.844	-5.586	-4.384	-4.183	-5.543	-5.241	-4.976	-2.024	-5.643	-0.9128
7.96	-1.101	-2.361	-5.2	-1.584	-4.417	-5.635	-1.412	-3.409	-3.796	-0.9206	-5.634	-0.7575	-4.465	-2.431	-0.8485	-5.399	-1.436	-2.073	-5.633	-1.124
7.97	-1.202	-4.138	-5.214	-1.62	-1.451	-0.7456	-1.346	-3.082	-2.817	-5.574	-0.8935	-0.8026	-4.53	-2.697	-5.629	-0.9856	-4.955	-2.073	-0.9831	-0.8631
7.98	-5.116	-2.367	-1.171	-1.72	-1.079	-0.7925	-1.209	-3.532	-3.547	-0.8552	-1.007	-5.624	-4.593	-3.57	-5.619	-0.9239	-4.853	-4.483	-5.551	-0.8447
7.99	-5.012	-2.4	-1.06	-4.705	-5.546	-0.7952	-1.165	-3.535	-3.445	-5.549	-1.076	-0.8135	-4.647	-3.299	-5.494	-5.665	-4.701	-2.149	-5.573	-0.8069
8	-1.479	-3.439	-5.251	-1.811	-5.607	-0.7645	-1.051	-2.892	-3.361	-5.599	-5.314	-5.64	-1.403	-3.439	-5.337	-5.645	-1.972	-2.193	-5.472	-1.066
8.01	-1.468	-2.61	-0.9315	-2.303	-1.626	-5.681	-5.586	-4.15	-3.563	-5.585	-4.856	-0.8354	-4.845	-2.384	-5.175	-0.8716	-4.397	-2.485	-1.051	-0.8324
8.02	-1.873	-2.416	-1.144	-4.347	-3.842	-0.7548	-0.884	-2.737	-3.433	-5.681	-1.532	-0.7991	-1.686	-4.149	-1.92	-5.548	-1.863	-4.123	-5.324	-5.819
8.03	-1.989	-3.994	-5.233	-4.781	-3.617	-0.7626	-0.8252	-3.765	-2.931	-0.7633	-4.784	-0.8138	-4.821	-4.363	-4.352	-5.493	-4.044	-4.16	-5.226	-0.8131
8.04	-4.343	-2.476	-5.251	-4.203	-2.919	-0.8168	-0.8124	-2.691	-2.917	-5.685	-4.642	-0.832	-4.849	-4.567	-3.512	-1.146	-3.858	-4.125	-5.228	-0.8065
8.05	-3.992	-2.525	-1.155	-2.317	-4.207	-5.55	-0.8251	-2.7	-2.846	-5.652	-1.997	-5.634	-4.896	-4.747	-3.738	-1.318	-3.801	-4.04	-1.456	-5.8
8.06	-4.069	-2.543	-1.179	-2.39	-1.646	-0.791	-5.642	-2.67	-2.779	-0.8119	-2.157	-5.654	-1.612	-4.956	-3.261	-1.497	-3.666	-2.664	-1.619	-5.799
8.07	-3.96	-3.341	-1.131	-4.049	-1.221	-5.692	-5.647	-3.834	-2.728	-0.7628	-4.135	-5.628	-1.601	-5.129	-2.891	-1.697	-3.141	-2.755	-1.76	-5.748
8.08	-2.646	-2.632	-1.141	-3.939	-5.506	-5.632	-5.672	-4.46	-2.651	-5.652	-3.918	-0.8996	-1.595	-5.242	-2.539	-4.668	-3.301	-2.818	-1.827	-0.8881
8.09	-2.773	-2.621	-1.188	-2.616	-5.646	-1.064	-0.8313	-3.886	-4.026	-0.7911	-3.742	-5.601	-1.486	-1.174	-2.144	-4.215	-3.393	-3.752	-1.941	-5.705
8.1	-2.87	-2.747	-1.183	-3.783	-5.552	-5.67	-0.8903	-2.577	-4.038	-0.8184	-3.621	-5.547	-5.065	-5.518	-1.827	-4.161	-3.062	-3.642	-4.582	-1.006
8.11	-2.83	-2.416	-5.324	-3.224	-2.029	-5.665	-5.495	-3.661	-3.83	-0.8468	-3.383	-1.038	-1.859	-0.853	-5.321	-3.138	-2.698	-3.377	-2.207	-5.276
8.12	-3.356	-2.87	-5.248	-3.545	-2.57	-0.8644	-5.476	-2.476	-2.312	-0.8377	-2.988	-1.058	-4.928	-5.701	-5.435	-3.323	-4.135	-3.37	-4.169	-1.277
8.13	-3.402	-3.573	-5.216	-3.724	-3.248	-5.632	-5.396	-2.431	-2.136	-0.81	-3.644	-1.074	-1.615	-0.8075	-5.583	-3.611	-2.31	-3.258	-4.011	-5.447
8.14	-3.568	-3.465	-5.244	-3.483	-2.572	-0.874	-5.391	-2.38	-2.229	-5.657	-3.965	-5.075	-4.876	-0.8794	-0.897	-3.882	-2.174	-3.165	-2.821	-1.4
8.15	-2.835	-3.046	-5.205	-3.138	-1.959	-0.8675	-5.255	-2.325	-2.198	-5.687	-4.132	-5.264	-1.571	-0.8779	-0.8824	-4.162	-2.017	-3.575	-2.947	-5.097
8.16	-2.706	-3.25	-5.214	-3.246	-5.034	-0.8643	-5.262	-2.241	-4.356	-5.683	-2.316	-5.266	-4.924	-5.567	-5.551	-4.52	-1.832	-2.934	-3.056	-4.963
8.17	-3.869	-3.176	-1.211	-3.327	-1.104	-0.9016	-1.762	-2.178	-2.111	-0.8297	-2.017	-1.575	-1.513	-0.8522	-1.167	-4.702	-1.724	-2.815	-3.306	-4.785
8.18	-3.887	-3.46	-5.239	-3.136	-0.8444	-0.9348	-5.137	-2.104	-2.112	-0.859	-1.822	-1.468	-4.985	-5.474	-5.077	-4.94	-1.599	-2.696	-3.819	-4.644
8.19	-4.017	-3.57	-5.244	-3.083	-0.8296	-0.9208	-1.477	-2.038	-4.447	-5.658	-1.699	-4.987	-1.54	-5.358	-1.758	-5.436	-1.456	-2.494	-3.647	-4.392
8.2	-2.402	-3.67	-1.274	-3.054	-5.49	-5.577	-4.975	-4.58	-4.481	-5.633	-1.475	-4.907	-1.613	-5.223	-2.184	-5.289	-5.26	-2.501	-3.774	-4.295
8.21	-2.127	-2.441	-1.233	-3.158	-4.919	-5.64	-1.914	-1.79	-2.271	-0.961	-1.01	-4.51	-4.933	-4.682	-3.381	-5.419	-5.59	-4.496	-2.749	-3.472
8.22	-2.205	-2.404	-1.3	-2.951	-4.053	-1.017	-1.844	-1.657	-4.436	-0.9963	-5.42	-2.044	-1.612	-1.722	-3.553	-0.8914	-1.072	-1.708	-4.278	-3.052
8.23	-4.336	-2.296	-1.262	-2.873	-3.399	-1.04	-2.647	-1.628	-2.015	-1.002	-5.528	-4.278	-4.975	-1.866	-3.904	-0.8571	-5.555	-2.136	-4.506	-3.46
8.24	-4.401	-2.208	-5.167	-3.781	-3.846	-1.057	-3.853	-4.994	-4.469	-5.474	-5.609	-4.208	-4.909	-4.496	-2.248	-0.9218	-1.009	-1.971	-4.669	-3.501
8.25	-2.056	-4.452	-1.205	-3.716	-2.137	-1.08	-2.248	-1.464	-2.072	-1.083	-0.9061	-4.049	-1.65	-2.219	-1.84	-5.665	-1.04	-4.929	-1.891	-3.125
8.26	-1.959	-4.565	-1.202	-3.874	-1.622	-1.107	-4.303	-1.407	-4.488	-1.129	-5.675	-2.67	-4.92	-1.874	-1.578	-1.506	-5.606	-4.779	-5.003	-2.813
8.27	-4.569	-4.637	-5.232	-2.673	-5.261	-1.142	-4.178	-5.167	-1.932	-1.195	-5.68	-3.809	-4.938	-2.612	-5.216	-1.157	-0.9454	-4.891	-5.156	-2.599
8.28	-1.599	-4.775	-1.281	-2.665	-5.522	-1.125	-4.073	-1.3	-1.619	-5.377	-0.8428	-2.98	-4.907	-3.891	-1.137	-5.318	-0.9418	-4.95	-5.297	-4.412
8.29	-1.796	-4.863	-5.209	-4.013	-5.628	-1.094	-2.622	-1.24	-2.04	-5.298	-0.8671	-3.465	-4.904	-2.899	-1.013	-4.987	-0.9183	-5.039	-5.427	-4.37
8.3	-1.796	-4.886	-5.238	-4.039	-5.641	-1.189	-3.825	-5.336	-1.996	-1.317	-0.887	-3.279	-4.894	-3.557	-5.661	-4.901	-0.9728	-5.124	-5.502	-4.794
8.31	-5.029	-5.144	-1.151	-4.492	-1.692	-5.523	-3.176	-0.9414	-4.745	-5.034	-1.09	-3.421	-4.582	-3.776	-1.057	-4.676	-1.177	-5.356	-1.013	-5.384
8.32	-4.804	-1.289	-1.294	-2.41	-1.971	-1.257	-3.036	-5.557	-1.982	-5.047	-5.531	-3.693	-1.663	-3.318	-1.221	-3.087	-5.464	-1.349	-5.759	-1.441
8.33	-4.903	-5.277	-1.248	-2.389	-3.989	-1.288	-3.453	-0.9381	-1.993	-4.932	-5.441	-2.777	-4.872	-2.882	-1.465	-3.788	-1.186	-5.394	-0.9011	-5.302
8.34	-4.909	-5.344	-0.9858	-2.403	-3.409	-1.757	-3.319	-0.8868	-2.022	-1.698	-5.371	-3.99	-4.806	-3.918	-1.782	-3.295	-1.227	-1.212	-5.719	-5.557
8.35	-1.489	-5.412	-5.244	-4.168	-2.797	-1.371	-3.238	-0.869	-4.573	-1.973	-1.278	-2.475	-4.803	-4.022	-2.153	-3.138	-1.299	-1.126	-1.039	-5.458
8.36	-1.451	-5.451	-1.248	-4.174	-4.365	-5.137	-3.122	-5.711	-1.956	-4.713	-5.209	-4.249	-4.811	-2.428	-2.627	-2.934	-1.43	-5.556	-1.047	-5.729
8.37	-5.112	-5.499	-0.9972	-4.127	-1.314	-1.49	-2.882	-5.755	-1.957	-4.623	-5.149	-4.334	-4.748	-2.369	-3.01	-2.667	-5.112	-1.056	-1.185	-0.9332
8.38	-1.362	-5.53	-5.286	-2.368	-1.284	-5.064	-3.74	-0.8428	-4.658	-4.586	-1.399	-4.428	-5.065	-2.135	-3.473	-4.234	-5.004	-1.024	-5.357	-5.813
8.39	-5.159	-5.589	-1.186	-4.244	-1.064	-1.56	-2.234	-0.8557	-4.697	-2.116	-1.682	-4.522	-4.703	-4.606	-3.887	-4.535	-4.895	-0.9595	-1.492	-5.846
8.4	-5.211	-5.61	-5.357	-2.336	-5.646	-4.986	-2.668	-0.8797	-4.68	-2.21	-1.814	-4.653	-4.663	-1.913	-4.267	-1.843	-1.85	-0.8898	-5.044	-0.8584
8.41	-5.26	-0.8727	-5.131	-2.092	-5.594	-1.871	-2.799	-5.571	-1.819	-2.549	-4.516	-1.679	-4.282	-1.332	-4.701	-1.671	-4.434	-5.749	-4.329	-1.042
8.42	-5.472	-0.8609	-5.328	-4.214	-5.097	-4.64	-2.352	-1.096	-5.14	-2.526	-4.36	-4.934	-2.034	-5.187	-1.427	-5.37	-2.308	-0.8999	-2.319	-5.755
8.43	-0.9799	-0.861	-5.323	-4.327	-1.921	-4.626	-2.229	-5.44	-1.758	-4.019	-4.281	-1.576	-4.48	-5.268	-1.195	-5.435	-4.103	-5.794	-4.115	-5.677
8.44	-5.573	-5.702	-5.349	-2.248	-2.518	-4.477	-4.46	-5.363	-1.783	-3.898	-1.993	-1.517	-4.403	-5.403	-1.02	-5.525	-3.946	-5.766	-2.896	-5.769
8.45	-0.8968	-0.8782	-5.375	-2.278	-3.134	-2.218	-2.053	-5.169	-1.586	-3.74	-4.519	-1.455	-4.376	-1.178	-5.668	-5.638	-2.904	-0.9007	-3.145	-5.517
8.46	-0.8875	-0.9319	-5.374	-2.305	-3.716	-2.331	-4.578	-1.549	-1.713	-3.633	-3.791	-5.226	-2.516	-1.094	-0.9141	-5.694	-3.151	-0.9623	-3.392	-5.411
8.47	-0.8778	-0.921	-1.398	-4.488	-4.322	-4.228	-4.651	-4.849	-1.754	-3.501	-3.646	-5.373	-4.261	-0.9921	-5.622	-5.72	-3.305	-0.9695	-3.108	-5.274
8.48	-5.707	-5.613	-1.217	-2.099	-1.821	-2.613	-1.861	-4.759	-1.726	-3.368	-3.534	-5.371	-1.549	-0.9525	-1.159	-0.9501	-3.165	-1.02	-3.939	-5.142
8.49	-5.686	-0.9935	-1.228	-2.065	-1.428	-2.722	-1.751	-4.625	-1.717	-3.426	-3.363	-1.133	-4.13	-5.71	-5.165	-0.991	-3.698	-5.643	-2.67	-5.02
8.5	-0.8632	-1.079	-1.321	-4.589	-1.126	-2.763	-1.637	-3.913	-1.706	-3.075	-3.176	-1.109	-4.242	-5.72	-4.892	-5.556	-2.797	-1.129	-4.272	-4.895
8.51	-0.8907	-1.033	-1.477	-2.001	-5.629	-3.635	-1.854	-2.766	-4.648	-3.16	-2.577	-5.599	-2.653	-0.9388	-3.015	-1.588	-4.345	-5.485	-2.143	-4.346
8.52	-1.115	-1.311	-1.336	-4.689	-5.616	-3.053	-1.554	-3.895	-4.999	-2.588	-3.891	-0.9444	-3.9	-5.627	-3.095	-4.938	-2.127	-1.294	-4.987	-2.33
8.53	-5.381	-1.391	-5.162	-4.774	-1.261	-3.16	-5.078	-3.803	-1.686	-2.374	-2.582	-5.647	-3.806	-5.584	-3.496	-2.054	-2.522	-1.37	-1.627	-2.475
8.54	-5.249	-5.139	-5.105	-1.774	-1.642	-3.26	-5.161	-3.046	-1.654	-2.331	-2.403	-5.675	-2.952	-1.124	-3.898	-4.372	-1.817	-1.397	-5.32	-2.62
8.55	-1.435	-1.637	-1.318	-1.778	-2.175	-3.317	-5.175	-3.192	-1.675	-4.464	-2.283	-5.649	-3.719	-1.222	-4.285	-4.017	-1.538	-1.495	-5.329	-3.978
8.56	-1.628	-2.304	-1.609	-1.723	-3.923	-3.416	-5.236	-3.339	-4.958	-4.826	-4.492	-5.684	-3.773	-5.369	-1.711	-3.008	-5.147	-5.171	-1.611	-2.954
8.57	-1.814	-2.005	-1.587	-4.879	-3.389	-3.475	-5.261	-3.199	-4.952	-1.916	-4.75	-5.696	-3.552	-5.267	-1.623	-3.389	-5.373	-5.109	-1.164	-3.644
8.58	-4.657	-1.876	-4.868	-1.582	-3.832	-3.073	-5.318	-3.612	-1.586	-4.839	-1.735	-5.682	-3.498	-5.151	-1.403	-2.957	-5.182	-1.798	-5.675	-3.484
8.59	-4.486	-2.004	-1.43	-1.541	-2.283	-3.008	-1.273	-3.791	-1.682	-1.688	-1.589	-5.681	-3.42	-1.547	-1.214	-2.701	-5.524	-1.849	-5.721	-3.329
8.6	-2.389	-2.025	-4.719	-5.144	-1.833	-2.916	-5.417	-3.865	-1.189	-1.489	-1.499	-5.636	-3.408	-1.735	-5.568	-4.383	-5.63	-2.037	-5.759	-3.153
8.61	-2.485	-1.897	-4.132	-1.38	-5.465	-3.083	-1.123	-3.843	-4.99	-5.417	-5.462	-1.108	-3.077	-4.644	-0.9527	-4.654	-0.9835	-1.818	-0.9701	-4.029
8.62	-3.053	-2.377	-4.377	-5.292	-5.684	-3.99	-1.115	-2.381	-1.638	-5.33	-1.143	-5.5	-3.438	-2.079	-5.635	-1.514	-5.674	-4.576	-5.758	-2.662
8.63	-3.746	-4.205	-4.211	-1.314	-0.9032	-2.54	-5.548	-4.376	-1.683	-5.262	-5.665	-5.444	-3.524	-2.306	-5.527	-1.356	-0.9988	-4.496	-1.085	-3.192
8.64	-3.049	-4.104	-4.107	-1.26	-0.9323	-2.432	-5.555	-2.149	-1.649	-5.362	-0.9333	-5.412	-3.662	-2.534	-5.283	-5.478	-1.059	-4.434	-1.145	-3.128
8.65	-2.778	-3.422	-2.628	-5.46	-1.039	-4.335	-5.584	-2.027	-4.978	-5.377	-0.9467	-1.312	-3.67	-4.018	-4.958	-5.58	-1.05	-4.357	-1.186	-2.827
8.66	-2.497	-3.912	-2.74	-1.161	-5.344	-2.156	-0.9224	-1.872	-4.986	-1.245	-0.8983	-1.412	-2.995	-3.831	-2.231	-5.658	-1.319	-4.297	-5.681	-2.739
8.67	-4.35	-3.772	-3.761	-1.129	-5.014	-2.057	-5.608	-1.797	-4.95	-1.196	-0.9317	-1.439	-3.612	-3.062	-2.544	-5.755	-5.459	-4.199	-1.379	-2.471
8.68	-2.048	-3.731	-3.72	-5.218	-4.613	-4.741	-0.9912	-1.476	-1.679	-1.104	-0.9475	-1.528	-3.795	-3.574	-3.038	-5.734	-1.49	-2.734	-1.492	-2.272
8.69	-1.843	-3.043	-3.573	-1.05	-4.185	-4.814	-5.645	-1.548	-1.688	-1.097	-1.032	-5.099	-3.75	-3.315	-3.3	-1.105	-1.507	-2.806	-1.609	-4.743
8.7	-4.962	-3.56	-3.479	-1.349	-3.632	-1.338	-5.639	-5.084	-1.709	-1.146	-1.068	-2.171	-2.854	-3.116	-3.991	-5.656	-5.241	-2.956	-1.739	-4.926
8.71	-5.344	-3.459	-2.885	-0.8968	-3.984	-5.146	-0.969	-1.291	-5.182	-1.166	-1.431	-4.874	-2.56	-3.96	-1.911	-5.48	-1.658	-3.619	-2.196	-5.474
8.72	-5.363	-3.198	-3.532	-5.657	-4.399	-1.376	-0.9422	-5.431	-1.815	-1.068	-5.271	-1.976	-3.993	-2.544	-5.164	-1.671	-4.891	-3.205	-4.54	-1.452
8.73	-5.507	-3.052	-3.652	-0.9604	-1.762	-1.249	-0.9523	-5.667	-1.876	-5.568	-5.159	-2.025	-2.734	-4.391	-5.382	-1.823	-4.818	-3.268	-4.449	-1.312
8.74	-5.57	-2.964	-2.95	-0.944	-1.494	-1.208	-5.713	-1.129	-1.852	-5.599	-5.003	-2.122	-4.052	-4.017	-5.588	-2.204	-4.673	-3.363	-2.614	-1.239
8.75	-5.657	-3.857	-3.714	-0.9397	-1.244	-1.117	-5.727	-1.128	-4.755	-5.56	-4.856	-2.235	-2.732	-4.747	-0.9775	-2.339	-4.465	-3.465	-4.008	-5.719
8.76	-0.9042	-4.293	-2.879	-0.9277	-5.55	-5.588	-0.9751	-1.088	-5.111	-5.705	-4.787	-2.341	-4.044	-4.867	-5.748	-2.656	-4.439	-3.572	-3.88	-1.069
8.77	-0.9215	-4.133	-3.937	-5.741	-5.706	-5.713	-5.694	-1.066	-4.714	-5.682	-4.489	-4.346	-2.733	-5.052	-1.092	-3.88	-4.123	-3.719	-3.599	-1.03
8.78	-0.9204	-4.275	-2.678	-5.766	-5.73	-5.706	-0.9466	-1.034	-4.694	-1.038	-4.341	-4.227	-2.768	-5.145	-1.347	-3.666	-2.807	-3.799	-3.363	-0.9974
8.79	-5.724	-2.31	-3.962	-5.713	-0.9758	-0.9188	-0.9428	-5.711	-1.899	-5.638	-2.677	-3.547	-2.775	-5.281	-1.656	-3.382	-3.03	-3.928	-3.703	-5.879
8.8	-5.658	-2.172	-4.102	-0.878	-1.126	-5.794	-5.687	-0.965	-4.653	-5.664	-2.865	-2.74	-2.814	-1.345	-2.081	-3.132	-3.256	-4.103	-2.95	-5.886
8.81	-5.6	-4.884	-4.201	-5.731	-1.453	-0.9835	-1.024	-5.783	-2.029	-5.48	-3.444	-2.608	-3.791	-1.007	-3.517	-2.597	-3.246	-2.536	-4.368	-1.022
8.82	-5.404	-5.248	-4.349	-0.8873	-2.094	-5.496	-5.677	-0.9486	-4.569	-5.619	-3.526	-3.712	-2.947	-5.392	-3.553	-4.294	-3.893	-4.417	-2.315	-5.865
8.83	-5.26	-1.568	-2.384	-5.75	-2.442	-5.684	-5.643	-0.9009	-4.566	-5.616	-3.726	-3.174	-2.991	-1.027	-4.028	-2.239	-4.018	-2.334	-2.091	-5.853
8.84	-5.041	-1.459	-2.296	-5.789	-2.894	-1.122	-5.689	-0.957	-2.186	-1.056	-2.941	-3.562	-3.072	-5.738	-4.46	-1.629	-4.29	-2.131	-1.966	-5.832
8.85	-1.729	-5.333	-4.461	-5.755	-3.414	-1.278	-0.9995	-5.748	-4.528	-1.065	-3.802	-3.485	-3.147	-0.9795	-1.88	-4.862	-2.396	-2.137	-1.684	-5.821
8.86	-1.809	-5.448	-2.751	-5.768	-2.95	-5.378	-1.03	-5.685	-4.472	-1.04	-2.62	-3.373	-3.176	-0.9742	-5.171	-1.673	-4.618	-4.773	-2.197	-1.074
8.87	-4.767	-1.139	-2.136	-5.743	-2.537	-5.211	-1.007	-5.677	-4.819	-5.67	-4.41	-3.485	-3.306	-5.788	-1.302	-1.507	-2.01	-1.516	-1.949	-1.107
8.88	-4.645	-5.6	-2.184	-5.79	-2.121	-5.055	-1.022	-1.106	-2.308	-5.687	-2.222	-3.228	-3.316	-5.736	-1.073	-5.265	-1.878	-5.333	-5.502	-1.172
8.89	-4.423	-5.642	-4.71	-0.9167	-1.775	-1.887	-1.009	-5.536	-4.417	-1.031	-4.704	-3.194	-3.378	-0.9476	-5.75	-1.324	-5.1	-5.122	-5.647	-1.291
8.9	-4.293	-0.9295	-4.742	-5.762	-1.467	-2.069	-1.026	-5.42	-4.362	-1.031	-1.904	-3.661	-3.512	-5.758	-0.994	-1.198	-1.614	-5.26	-1.165	-5.754
8.91	-4.083	-5.761	-5.149	-0.8973	-5.658	-2.147	-0.9536	-1.671	-3.865	-1.146	-5.341	-3.003	-3.108	-1.114	-1.191	-5.629	-5.008	-1.42	-5.795	-1.425
8.92	-3.797	-0.9238	-4.913	-5.77	-0.9506	-4.1	-5.647	-5.04	-2.603	-1.003	-2.032	-3.85	-3.74	-5.664	-5.024	-1	-1.304	-5.425	-1.066	-5.601
8.93	-3.547	-0.9337	-4.973	-5.77	-0.9233	-2.901	-1.082	-4.87	-2.661	-0.9896	-1.498	-3.907	-2.967	-5.675	-2.233	-0.9911	-1.214	-5.532	-1.052	-5.17
8.94	-3.275	-5.703	-1.702	-5.776	-5.74	-3.706	-1.091	-2.033	-2.724	-0.9727	-1.491	-2.743	-2.846	-5.627	-2.703	-0.9981	-5.628	-1.255	-1.088	-1.757
8.95	-3.235	-5.605	-1.608	-0.9735	-5.579	-3.266	-1.112	-2.326	-2.85	-0.9839	-1.392	-4.06	-2.715	-1.121	-3.152	-5.744	-1.115	-1.221	-5.713	-4.943
8.96	-2.48	-1.218	-2.203	-1.005	-1.302	-3.438	-1.176	-4.373	-3.824	-0.9902	-1.258	-2.634	-2.113	-5.585	-3.036	-5.735	-1.078	-1.199	-1.221	-4.811
8.97	-2.842	-5.24	-1.476	-5.771	-1.592	-4.161	-1.177	-4.184	-2.79	-5.72	-1.187	-4.28	-4.151	-1.217	-2.599	-1.121	-5.756	-1.149	-5.59	-2.189
8.98	-2.726	-1.43	-1.434	-5.738	-4.071	-2.938	-1.23	-3.452	-3.174	-0.9774	-5.611	-4.321	-4.219	-5.5	-2.157	-5.618	-5.752	-1.086	-1.343	-2.307
8.99	-2.462	-5.14	-4.961	-5.705	-4.411	-2.736	-1.219	-3.01	-3.306	-0.9702	-5.65	-4.436	-2.456	-1.305	-5.018	-5.557	-1.042	-1.069	-1.484	-2.547
9	-2.373	-4.699	-5.379	-5.7	-3.981	-2.577	-1.31	-3.652	-3.404	-0.9596	-5.716	-4.524	-4.421	-5.391	-5.332	-1.365	-5.747	-1.032	-1.558	-2.681
9.01	-2.284	-4.841	-5.448	-5.763	-4.305	-2.615	-4.831	-3.936	-3.257	-0.984	-5.753	-4.381	-2.078	-1.419	-0.9855	-5.172	-5.574	-5.819	-5.13	-3.299
9.02	-1.812	-4.159	-5.512	-1.174	-2.021	-4.661	-1.5	-3.164	-3.702	-0.9849	-0.9545	-2.005	-4.625	-5.211	-5.77	-1.818	-1.14	-1.024	-1.994	-3.548
9.03	-1.738	-4.008	-5.586	-1.016	-2.245	-1.951	-1.563	-3.023	-3.84	-5.804	-5.789	-4.903	-4.646	-5.237	-5.678	-5.014	-1.186	-1.058	-2.163	-3.613
9.04	-5.078	-3.477	-5.625	-1.041	-4.816	-1.768	-4.688	-2.851	-4.042	-5.78	-0.9711	-4.934	-4.857	-5.097	-1.39	-4.901	-1.244	-1.045	-4.581	-3.722
9.05	-5.189	-3.552	-1.161	-1.06	-5.096	-1.724	-1.712	-4.063	-4.193	-0.9901	-0.9754	-1.68	-1.946	-1.727	-1.734	-4.699	-1.235	-1.138	-4.6	-4.032
9.06	-1.399	-4.174	-5.634	-1.07	-5.338	-1.641	-4.959	-2.591	-4.13	-1.033	-0.9822	-5.162	-4.829	-4.967	-2.201	-2.251	-1.096	-5.675	-2.547	-2.694
9.07	-5.408	-3.881	-5.656	-1.118	-5.531	-5.168	-4.9	-4.387	-3.843	-1.019	-5.753	-5.24	-4.909	-1.85	-2.76	-2.474	-5.49	-5.595	-2.994	-4.284
9.08	-5.447	-4.258	-5.658	-5.606	-5.664	-1.485	-4.696	-2.359	-4.517	-1.037	-5.71	-5.338	-4.992	-4.868	-3.497	-4.281	-1.414	-5.506	-3.181	-4.642
9.09	-5.735	-4.405	-5.681	-5.562	-5.78	-5.32	-4.638	-2.237	-4.674	-1.047	-1.012	-5.422	-1.725	-2.058	-2.758	-4.001	-1.448	-1.501	-3.451	-4.871
9.1	-0.9157	-2.007	-5.714	-1.2	-5.818	-1.367	-2.283	-2.121	-4.694	-1.012	-0.9941	-5.471	-1.646	-4.848	-2.364	-4.038	-5.368	-1.656	-3.328	-5.076
9.11	-0.9515	-4.76	-5.015	-1.127	-1.051	-5.655	-4.661	-4.842	-5.276	-1.055	-5.538	-1.117	-4.989	-2.126	-5.333	-3.221	-1.639	-1.685	-3.953	-1.466
9.12	-0.9796	-5.223	-1.043	-5.409	-5.552	-1.128	-2.623	-1.856	-1.644	-1.075	-1.249	-5.623	-1.431	-4.527	-1.241	-3.473	-5.154	-4.785	-2.653	-5.641
9.13	-1.004	-5.348	-1.023	-5.396	-1.369	-1.059	-2.711	-4.927	-5.27	-5.749	-1.26	-1.072	-5.564	-2.368	-5.722	-3.344	-1.774	-2.273	-2.504	-5.77
9.14	-5.69	-1.209	-1.023	-5.28	-1.629	-1.072	-3.35	-4.963	-1.437	-5.696	-5.463	-1.037	-1.388	-4.61	-5.769	-3.15	-1.821	-2.461	-2.871	-5.877
9.15	-5.641	-5.534	-1.057	-5.252	-1.906	-0.9462	-3.825	-5.05	-1.315	-5.675	-1.347	-1.002	-1.373	-4.243	-1.204	-2.996	-1.961	-2.648	-4.778	-0.9934
9.16	-1.137	-5.63	-1.005	-1.672	-4.562	-0.9911	-3.018	-5.085	-5.53	-5.635	-1.45	-5.771	-1.32	-4.262	-1.897	-2.783	-2.035	-2.78	-4.888	-1.064
9.17	-1.263	-1.075	-1.022	-5.118	-2.549	-5.824	-3.106	-1.614	-5.66	-5.631	-5.297	-1.007	-5.43	-2.76	-4.892	-4.176	-2.176	-3.963	-5.006	-0.9648
9.18	-5.342	-5.701	-1.012	-2.25	-3.928	-0.9159	-3.597	-1.638	-1.132	-1.167	-1.533	-5.723	-1.348	-4.118	-4.338	-2.495	-1.815	-3.84	-5.137	-1.097
9.19	-1.439	-5.773	-1.056	-4.958	-3.255	-5.839	-3.497	-1.6	-5.743	-5.533	-5.133	-1.027	-1.261	-3.977	-3.235	-2.394	-2.344	-3.618	-1.681	-5.704
9.2	-1.527	-0.9845	-1.067	-4.841	-3.577	-5.807	-3.405	-5.297	-5.781	-5.645	-5.068	-5.737	-1.202	-2.894	-2.974	-4.561	-2.429	-3.274	-5.323	-5.647
9.21	-1.811	-5.675	-0.9791	-5.047	-3.922	-5.803	-3.69	-1.545	-0.9765	-5.735	-1.867	-5.78	-1.289	-3.893	-5.163	-1.947	-4.255	-3.404	-1.928	-5.143
9.22	-1.881	-1.087	-1.306	-2.2	-4.548	-1.066	-3.204	-5.274	-5.789	-5.569	-4.821	-1.173	-5.667	-2.444	-1.457	-4.968	-2.081	-3.637	-5.563	-1.712
9.23	-4.752	-1.178	-1.094	-4.572	-4.872	-1.103	-3.134	-1.479	-5.763	-1.218	-4.744	-1.213	-5.669	-3.07	-1.153	-5.073	-2.99	-3.747	-1.32	-2.038
9.24	-4.659	-1.384	-5.708	-2.308	-5.061	-5.53	-3.104	-1.484	-0.9811	-1.259	-2.179	-5.607	-1.138	-3.095	-1.046	-5.209	-3.754	-3.804	-5.661	-4.633
9.25	-2.302	-5.426	-1.121	-2.393	-5.327	-1.232	-3.092	-1.472	-5.697	-1.263	-4.591	-1.321	-1.09	-3.749	-1.123	-1.547	-3.857	-3.044	-1.272	-4.493
9.26	-2.433	-5.309	-1.056	-2.518	-5.447	-5.465	-2.923	-5.341	-1.128	-5.579	-4.476	-1.447	-5.699	-3.12	-1.367	-5.345	-3.486	-2.987	-5.736	-4.089
9.27	-2.614	-1.667	-5.709	-2.559	-5.571	-5.374	-3.002	-1.445	-5.576	-5.487	-4.377	-1.532	-1.116	-3.681	-1.745	-5.4	-3.519	-2.859	-1.178	-3.151
9.28	-4.087	-5.047	-1.089	-4.172	-1.063	-5.295	-2.943	-5.376	-1.197	-1.299	-2.516	-5.229	-5.706	-3.193	-4.107	-1.362	-3.697	-2.823	-5.769	-3.524
9.29	-3.972	-4.888	-1.051	-4.113	-5.772	-1.652	-2.841	-5.351	-5.439	-5.506	-2.57	-5.128	-5.753	-3.751	-4	-1.172	-3.821	-2.765	-1.168	-3.289
9.3	-3.822	-4.23	-1.114	-3.984	-5.806	-4.823	-2.787	-5.36	-1.438	-5.515	-4.204	-1.875	-5.712	-3.247	-3.466	-1.096	-2.932	-2.625	-5.792	-2.995
9.31	-3.721	-4.731	-0.9857	-2.61	-5.805	-2.801	-4.316	-1.476	-5.369	-5.688	-2.801	-4.645	-1.022	-3.943	-4.297	-1.311	-2.355	-2.903	-1.128	-2.113
9.32	-3.68	-4.256	-1.082	-3.752	-5.684	-4.434	-2.623	-5.342	-1.677	-5.498	-3.862	-2.208	-5.741	-3.358	-1.762	-5.667	-4.45	-4.355	-5.817	-4.824
9.33	-3.848	-4.13	-1.051	-3.075	-1.181	-4.356	-4.184	-1.479	-5.083	-5.432	-3.835	-2.447	-5.751	-3.391	-5.35	-1.105	-4.66	-2.527	-5.857	-5.101
9.34	-4.054	-2.968	-1.055	-3.59	-5.474	-4.253	-4.229	-5.321	-5.159	-5.487	-3.718	-2.495	-1.079	-3.459	-1.149	-1.096	-4.775	-2.524	-5.85	-5.295
9.35	-2.584	-3.781	-5.545	-3.4	-5.209	-3.42	-4.271	-5.299	-4.939	-5.478	-3.691	-4.227	-1.068	-3.448	-1.101	-1.089	-4.933	-2.505	-5.844	-1.518
9.36	-2.406	-3.239	-5.762	-3.488	-5.004	-3.533	-2.415	-5.265	-1.999	-1.341	-3.64	-4.107	-5.773	-3.529	-5.814	-1.026	-5.078	-4.895	-5.858	-1.323
9.37	-2.228	-3.361	-5.787	-3.246	-4.82	-3.586	-2.505	-1.55	-4.724	-5.496	-3.596	-3.845	-5.742	-3.357	-5.779	-1.005	-5.237	-4.453	-1.127	-1.208
9.38	-2.026	-3.551	-5.767	-3.211	-4.485	-3.369	-4.416	-1.262	-4.64	-1.393	-3.539	-3.79	-5.772	-3.73	-1.318	-5.847	-5.333	-2.446	-5.818	-5.861
9.39	-1.87	-3.746	-0.9959	-3.678	-4.339	-3.66	-4.459	-5.283	-2.301	-1.373	-3.541	-3.69	-5.735	-3.348	-1.654	-5.833	-5.286	-2.458	-5.821	-5.895
9.4	-5.011	-2.948	-0.9973	-3.744	-4.045	-3.012	-2.335	-5.048	-4.488	-1.349	-3.494	-3.353	-5.764	-3.921	-2.063	-5.825	-5.438	-2.486	-1.126	-5.945
9.41	-1.34	-4.243	-0.9372	-3.543	-3.746	-4.362	-4.73	-1.528	-2.212	-4.542	-2.947	-3.074	-1.039	-2.973	-2.687	-5.808	-5.754	-4.595	-5.803	-1.012
9.42	-5.423	-4.354	-0.9908	-2.923	-3.706	-2.102	-1.893	-5.252	-4.131	-1.296	-3.441	-3.759	-5.804	-4.25	-3.411	-1.141	-1.178	-2.502	-1.122	-5.835
9.43	-1.181	-4.532	-0.9512	-2.846	-4.034	-4.776	-2.101	-5.221	-4.089	-5.58	-3.395	-4.099	-5.824	-2.553	-2.907	-1.22	-1.139	-2.522	-1.145	-1.165
9.44	-1.184	-4.673	-1.001	-2.77	-4.309	-4.948	-2.026	-5.342	-3.94	-5.593	-3.46	-2.373	-5.849	-4.47	-2.447	-1.276	-1.112	-4.598	-1.171	-5.64
9.45	-1.103	-4.753	-1.003	-2.794	-2.23	-5.094	-4.813	-5.29	-3.818	-1.266	-3.461	-2.824	-1.07	-2.34	-2.02	-5.51	-1.112	-4.424	-1.181	-1.43
9.46	-5.742	-4.913	-5.813	-2.778	-1.845	-5.219	-5.036	-5.553	-2.903	-1.233	-3.437	-2.775	-5.801	-4.683	-5.236	-1.348	-1.123	-4.404	-1.158	-1.587
9.47	-0.9566	-1.792	-1.013	-2.649	-1.728	-5.356	-4.915	-5.288	-3.288	-1.24	-3.472	-4.248	-1.089	-4.145	-5.455	-1.425	-5.756	-4.488	-1.192	-1.687
9.48	-0.9862	-1.661	-0.9937	-2.565	-1.509	-1.35	-5.022	-5.336	-3.387	-1.186	-3.47	-4.345	-1.088	-4.868	-5.61	-5.375	-5.717	-4.467	-1.173	-1.876
9.49	-0.9769	-5.224	-0.9776	-2.619	-1.326	-1.234	-5.075	-5.307	-3.499	-1.185	-3.453	-2.54	-1.092	-1.938	-1.1	-4.875	-5.629	-2.56	-1.202	-2.104
9.5	-0.9866	-5.544	-5.818	-2.509	-5.685	-5.69	-5.088	-5.364	-3.68	-1.155	-3.502	-2.413	-1.053	-1.801	-1.189	-5.249	-5.574	-2.524	-5.791	-4.708
9.51	-5.656	-5.572	-5.761	-2.837	-5.801	-1.026	-1.594	-1.27	-2.926	-5.664	-3.451	-4.873	-5.789	-5.157	-1.171	-2.112	-1.559	-2.901	-5.636	-3.08
9.52	-1.131	-1.094	-5.811	-4.407	-0.95	-5.822	-5.255	-5.485	-4.07	-1.094	-3.502	-2.067	-1.07	-2.098	-5.259	-4.912	-5.255	-4.9	-1.192	-3.045
9.53	-1.233	-5.605	-5.845	-4.423	-5.87	-5.871	-1.5	-1.292	-4.208	-1.105	-3.437	-4.936	-5.81	-1.415	-4.784	-4.887	-5.18	-2.592	-1.234	-3.242
9.54	-1.364	-5.665	-0.9938	-4.442	-1.058	-5.857	-1.46	-1.292	-4.373	-1.091	-3.434	-1.893	-5.828	-1.331	-2.418	-4.749	-5.269	-2.53	-1.221	-3.517
9.55	-1.487	-1.107	-1.023	-2.285	-1.227	-5.86	-1.332	-1.286	-2.379	-5.806	-3.469	-5.071	-5.817	-5.648	-3.997	-4.605	-2.222	-2.667	-5.755	-3.873
9.56	-5.189	-1.115	-0.9871	-2.336	-1.349	-5.844	-1.351	-5.607	-4.567	-1.049	-3.407	-1.73	-1.032	-1.191	-3.486	-5.829	-2.413	-2.652	-1.276	-3.084
9.57	-4.981	-1.022	-0.9965	-2.275	-1.576	-1.055	-5.553	-5.683	-2.417	-5.832	-3.588	-1.668	-5.856	-5.759	-3.833	-2.445	-4.383	-2.76	-1.298	-2.816
9.58	-4.799	-1.072	-1.015	-4.579	-1.841	-5.792	-5.579	-5.778	-4.857	-1.031	-3.599	-1.574	-1.077	-1.114	-4.321	-5.789	-2.856	-2.779	-1.345	-2.649
9.59	-4.632	-1.032	-5.814	-4.567	-4.73	-1.155	-5.655	-1.104	-1.921	-5.831	-3.535	-5.341	-5.828	-1.078	-2.125	-2.211	-3.907	-2.551	-5.678	-2.346
9.6	-2.438	-1.048	-5.81	-4.65	-4.457	-1.183	-1.126	-5.785	-5.128	-1.018	-3.302	-5.427	-1.053	-5.863	-1.73	-5.409	-3.399	-2.751	-5.658	-2.176
9.61	-3.598	-5.759	-1.051	-2.15	-4.058	-1.119	-5.764	-5.79	-1.829	-5.73	-3.771	-1.514	-5.823	-1.029	-5.659	-2.95	-2.756	-3.185	-5.405	-1.662
9.62	-3.162	-1.062	-1.04	-4.677	-3.502	-5.504	-1.058	-1.013	-5.358	-1.034	-3.136	-5.571	-1.019	-5.815	-1.096	-4.038	-4.125	-4.169	-1.268	-1.676
9.63	-3.377	-5.781	-1.053	-4.674	-3.216	-5.445	-5.783	-5.886	-5.443	-0.9975	-3.058	-1.269	-1.02	-1.096	-1.046	-2.575	-4.375	-2.88	-1.48	-1.503
9.64	-3.3	-5.718	-5.822	-2.162	-2.878	-1.573	-5.807	-5.903	-5.5	-5.879	-3.035	-5.621	-1.064	-5.78	-5.727	-2.735	-2.374	-2.862	-5.516	-1.415
9.65	-3.88	-5.663	-5.764	-2.16	-2.582	-1.69	-1.041	-1.02	-1.36	-5.827	-2.993	-1.244	-5.835	-5.768	-1.441	-2.757	-4.848	-2.922	-5.476	-1.292
9.66	-4.078	-1.246	-5.747	-5.148	-4.577	-4.955	-1.031	-5.822	-5.581	-5.845	-3.029	-1.093	-1.037	-1.208	-5.052	-3.294	-1.953	-3.993	-5.442	-5.798
9.67	-4.327	-5.6	-5.724	-4.796	-1.59	-1.969	-1.081	-1.078	-1.283	-1.028	-2.883	-5.732	-5.869	-1.246	-2.312	-3.294	-1.712	-4.035	-5.393	-5.877
9.68	-4.535	-5.415	-1.129	-2.032	-1.793	-2.051	-1.05	-1.118	-5.674	-1.03	-2.817	-5.767	-1.061	-5.614	-2.888	-3.165	-5.461	-3.94	-1.689	-5.929
9.69	-2.135	-5.449	-1.082	-4.753	-1.577	-2.255	-5.561	-1.187	-5.678	-1.049	-2.769	-5.805	-5.906	-1.355	-3.492	-3.351	-1.38	-3.919	-1.735	-1.027
9.7	-1.951	-5.292	-1.142	-4.779	-1.429	-2.352	-1.577	-5.646	-1.205	-5.848	-4.249	-1.127	-5.886	-1.386	-4.088	-3.227	-1.138	-3.186	-5.266	-1.078
9.71	-5.523	-5.455	-1.335	-1.702	-5.765	-2.422	-1.092	-5.707	-5.686	-1.088	-2.245	-5.867	-1.078	-1.541	-1.75	-3.585	-5.857	-3.769	-4.953	-1.101
9.72	-1.321	-1.777	-1.174	-4.818	-1.02	-4.044	-5.67	-1.469	-1.865	-5.805	-4.431	-1.076	-5.847	-5.31	-5.489	-3.382	-1.062	-3.325	-1.897	-1.166
9.73	-1.302	-1.811	-1.222	-4.799	-5.876	-3.821	-1.295	-1.581	-5.737	-5.821	-2.502	-5.831	-5.83	-1.707	-5.761	-3.462	-1.175	-3.483	-1.936	-5.813
9.74	-5.597	-1.901	-1.229	-4.857	-5.849	-3.343	-1.32	-1.641	-5.76	-1.141	-2.402	-1.08	-5.845	-1.801	-1.082	-3.188	-1.258	-3.538	-5.084	-5.725
9.75	-5.745	-4.937	-5.64	-4.842	-5.792	-3.445	-5.537	-1.806	-5.763	-5.798	-3.035	-5.886	-1.102	-4.973	-5.711	-3.583	-5.61	-3.421	-5.02	-5.616
9.76	-5.8	-2.115	-5.588	-2.015	-1.14	-3.21	-1.44	-1.823	-1.159	-5.813	-4.694	-5.859	-5.837	-2.088	-5.406	-3.9	-5.43	-3.29	-4.942	-1.548
9.77	-5.856	-4.709	-5.574	-4.885	-1.275	-3.925	-1.492	-1.972	-5.693	-1.142	-2.228	-5.852	-1.117	-4.762	-4.878	-3.528	-5.22	-3.228	-4.892	-1.617
9.78	-0.9796	-4.67	-5.578	-4.96	-1.49	-4.211	-1.561	-2.083	-1.149	-1.184	-4.829	-1.081	-5.492	-2.182	-4.279	-2.883	-1.999	-3.28	-2.24	-5.223
9.79	-0.9721	-4.539	-5.561	-2.037	-5.177	-4.355	-1.603	-2.196	-5.781	-1.197	-2.137	-5.827	-1.238	-4.311	-3.403	-3.54	-2.333	-3.974	-2.305	-5.28
9.8	-5.867	-4.42	-5.547	-1.919	-4.919	-4.956	-1.636	-2.299	-1.214	-5.764	-4.859	-1.084	-5.738	-2.877	-2.835	-4.557	-4.384	-2.996	-4.655	-4.995
9.81	-5.853	-2.642	-5.31	-4.897	-4.557	-4.56	-5.076	-2.271	-5.681	-1.296	-4.933	-1.058	-1.551	-4.086	-5.548	-4.515	-3.244	-2.496	-4.184	-4.281
9.82	-1.279	-4.159	-5.484	-1.974	-3.26	-1.871	-1.796	-4.29	-1.268	-5.737	-1.973	-5.845	-5.614	-3.656	-1.253	-4.243	-3.263	-4.37	-2.625	-4.497
9.83	-5.455	-4.111	-1.426	-4.896	-3.432	-5.176	-5.031	-4.175	-1.324	-1.17	-5.066	-5.81	-1.473	-3.773	-5.848	-3.312	-3.592	-2.581	-2.699	-2.802
9.84	-1.669	-4.059	-1.2	-1.946	-3.809	-1.603	-1.958	-2.917	-1.334	-1.246	-1.892	-5.791	-1.498	-4.126	-1.259	-3.753	-2.695	-3.008	-2.804	-2.948
9.85	-1.851	-3.967	-1.471	-4.894	-4.182	-5.436	-4.927	-3.072	-4.756	-5.775	-1.863	-5.783	-1.561	-2.629	-1.598	-3.521	-2.241	-2.706	-2.887	-4.168
9.86	-2.071	-3.845	-1.475	-4.937	-2.417	-1.324	-2.153	-3.755	-5.54	-5.778	-1.869	-5.75	-5.335	-4.631	-2.236	-3.728	-5.167	-2.239	-2.429	-3.762
9.87	-2.313	-3.799	-1.529	-4.916	-2.079	-1.225	-2.237	-3.313	-1.405	-1.17	-5.092	-5.725	-1.706	-2.166	-4.094	-3.743	-5.412	-4.899	-3.075	-3.578
9.88	-4.393	-3.789	-1.588	-1.959	-1.804	-1.192	-2.365	-3.451	-1.441	-5.791	-5.123	-1.241	-5.191	-5.082	-3.283	-3.697	-5.64	-5.024	-3.148	-3.377
9.89	-2.819	-3.719	-1.608	-4.936	-1.555	-5.747	-2.707	-3.397	-1.45	-5.839	-5.183	-1.308	-1.914	-5.273	-4.472	-4.314	-5.766	-5.118	-3.275	-3.192
9.9	-3.859	-3.32	-1.651	-4.995	-1.226	-5.859	-4.496	-3.208	-5.472	-5.833	-4.707	-1.358	-5.046	-1.551	-5.099	-3.309	-5.854	-1.87	-3.415	-3.991
9.91	-3.65	-3.042	-2.113	-4.693	-5.703	-1.013	-2.901	-4.015	-1.569	-1.096	-1.8	-5.481	-2.557	-5.702	-1.11	-3.767	-1.141	-5.361	-3.138	-4.453
9.92	-3.063	-3.411	-1.943	-1.945	-1.026	-5.887	-4.134	-2.886	-5.467	-5.859	-4.952	-1.505	-4.17	-1.156	-5.84	-3.156	-5.838	-1.574	-3.836	-4.582
9.93	-2.838	-3.404	-5.08	-1.897	-1.039	-5.855	-3.951	-4.222	-1.476	-5.874	-1.835	-5.404	-4.692	-5.888	-1.579	-3.871	-5.738	-1.503	-3.291	-2.416
9.94	-2.59	-3.295	-4.8	-1.898	-1.152	-5.78	-3.378	-4.834	-5.383	-1.076	-5.241	-5.345	-4.586	-1.095	-2.201	-3.133	-5.632	-1.407	-4.016	-2.228
9.95	-2.39	-2.705	-4.744	-1.862	-5.678	-5.725	-3.669	-4.492	-5.465	-5.897	-1.905	-5.308	-2.556	-1.096	-3.914	-3.114	-5.469	-1.387	-4.112	-2.012
9.96	-4.772	-3.749	-4.632	-1.776	-1.453	-1.354	-3.528	-2.369	-5.449	-1.079	-1.937	-1.796	-4.429	-1.156	-3.829	-3.061	-5.361	-1.302	-4.234	-1.898
9.97	-4.887	-3.145	-4.533	-5.278	-5.271	-5.496	-3.599	-2.322	-1.465	-1.107	-5.005	-1.815	-2.626	-5.883	-2.322	-3.97	-5.217	-1.317	-2.982	-5.342
9.98	-5.061	-3.848	-2.467	-5.457	-1.95	-1.637	-3.164	-4.709	-5.512	-1.106	-4.966	-5.124	-4.322	-1.328	-5.542	-4.078	-2.048	-1.214	-4.429	-1.666
9.99	-1.752	-3.91	-2.543	-5.09	-2.252	-5.167	-3.051	-2.132	-1.46	-1.194	-2.159	-5.085	-2.849	-5.513	-1.282	-4.047	-4.701	-1.209	-2.733	-1.505
10	-5.313	-3.981	-2.592	-5.157	-4.396	-4.462	-4.109	-4.918	-1.459	-5.718	-4.793	-5.028	-4.133	-1.58	-5.84	-3.022	-2.566	-5.911	-2.543	-1.41
10.01	-1.346	-4.116	-2.925	-1.412	-3.647	-2.49	-2.427	-1.778	-5.472	-5.476	-2.553	-2.116	-2.941	-5.242	-1.655	-3.149	-4.055	-5.911	-2.021	-1.098
10.02	-5.545	-4.122	-2.859	-5.231	-3.656	-4.418	-4.573	-5.214	-1.355	-1.264	-4.57	-4.865	-3.95	-2.046	-4.409	-2.378	-2.761	-1.151	-4.897	-1.131
10.03	-5.658	-2.797	-2.985	-5.333	-3.999	-2.761	-2.233	-5.622	-5.693	-1.458	-2.549	-2.2	-3.908	-4.753	-3.465	-3.768	-3.602	-1.118	-2.127	-1.1
10.04	-5.739	-2.5	-3.023	-5.288	-4.502	-3.068	-2.005	-1.637	-5.681	-5.352	-2.647	-4.728	-3.637	-4.522	-2.683	-5.932	-3.842	-1.117	-5.082	-1.087
10.05	-5.766	-2.713	-3.09	-5.292	-4.55	-3.123	-1.919	-5.414	-5.747	-1.627	-4.248	-2.369	-3.278	-4.304	-1.948	-2.976	-3.028	-1.13	-5.192	-6.009
10.06	-1.109	-4.284	-3.845	-1.585	-4.811	-3.692	-1.77	-5.433	-1.196	-1.442	-4.216	-2.451	-3.351	-2.939	-1.456	-2.9	-4.264	-1.179	-5.27	-1.127
10.07	-1.058	-2.523	-3.79	-5.329	-5.051	-3.518	-5.289	-1.406	-5.801	-5.162	-2.944	-2.427	-3.583	-3.907	-5.848	-4.126	-4.536	-1.118	-5.343	-1.119
10.08	-1.041	-4.439	-3.236	-5.309	-5.187	-3.355	-1.534	-5.582	-1.142	-1.911	-3.223	-2.6	-3.517	-3.363	-1.197	-4.059	-2.415	-1.127	-1.746	-5.908
10.09	-5.878	-2.391	-3.278	-5.328	-1.524	-3.856	-1.422	-1.294	-5.841	-2.015	-3.906	-3.903	-3.445	-3.583	-5.44	-3.022	-4.889	-1.15	-1.662	-1.276
10.1	-5.876	-2.272	-3.322	-1.447	-5.545	-4.01	-1.319	-1.291	-1.095	-5.174	-3.781	-4.417	-3.633	-3.669	-2.265	-4.07	-5.075	-1.16	-5.537	-5.697
10.11	-1.038	-4.798	-3.823	-5.437	-1.346	-2.595	-1.15	-1.379	-5.904	-4.348	-3.387	-4.632	-2.575	-4.046	-2.873	-2.907	-1.703	-1.239	-5.631	-5.305
10.12	-5.914	-2.219	-3.483	-1.535	-5.81	-4.46	-5.836	-5.768	-1.057	-2.49	-3.455	-2.821	-3.94	-3.277	-4.822	-4.082	-5.541	-5.936	-1.468	-5.426
10.13	-1.03	-4.738	-3.473	-1.569	-5.9	-4.592	-5.846	-5.791	-1.062	-4.441	-3.294	-2.857	-3.918	-3.197	-1.587	-4.099	-5.673	-5.941	-5.765	-5.34
10.14	-1.071	-4.79	-3.551	-5.653	-5.889	-2.296	-5.876	-5.857	-1.09	-4.215	-3.23	-3.553	-3.952	-4.674	-5.773	-2.402	-5.77	-1.171	-1.36	-5.195
10.15	-5.866	-5.219	-3.562	-5.385	-1.195	-2.071	-5.883	-5.851	-5.825	-4.136	-3.087	-3.016	-2.998	-2.229	-5.9	-2.95	-1.269	-1.197	-1.322	-1.868
10.16	-1.086	-1.977	-3.612	-1.609	-5.673	-1.967	-5.863	-5.874	-1.159	-4.033	-4.111	-3.955	-2.968	-4.994	-5.646	-2.93	-5.913	-1.21	-5.816	-1.633
10.17	-1.095	-2.042	-3.374	-5.314	-1.348	-1.758	-5.82	-5.882	-5.76	-3.927	-2.648	-3.149	-4.13	-1.971	-2.023	-2.907	-1.169	-1.192	-5.86	-2.351
10.18	-1.118	-1.962	-3.6	-1.617	-1.488	-5.209	-5.702	-1.066	-1.285	-3.897	-4.332	-3.791	-4.21	-5.191	-4.364	-4.24	-5.939	-1.205	-1.279	-4.586
10.19	-1.187	-1.99	-3.445	-5.342	-1.626	-1.683	-5.729	-5.93	-1.29	-3.61	-4.46	-3.679	-4.189	-5.368	-3.735	-2.861	-1.152	-1.174	-5.88	-4.442
10.2	-1.529	-5.028	-3.342	-5.092	-5.247	-1.628	-5.694	-1.067	-1.351	-3.564	-4.689	-3.438	-4.363	-5.021	-2.676	-4.215	-1.19	-1.188	-5.918	-4.844
10.21	-1.297	-1.682	-3.02	-1.485	-5.165	-1.646	-1.426	-5.924	-1.527	-2.948	-2.186	-3.393	-3.93	-5.77	-1.623	-2.563	-5.867	-5.864	-1.182	-3.112
10.22	-5.664	-5.189	-3.324	-5.094	-2.546	-5.623	-5.443	-1.066	-5.41	-3.801	-4.82	-3.694	-2.752	-1.33	-5.885	-4.484	-1.349	-1.228	-5.906	-3.359
10.23	-1.34	-5.237	-3.361	-1.908	-2.529	-5.688	-5.351	-5.934	-1.678	-3.866	-2.078	-3.755	-4.288	-1.291	-1.186	-2.645	-1.468	-1.205	-5.931	-3.608
10.24	-5.554	-5.304	-3.64	-1.931	-4.341	-5.752	-5.291	-1.053	-5.18	-3.961	-4.985	-3.233	-4.342	-1.258	-1.531	-2.585	-1.578	-1.247	-5.966	-3.776
10.25	-5.466	-5.373	-3.349	-5	-3.983	-5.795	-1.829	-5.916	-5.09	-3.018	-5.105	-3.15	-4.298	-1.217	-4.906	-1.96	-5.401	-1.226	-5.957	-3.946
10.26	-4.972	-5.403	-3.354	-4.945	-3.149	-1.141	-5.107	-1.084	-4.972	-2.94	-5.145	-3.014	-2.765	-5.836	-2.998	-2.497	-1.889	-1.211	-1.19	-3.146
10.27	-1.659	-5.468	-3.407	-1.971	-3.296	-1.063	-5.056	-5.951	-2.068	-2.912	-1.763	-4.114	-4.267	-1.174	-3.288	-2.414	-5.025	-1.208	-1.236	-3.088
10.28	-1.75	-1.399	-3.43	-2.138	-3.483	-1.091	-4.858	-1.053	-4.807	-4.238	-1.701	-4.204	-4.28	-1.144	-4.598	-2.366	-4.87	-1.221	-1.201	-2.872
10.29	-1.866	-5.591	-4.038	-4.773	-3.3	-1.07	-2.219	-1.08	-2.306	-2.748	-1.619	-2.694	-2.829	-1.142	-1.748	-4.673	-2.43	-1.252	-5.931	-2.72
10.3	-1.944	-5.637	-3.544	-4.76	-3.967	-1.078	-4.742	-1.064	-4.56	-2.728	-1.62	-4.353	-4.19	-1.138	-5.671	-4.918	-2.63	-1.245	-5.966	-2.624
10.31	-4.592	-5.569	-3.472	-2.691	-4.002	-1.273	-2.566	-5.931	-2.62	-2.313	-5.575	-2.514	-2.932	-5.875	-1.311	-2.213	-3.416	-1.41	-5.885	-1.919
10.32	-2.35	-1.205	-3.478	-4.617	-1.954	-5.724	-4.455	-1.081	-4.166	-4.507	-1.433	-4.949	-4.098	-1.208	-5.422	-4.919	-3.788	-5.951	-1.22	-2.208
10.33	-4.602	-1.167	-2.906	-4.567	-2.269	-5.567	-2.746	-5.949	-3.057	-2.498	-5.665	-4.651	-4.016	-1.247	-2.303	-4.924	-3.567	-5.804	-5.963	-2.089
10.34	-4.574	-1.116	-3.645	-2.378	-4.887	-1.611	-3.368	-1.038	-3.126	-4.566	-5.695	-2.32	-3.18	-1.279	-4.007	-5	-3.361	-1.328	-1.174	-1.989
10.35	-4.419	-1.121	-3.59	-2.477	-5.043	-1.824	-2.911	-5.934	-3.366	-4.62	-5.716	-2.243	-3.822	-1.275	-4.324	-2.025	-3.988	-1.373	-5.962	-1.846
10.36	-4.345	-5.86	-3.369	-4.533	-1.826	-2.048	-2.96	-5.934	-3.548	-4.62	-5.728	-4.874	-3.364	-1.348	-2.417	-5.164	-4.184	-5.763	-5.932	-1.738
10.37	-4.245	-5.834	-3.307	-2.493	-1.589	-2.318	-3.968	-5.929	-3.041	-4.657	-5.791	-2.053	-3.722	-1.371	-5.294	-1.928	-2.77	-1.402	-1.219	-1.67
10.38	-2.885	-5.84	-3.722	-4.461	-1.548	-2.977	-3.114	-1.072	-3.233	-2.36	-1.1	-5.034	-3.41	-1.409	-1.356	-5.206	-2.677	-5.703	-1.209	-5.623
10.39	-2.974	-5.85	-3.777	-2.587	-1.447	-2.782	-3.206	-5.929	-3.93	-4.666	-5.9	-1.897	-3.631	-5.57	-5.908	-1.893	-2.448	-5.691	-1.239	-5.706
10.4	-3.944	-1.142	-3.236	-4.44	-1.355	-4.007	-3.855	-5.961	-2.948	-2.401	-1.075	-5.259	-3.577	-1.515	-5.886	-1.749	-2.296	-5.643	-1.248	-5.816
10.41	-3.678	-5.718	-3.482	-2.439	-1.272	-3.692	-3.983	-1.068	-4.315	-5.065	-5.964	-1.682	-3.974	-5.525	-5.196	-5.12	-5.212	-1.559	-5.905	-5.903
10.42	-3.648	-1.269	-3.025	-4.481	-5.872	-3.143	-3.357	-5.874	-3.172	-2.397	-1.018	-5.439	-3.652	-1.683	-2.949	-1.66	-1.784	-5.495	-1.288	-5.944
10.43	-3.493	-1.331	-2.996	-4.446	-5.917	-4.165	-3.446	-1.072	-2.404	-2.251	-1.074	-5.532	-2.994	-1.75	-3.399	-1.618	-5.511	-1.715	-5.904	-6.003
10.44	-3.629	-1.429	-2.942	-4.648	-5.977	-4.424	-3.603	-5.927	-2.286	-2.305	-5.96	-5.584	-3.686	-1.849	-4.52	-5.56	-5.601	-1.775	-5.832	-6.021
10.45	-3.693	-1.507	-2.816	-2.46	-5.943	-4.71	-3.522	-1.102	-4.887	-2.195	-5.95	-1.391	-3.384	-5.208	-5.115	-5.628	-1.391	-5.327	-1.319	-6.037
10.46	-3.786	-1.574	-4.242	-4.613	-1.042	-4.897	-3.473	-5.977	-2.002	-4.917	-1.111	-5.689	-3.69	-1.89	-1.188	-5.663	-5.75	-5.27	-1.375	-6.075
10.47	-3.924	-5.429	-2.767	-4.645	-1.097	-5.102	-3.541	-1.061	-5.112	-2.094	-5.935	-1.309	-3.414	-5.169	-5.852	-5.673	-1.228	-5.193	-1.323	-6.041
10.48	-2.969	-5.31	-2.698	-2.335	-1.128	-1.761	-3.509	-1.118	-1.79	-2.08	-1.119	-5.784	-3.53	-5.123	-1.155	-5.829	-5.716	-5.209	-1.396	-6.055
10.49	-2.943	-5.229	-4.427	-4.853	-5.837	-1.583	-3.468	-1.107	-5.361	-1.944	-5.847	-1.235	-3.499	-1.945	-5.653	-1.302	-1.191	-5.108	-5.822	-1.161
10.5	-2.82	-2.522	-4.44	-4.782	-5.463	-1.415	-3.616	-5.884	-1.631	-5.22	-5.837	-5.849	-3.661	-5.052	-1.963	-5.832	-5.977	-5.135	-5.766	-1.112
10.51	-4.578	-4.914	-4.194	-2.095	-5.707	-5.839	-3.344	-1.134	-1.331	-1.712	-1.407	-1.158	-3.325	-2.005	-3.542	-1.176	-1.144	-2.209	-1.888	-1.235
10.52	-2.541	-2.112	-4.617	-4.997	-1.69	-1.112	-3.677	-5.867	-5.6	-5.46	-5.53	-5.914	-3.774	-5.045	-4.208	-5.91	-5.919	-5.003	-5.656	-1.214
10.53	-2.387	-2.357	-4.617	-5.052	-1.89	-1.077	-3.345	-5.829	-1.452	-5.521	-5.591	-5.884	-3.858	-5.049	-4.825	-5.942	-5.838	-2.285	-1.559	-1.217
10.54	-2.322	-4.731	-2.334	-5.125	-2.22	-5.923	-3.377	-5.766	-1.384	-5.597	-5.465	-5.898	-3.21	-2.028	-5.374	-5.949	-1.348	-2.345	-1.633	-1.193
10.55	-4.721	-4.56	-2.332	-1.816	-2.363	-1.074	-3.367	-1.255	-5.728	-1.402	-5.44	-1.162	-3.965	-4.988	-5.704	-1.15	-5.719	-2.406	-1.685	-1.222
10.56	-2.227	-2.653	-2.281	-1.683	-2.622	-5.914	-3.765	-5.713	-1.303	-5.683	-5.313	-5.897	-2.912	-2.091	-5.878	-5.962	-5.626	-2.395	-1.824	-1.25
10.57	-4.841	-4.521	-4.755	-5.396	-2.795	-1.207	-3.32	-1.37	-5.767	-5.714	-5.208	-1.168	-4.134	-4.962	-1.198	-1.13	-5.545	-2.486	-1.864	-1.259
10.58	-2.029	-4.53	-4.792	-1.567	-4.034	-1.267	-3.75	-5.619	-1.267	-5.435	-1.989	-5.886	-2.871	-2.121	-5.612	-5.972	-5.427	-4.767	-5.336	-1.284
10.59	-5	-2.729	-2.21	-5.523	-3.781	-5.662	-3.817	-1.476	-5.813	-5.811	-4.919	-1.222	-4.331	-4.966	-2.022	-1.143	-1.866	-4.655	-5.272	-1.225
10.6	-1.856	-3.244	-2.205	-5.586	-3.442	-5.503	-2.756	-5.463	-1.211	-1.224	-2.189	-5.856	-2.613	-2.12	-4.498	-5.963	-1.952	-4.703	-4.732	-1.259
10.61	-5.397	-2.805	-4.615	-1.317	-3.121	-5.404	-3.854	-1.606	-5.868	-5.761	-4.684	-1.326	-4.761	-5.06	-4.212	-1.177	-5.088	-2.583	-2.252	-1.434
10.62	-1.79	-4.258	-4.963	-5.903	-4.431	-2.207	-3.299	-5.221	-1.22	-1.149	-2.58	-5.546	-2.377	-2.128	-2.343	-5.996	-2.417	-4.57	-4.906	-1.266
10.63	-1.723	-2.854	-2.081	-1.066	-2.394	-3.797	-3.251	-5.13	-1.161	-1.132	-4.436	-5.769	-2.27	-5.034	-1.837	-5.969	-2.502	-4.563	-4.775	-1.29
10.64	-1.603	-2.876	-2.123	-1.148	-2.176	-4.391	-3.804	-5.061	-1.212	-5.953	-4.275	-5.762	-2.142	-2.047	-1.468	-5.953	-4.482	-4.503	-4.589	-5.926
10.65	-1.619	-2.886	-5.318	-1.093	-5.048	-3.573	-3.865	-2.111	-5.942	-5.977	-4.377	-1.379	-4.992	-2.06	-5.855	-1.172	-2.82	-2.786	-4.624	-5.938
10.66	-1.593	-4.189	-4.942	-5.979	-1.774	-3.929	-3.231	-4.818	-1.189	-5.927	-2.801	-5.718	-5.139	-2.006	-1.161	-5.97	-4.206	-2.803	-4.511	-1.275
10.67	-1.537	-2.953	-4.993	-1.081	-1.602	-3.574	-3.125	-2.39	-5.91	-1.099	-4.246	-1.423	-5.251	-5.104	-5.816	-1.151	-3.13	-2.898	-4.408	-1.332
10.68	-5.757	-3.009	-5.011	-1.087	-5.537	-3.345	-3.085	-5.193	-1.132	-1.149	-4.168	-5.648	-5.358	-5.458	-1.742	-1.153	-3.3	-4.254	-4.294	-5.932
10.69	-1.491	-4.073	-5.04	-6.01	-1.358	-3.018	-4.127	-2.59	-5.925	-1.136	-2.973	-1.441	-1.64	-1.895	-4.933	-6.005	-3.222	-3.053	-3.123	-5.962
10.7	-1.434	-3.984	-5.127	-5.949	-1.278	-4.295	-4.132	-4.317	-1.263	-5.871	-4.105	-1.46	-1.573	-1.876	-2.895	-1.172	-3.452	-3.077	-3.26	-1.305
10.71	-1.581	-4.13	-1.723	-1.153	-5.921	-4.579	-3.964	-2.823	-5.905	-1.138	-3.141	-5.624	-5.728	-1.986	-3.885	-5.889	-2.989	-3.669	-3.639	-1.361
10.72	-5.66	-3.417	-5.205	-5.73	-1.08	-5.056	-2.66	-3.93	-1.143	-5.697	-4.003	-1.456	-1.307	-5.371	-2.314	-1.191	-3.983	-3.977	-3.659	-1.236
10.73	-5.675	-3.484	-5.254	-5.641	-1.047	-1.795	-4.529	-3.792	-1.14	-1.403	-3.164	-5.609	-5.842	-5.47	-1.778	-5.965	-4.194	-3.781	-3.823	-6.008
10.74	-5.679	-3.629	-5.27	-5.526	-5.997	-1.598	-4.652	-3.675	-1.115	-5.518	-3.927	-5.256	-1.293	-5.498	-5.738	-5.973	-4.276	-3.687	-3.966	-1.2
10.75	-5.679	-3.376	-1.712	-1.699	-5.998	-1.448	-4.781	-3.602	-5.921	-5.48	-3.179	-1.49	-1.22	-1.547	-1.274	-1.186	-4.262	-3.565	-4.063	-1.211
10.76	-1.199	-3.778	-1.679	-5.285	-5.91	-1.128	-2.16	-3.442	-1.131	-5.398	-3.21	-5.575	-5.875	-5.578	-1.159	-5.94	-4.529	-3.448	-3.004	-1.207
10.77	-1.293	-3.162	-1.572	-2.053	-5.826	-1.229	-2.06	-3.385	-1.149	-1.69	-3.181	-5.602	-1.096	-1.247	-5.86	-1.21	-2.609	-3.314	-2.9	-1.173
10.78	-1.311	-4.136	-1.578	-2.186	-5.729	-1.118	-5.143	-3.233	-5.941	-1.946	-3.153	-1.545	-6.008	-5.74	-1.518	-1.269	-4.68	-4.065	-2.569	-1.139
10.79	-5.751	-4.218	-1.525	-4.804	-1.475	-1.11	-5.231	-3.951	-1.156	-1.894	-3.171	-1.567	-5.951	-1.352	-2.012	-5.986	-4.8	-4.155	-2.681	-1.173
10.8	-5.8	-4.325	-1.492	-2.525	-1.657	-1.13	-5.349	-3.036	-5.953	-2.143	-3.937	-5.538	-1.152	-5.834	-4.563	-5.827	-4.913	-4.396	-4.715	-6.091
10.81	-5.691	-2.843	-1.475	-2.686	-1.78	-1.183	-1.638	-4.193	-1.137	-2.782	-4.347	-1.611	-5.894	-1.206	-3.627	-1.311	-2.15	-3.084	-2.4	-6.082
10.82	-1.515	-4.733	-5.893	-3.88	-4.84	-1.515	-5.666	-2.702	-5.937	-4.58	-3.328	-5.547	-1.262	-5.915	-4.534	-5.776	-5.226	-4.254	-4.953	-6.059
10.83	-1.459	-4.856	-5.785	-3.624	-4.538	-1.667	-5.687	-4.421	-1.147	-4.467	-3.982	-5.556	-5.807	-1.197	-2.029	-5.742	-5.362	-4.96	-4.989	-6.046
10.84	-1.274	-5.202	-1.27	-3.41	-2.838	-5.193	-1.321	-2.592	-1.133	-2.793	-3.952	-1.584	-1.372	-5.903	-1.608	-5.703	-5.38	-5.088	-2.165	-6.056
10.85	-5.733	-1.962	-1.234	-3.16	-3.083	-4.949	-1.256	-4.659	-1.139	-4.161	-3.954	-5.531	-5.664	-1.269	-1.36	-1.437	-5.482	-2.147	-2.076	-1.376
10.86	-1.278	-1.818	-5.886	-2.889	-3.329	-4.672	-1.217	-2.39	-5.95	-3.038	-3.387	-5.509	-5.609	-1.283	-5.919	-5.767	-1.673	-1.953	-2.047	-5.984
10.87	-5.736	-5.324	-5.943	-4.387	-3.523	-4.334	-5.891	-4.833	-1.115	-3.921	-3.181	-1.696	-5.514	-5.75	-1.169	-1.479	-1.538	-5.513	-2.002	-6.009
10.88	-5.78	-1.616	-5.903	-4.661	-3.135	-3.943	-5.937	-2.287	-5.941	-3.81	-3.283	-5.481	-1.681	-1.499	-5.842	-5.673	-5.725	-5.614	-1.944	-1.186
10.89	-1.32	-1.534	-5.928	-4.887	-2.936	-3.423	-5.94	-4.859	-5.948	-3.511	-3.865	-1.736	-1.764	-5.548	-1.626	-5.617	-5.844	-1.6	-1.94	-1.288
10.9	-1.127	-1.462	-5.929	-2.039	-4.749	-3.627	-1.145	-5.071	-5.911	-3.518	-3.895	-1.691	-2.318	-1.771	-5.148	-5.522	-5.865	-1.492	-5.368	-5.961
10.91	-5.903	-5.647	-1.094	-5.402	-4.723	-3.889	-5.924	-5.156	-5.941	-4.263	-3.534	-1.504	-1.711	-4.87	-3.455	-1.702	-1.226	-1.265	-2.091	-1.591
10.92	-1.25	-1.237	-5.989	-1.569	-1.854	-4.461	-1.157	-1.875	-1.147	-3.063	-3.723	-5.437	-5.09	-2.327	-3.347	-5.447	-5.993	-5.933	-5.417	-1.302
10.93	-1.272	-5.858	-1.105	-5.591	-5.384	-2.435	-5.857	-1.784	-1.158	-4.229	-3.683	-5.404	-2.296	-4.635	-2.715	-5.964	-6.048	-6.011	-1.845	-5.973
10.94	-1.261	-5.897	-5.905	-5.696	-5.576	-2.154	-1.224	-5.402	-1.148	-2.796	-3.644	-5.382	-2.218	-4.45	-1.776	-5.39	-1.169	-6.038	-1.873	-6.004
10.95	-5.756	-5.917	-1.104	-1.276	-1.368	-5.147	-5.795	-1.69	-5.955	-4.547	-3.562	-1.778	-2.246	-4.287	-5.345	-1.807	-6.021	-1.232	-5.386	-5.976
10.96	-1.255	-1.136	-5.978	-1.229	-1.27	-5.311	-5.758	-5.494	-5.949	-4.708	-3.657	-5.418	-4.958	-3.125	-1.49	-1.834	-6.006	-6.009	-1.696	-6.016
10.97	-5.785	-5.873	-5.999	-5.924	-1.085	-1.63	-1.471	-1.603	-5.945	-2.282	-3.387	-1.834	-4.933	-3.85	-5.855	-1.896	-5.995	-5.953	-5.308	-6.046
10.98	-5.797	-5.676	-5.994	-1.113	-6.002	-5.552	-1.589	-5.574	-5.949	-5.006	-3.343	-1.798	-2.29	-3.675	-1.13	-5.215	-5.944	-5.93	-5.268	-5.975
10.99	-1.306	-1.276	-5.918	-1.092	-1.062	-5.698	-2.416	-1.479	-1.132	-5.128	-3.288	-5.385	-2.32	-3.78	-5.976	-1.991	-5.919	-1.391	-2.035	-6.077
11	-1.282	-5.723	-5.987	-1.061	-1.074	-5.789	-1.869	-5.648	-5.94	-5.263	-3.232	-1.707	-2.367	-3.263	-1.413	-5.122	-1.177	-5.783	-2.009	-1.289
11.01	-5.814	-1.418	-5.98	-6.002	-1.109	-5.836	-4.668	-1.621	-5.941	-1.842	-4.263	-5.487	-4.719	-3.957	-2.009	-2.107	-1.628	-1.548	-2.443	-1.198
11.02	-1.185	-5.451	-1.12	-1.143	-5.779	-5.999	-2.425	-5.621	-1.325	-5.506	-2.902	-1.635	-2.295	-2.638	-4.183	-5.04	-5.637	-5.535	-4.964	-1.181
11.03	-5.852	-1.685	-5.948	-1.182	-1.567	-6.022	-4.558	-5.622	-1.204	-5.623	-2.83	-1.667	-2.329	-2.503	-3.709	-2.393	-5.651	-5.437	-4.88	-1.196
11.04	-1.204	-1.94	-5.946	-1.212	-1.736	-1.153	-4.263	-5.641	-1.177	-5.641	-4.488	-5.474	-2.271	-2.329	-3.071	-4.909	-1.708	-5.36	-4.771	-1.218
11.05	-5.872	-5.056	-1.207	-5.861	-2.042	-5.918	-4.05	-1.545	-5.926	-1.413	-5.094	-5.467	-4.882	-5.015	-4.691	-4.896	-1.779	-5.263	-4.645	-1.238
11.06	-1.211	-4.917	-1.239	-5.777	-2.209	-5.838	-3.851	-5.6	-1.201	-5.397	-4.718	-1.683	-2.346	-2.015	-1.994	-5.016	-1.937	-2.07	-2.684	-1.219
11.07	-5.888	-4.745	-5.913	-5.757	-4.671	-5.731	-3.543	-1.578	-1.234	-1.348	-4.791	-1.719	-5.012	-5.269	-1.571	-2.551	-2.025	-5.057	-2.802	-1.145
11.08	-5.862	-4.688	-5.85	-5.678	-2.774	-1.542	-2.796	-1.588	-1.21	-5.82	-4.906	-5.524	-3.449	-5.385	-1.335	-4.554	-2.236	-5.027	-2.485	-6.07
11.09	-1.221	-2.579	-1.237	-5.559	-3.032	-1.747	-4.093	-5.522	-5.854	-5.849	-2.078	-5.538	-4.388	-1.676	-5.955	-2.797	-4.829	-4.886	-4.209	-6.071
11.1	-1.222	-2.687	-1.258	-5.489	-3.807	-5.218	-2.816	-1.689	-1.272	-5.834	-5.239	-1.63	-2.835	-5.584	-5.967	-4.326	-4.707	-4.83	-4.111	-6.102
11.11	-5.931	-4.12	-1.161	-5.18	-4.515	-4.997	-5.029	-5.608	-5.847	-1.226	-1.583	-1.636	-4.293	-1.367	-5.514	-3.084	-2.774	-2.636	-3.57	-6.022
11.12	-1.184	-3.022	-5.797	-2.077	-2.886	-4.417	-2.111	-1.899	-1.261	-5.913	-5.4	-5.536	-2.947	-5.854	-2.148	-4.189	-4.121	-4.557	-3.565	-6.066
11.13	-5.9	-3.118	-5.776	-2.207	-2.617	-4.15	-5.234	-1.918	-1.229	-1.215	-1.55	-1.624	-2.704	-1.275	-2.693	-3.867	-4.527	-4.492	-3.474	-6.124
11.14	-1.239	-3.229	-5.786	-2.387	-5.36	-3.194	-5.348	-1.975	-1.259	-1.214	-1.487	-1.595	-2.724	-5.905	-3.918	-3.721	-3.454	-4.45	-4.131	-6.043
11.15	-5.876	-3.662	-5.771	-4.699	-5.079	-3.448	-5.524	-5.099	-5.852	-1.261	-1.405	-5.539	-2.67	-1.248	-3.86	-3.673	-3.429	-2.94	-4.318	-6.061
11.16	-1.108	-3.647	-5.741	-2.603	-1.805	-3.444	-5.679	-4.978	-5.88	-5.969	-5.76	-1.613	-4.582	-5.873	-2.71	-3.476	-3.954	-2.922	-3.508	-6.005
11.17	-1.199	-3.502	-5.783	-3.02	-5.401	-3.135	-5.726	-2.277	-1.293	-1.185	-1.219	-5.484	-4.581	-5.92	-4.965	-3.917	-4.159	-3.013	-2.777	-6.04
11.18	-1.152	-3.604	-5.73	-2.955	-1.451	-2.919	-5.833	-4.754	-5.607	-1.174	-1.174	-5.583	-2.602	-5.922	-1.784	-3.338	-4.372	-4.227	-2.538	-5.984
11.19	-1.209	-3.402	-5.771	-4.079	-1.363	-4.522	-5.887	-4.616	-1.295	-5.966	-1.205	-5.571	-4.626	-1.296	-5.661	-4.095	-4.625	-3.084	-2.41	-1.291
11.2	-1.191	-3.762	-5.756	-3.867	-1.222	-2.431	-5.984	-2.693	-5.794	-1.199	-5.981	-1.597	-2.518	-5.812	-1.266	-3.064	-2.469	-3.078	-2.262	-1.356
11.21	-1.261	-3.122	-1.49	-3.938	-6.007	-5.349	-5.987	-4.208	-1.389	-5.984	-5.964	-5.458	-4.494	-1.773	-5.834	-3.949	-1.759	-4.165	-1.623	-1.621
11.22	-5.935	-4.022	-5.745	-3.691	-1.11	-5.305	-1.113	-3.124	-5.8	-1.151	-1.124	-2.027	-2.466	-5.47	-1.457	-2.777	-5.405	-3.241	-5.603	-1.549
11.23	-5.956	-3.043	-5.708	-3.885	-6.024	-1.632	-6.013	-3.979	-5.805	-1.166	-1.142	-1.675	-4.762	-1.884	-1.841	-2.675	-1.655	-3.243	-5.734	-1.6
11.24	-1.136	-4.191	-5.702	-3.167	-1.16	-1.513	-1.202	-3.328	-5.859	-6.002	-1.219	-1.756	-4.764	-5.169	-2.297	-4.605	-1.545	-4.083	-5.837	-1.687
11.25	-1.151	-4.853	-1.432	-2.958	-1.245	-1.191	-5.903	-3.485	-1.318	-5.964	-1.231	-1.739	-4.795	-2.204	-2.843	-4.773	-1.415	-4.021	-5.903	-1.759
11.26	-1.118	-4.317	-1.474	-2.859	-1.446	-1.296	-5.874	-3.587	-5.814	-5.996	-1.281	-5.399	-2.473	-4.827	-3.831	-4.859	-5.918	-4.285	-5.973	-1.896
11.27	-1.125	-2.761	-1.442	-4.474	-1.587	-1.245	-5.736	-3.337	-1.339	-1.16	-1.437	-5.387	-4.863	-2.56	-3.995	-4.936	-1.251	-3.996	-6.013	-1.958
11.28	-1.104	-2.671	-1.558	-5.112	-5.374	-6.028	-1.568	-3.363	-5.827	-5.952	-1.551	-1.862	-2.458	-4.467	-2.756	-5.039	-1.197	-3.99	-6.061	-5.144
11.29	-1.139	-2.671	-1.394	-4.749	-5.119	-6.007	-5.485	-3.204	-1.362	-5.968	-5.478	-1.989	-2.373	-2.954	-2.257	-5.133	-6.052	-3.919	-6.028	-5.04
11.3	-1.128	-4.53	-1.406	-2.283	-2.528	-5.946	-5.285	-3.094	-5.824	-1.188	-5.316	-2.081	-4.844	-4.077	-5.304	-2.055	-6.066	-2.937	-1.261	-4.967
11.31	-5.999	-2.339	-1.414	-5.097	-4.037	-1.591	-5.296	-4.332	-1.41	-1.308	-2.224	-4.8	-2.346	-3.807	-1.299	-2.016	-1.265	-3.856	-6.061	-2.636
11.32	-1.101	-4.602	-5.809	-1.771	-3.359	-1.341	-2.405	-2.745	-5.844	-5.956	-4.732	-2.542	-4.864	-3.406	-5.984	-5.459	-5.91	-3.509	-1.371	-2.896
11.33	-1.123	-4.673	-5.79	-1.771	-3.686	-1.439	-4.585	-2.155	-1.317	-1.21	-2.742	-4.551	-4.879	-3.249	-5.963	-1.772	-1.433	-3.592	-1.372	-3.05
11.34	-1.167	-2.368	-5.834	-1.609	-4.025	-5.556	-2.794	-4.613	-1.333	-1.256	-3.478	-4.521	-2.393	-3.031	-5.895	-1.735	-5.712	-3.619	-1.453	-4.064
11.35	-5.962	-4.783	-5.859	-1.497	-2.75	-1.77	-4.175	-4.702	-5.797	-5.923	-4.089	-4.355	-4.866	-4.397	-1.596	-1.656	-5.619	-3.7	-1.516	-3.914
11.36	-1.118	-2.396	-5.896	-1.432	-4.716	-1.958	-4.072	-2.453	-5.831	-1.16	-3.848	-3.004	-2.384	-2.548	-2.002	-5.661	-5.489	-3.745	-5.706	-3.749
11.37	-1.134	-4.752	-5.91	-1.298	-2.164	-2.148	-3.307	-4.802	-1.363	-1.252	-3.591	-4.01	-4.833	-4.78	-4.785	-5.66	-1.703	-3.758	-5.64	-3.562
11.38	-1.123	-2.389	-5.951	-1.227	-1.864	-2.374	-3.722	-2.285	-5.797	-5.922	-3.862	-3.439	-4.256	-2.244	-4.171	-5.731	-5.193	-3.466	-1.768	-4.004
11.39	-6.018	-4.839	-5.964	-5.963	-5.481	-4.607	-3.572	-4.872	-1.343	-1.263	-3.107	-4.138	-4.79	-5.126	-3.48	-1.463	-2.21	-3.569	-1.83	-4.16
11.4	-6.002	-2.322	-5.971	-5.982	-1.674	-4.332	-3.359	-1.819	-1.48	-5.816	-2.846	-3.486	-4.662	-1.9	-3.164	-5.853	-2.393	-3.345	-1.876	-4.291
11.41	-1.114	-4.915	-1.136	-6.002	-5.941	-4.215	-4.279	-5.083	-5.547	-1.367	-4.793	-4.205	-2.531	-5.339	-2.066	-1.245	-4.414	-2.878	-5.239	-4.655
11.42	-5.991	-2.217	-6.036	-1.174	-1.142	-3.517	-2.846	-2.072	-1.655	-5.753	-2.178	-2.811	-4.816	-1.357	-1.462	-5.892	-4.224	-4.276	-2.316	-4.87
11.43	-1.152	-4.914	-6.043	-1.285	-6.011	-3.363	-2.678	-2.043	-1.689	-5.803	-1.922	-2.603	-4.816	-5.752	-5.763	-1.308	-3.993	-4.392	-5.106	-2.36
11.44	-1.194	-4.839	-6.034	-1.374	-5.995	-4.065	-2.527	-5.109	-5.461	-5.699	-1.77	-4.771	-2.673	-5.822	-1.301	-1.524	-3.768	-4.48	-4.76	-2.208
11.45	-5.953	-4.898	-1.111	-5.662	-5.962	-4.319	-2.323	-2.007	-1.867	-1.404	-5.571	-2.242	-2.414	-1.299	-1.194	-1.247	-3.491	-4.562	-4.547	-2.042
11.46	-5.918	-1.675	-6.045	-1.752	-1.743	-2.723	-2.175	-5.194	-1.931	-5.658	-1.449	-5.1	-2.344	-1.277	-1.196	-6.014	-4.088	-4.642	-2.993	-5.455
11.47	-1.212	-2.226	-6.024	-1.893	-5.558	-2.63	-5.148	-1.978	-5.186	-1.549	-5.85	-5.272	-2.39	-1.244	-5.82	-1.256	-4.329	-3.166	-3.071	-5.565
11.48	-1.214	-2.114	-6.018	-5.014	-5.382	-2.376	-1.885	-5.236	-2.104	-1.546	-1.167	-1.777	-4.965	-1.244	-1.673	-5.998	-3.405	-2.504	-4.049	-5.691
11.49	-5.895	-2.181	-6.047	-4.766	-2.159	-2.231	-5.374	-1.824	-5.023	-5.486	-6.014	-5.504	-2.28	-5.938	-2.085	-1.218	-2.601	-4.741	-3.48	-1.52
11.5	-1.239	-2.135	-1.158	-2.752	-4.71	-2.159	-5.423	-1.886	-2.335	-1.724	-6.025	-1.563	-2.218	-1.321	-2.571	-6.036	-2.361	-5.062	-3.699	-5.505
11.51	-5.865	-5.124	-5.956	-3.112	-3.624	-5.358	-1.398	-5.452	-4.98	-5.568	-1.39	-5.826	-1.774	-5.748	-3.553	-1.203	-5.357	-2.117	-3.261	-1.389
11.52	-1.294	-1.951	-1.259	-3.857	-3.349	-5.618	-5.719	-1.864	-2.615	-1.798	-5.791	-1.297	-5.191	-1.574	-3.025	-6.068	-5.57	-5.411	-4.269	-1.341
11.53	-5.806	-2.077	-1.295	-4.113	-3.023	-5.6	-1.355	-1.868	-4.451	-5.312	-1.522	-5.959	-5.281	-1.691	-4.74	-1.23	-1.876	-5.43	-4.225	-5.985
11.54	-5.765	-2.019	-1.325	-2.782	-4.542	-1.429	-1.299	-5.301	-2.793	-5.684	-1.807	-1.227	-1.877	-1.775	-2.089	-6.01	-5.864	-5.556	-4.627	-1.22
11.55	-5.79	-5.179	-5.749	-4.738	-5.05	-1.368	-1.262	-1.823	-4.34	-1.987	-1.961	-1.177	-5.323	-5.31	-1.782	-1.206	-5.943	-1.716	-4.785	-1.161
11.56	-1.163	-1.915	-1.376	-2.138	-5.184	-5.866	-6.037	-5.294	-3.054	-2.046	-2.091	-1.162	-1.759	-2.108	-5.695	-6.015	-6.026	-1.661	-4.333	-1.253
11.57	-5.773	-5.27	-1.434	-2.014	-5.455	-5.936	-5.994	-5.354	-3.103	-5.155	-2.432	-6.043	-5.546	-4.949	-5.89	-6.015	-6.03	-1.585	-2.298	-1.305
11.58	-1.385	-5.245	-5.643	-5.336	-5.682	-5.977	-6.03	-1.8	-3.213	-2.243	-4.648	-1.18	-1.866	-4.754	-1.181	-1.252	-6.068	-1.524	-2.165	-1.347
11.59	-1.429	-1.876	-5.839	-5.531	-1.358	-6.011	-6.066	-5.372	-3.964	-4.919	-4.443	-6.012	-1.581	-2.685	-1.217	-1.197	-6.053	-1.459	-5.358	-1.449
11.6	-5.731	-1.881	-5.554	-1.26	-1.25	-6.021	-1.118	-5.435	-3.391	-2.352	-4.207	-1.455	-5.675	-4.348	-5.874	-6.029	-1.265	-5.946	-1.908	-5.795
11.61	-1.499	-1.983	-1.949	-5.87	-1.156	-1.33	-6.037	-1.729	-3.288	-4.77	-3.59	-5.79	-1.455	-3.462	-2.166	-5.987	-1.55	-6.101	-1.511	-2.045
11.62	-5.538	-5.352	-5.277	-1.195	-5.95	-1.335	-1.161	-5.436	-3.369	-2.482	-3.457	-1.488	-5.812	-3.62	-2.554	-1.264	-1.498	-1.291	-5.714	-1.952
11.63	-5.535	-5.418	-1.953	-1.174	-5.856	-1.508	-6.043	-5.406	-3.683	-4.649	-3.245	-1.576	-5.854	-3.372	-2.989	-1.259	-5.621	-1.293	-5.856	-2.183
11.64	-5.752	-1.76	-2.036	-1.21	-1.497	-5.552	-5.849	-1.747	-3.817	-2.627	-3.069	-5.537	-1.316	-2.613	-3.754	-1.232	-1.758	-1.248	-1.46	-4.882
11.65	-1.744	-5.423	-5.19	-5.969	-1.984	-1.849	-6.015	-5.474	-3.87	-4.502	-4.508	-5.467	-5.91	-4.405	-3.243	-6.003	-1.867	-1.265	-1.413	-4.636
11.66	-1.775	-5.438	-5.055	-5.807	-5.195	-2.16	-1.201	-1.713	-2.762	-2.757	-4.652	-1.973	-5.937	-2.643	-4.504	-1.294	-2.07	-6.041	-1.366	-4.406
11.67	-5.259	-1.681	-5.096	-5.748	-2.394	-2.393	-5.947	-5.482	-4.668	-4.384	-4.882	-5.203	-6.018	-4.817	-4.879	-5.941	-5.049	-6.047	-6.04	-3.209
11.68	-5.212	-5.561	-4.903	-5.544	-4.253	-4.584	-1.336	-5.543	-3.146	-2.856	-5.031	-2.191	-1.245	-5.062	-5.348	-1.334	-4.892	-5.971	-6.066	-3.477
11.69	-5.09	-5.509	-4.708	-5.392	-4.211	-4.218	-5.867	-1.627	-4.169	-4.328	-2.024	-2.416	-1.195	-2.002	-5.614	-5.913	-4.742	-5.948	-1.261	-3.733
11.7	-2.185	-5.573	-2.559	-2.035	-3.741	-3.989	-1.412	-1.63	-4.211	-2.917	-5.655	-4.73	-6.02	-1.828	-5.827	-1.223	-4.505	-5.932	-6.082	-3.405
11.71	-4.815	-5.338	-4.578	-4.585	-4.246	-3.735	-5.735	-5.66	-2.892	-4.269	-1.588	-2.925	-1.191	-1.701	-1.194	-5.722	-3.774	-5.67	-1.26	-2.587
11.72	-2.478	-1.588	-2.863	-2.887	-2.779	-2.967	-1.476	-1.52	-4.392	-3.06	-5.719	-4.228	-6.055	-5.785	-1.251	-1.457	-3.881	-1.596	-6.016	-2.785
11.73	-2.734	-1.582	-2.979	-4.009	-4.749	-2.704	-5.677	-5.688	-2.79	-3.162	-5.763	-4.06	-1.197	-1.348	-1.436	-1.377	-3.753	-5.701	-6.033	-2.623
11.74	-4.335	-5.639	-3.088	-3.732	-2.135	-2.038	-1.602	-5.746	-4.767	-3.197	-5.835	-3.349	-1.186	-1.273	-5.571	-5.771	-3.848	-5.588	-1.325	-5.014
11.75	-3.032	-1.492	-3.215	-3.79	-5.24	-4.966	-5.622	-5.779	-4.596	-4.058	-1.319	-3.708	-1.222	-1.249	-2.684	-5.746	-4.056	-5.521	-1.4	-5.211
11.76	-3.164	-5.736	-3.21	-4.084	-1.69	-5.242	-5.57	-1.408	-2.593	-3.288	-5.922	-3.649	-1.207	-5.965	-2.553	-1.544	-4.239	-1.895	-5.939	-5.382
11.77	-3.363	-1.427	-3.383	-2.698	-5.653	-5.391	-5.393	-5.898	-2.508	-3.959	-1.234	-3.417	-5.936	-1.339	-4.282	-5.639	-4.438	-1.954	-5.85	-1.88
11.78	-3.649	-5.794	-3.433	-5.193	-5.807	-5.541	-5.461	-1.33	-4.748	-3.383	-1.244	-3.273	-1.297	-5.834	-3.791	-1.663	-3.979	-1.731	-1.381	-1.736
11.79	-3.504	-1.356	-3.552	-2.252	-1.272	-1.438	-5.464	-5.919	-2.368	-3.823	-6.031	-4.154	-1.335	-1.58	-4.024	-5.525	-4.774	-2.111	-6.027	-1.589
11.8	-3.913	-1.317	-4.182	-1.981	-5.998	-1.332	-1.816	-1.246	-4.978	-3.381	-6.029	-2.96	-5.838	-1.722	-4.51	-1.809	-5.005	-2.141	-5.995	-1.479
11.81	-3.285	-5.869	-4.165	-5.773	-1.18	-5.99	-1.66	-5.975	-2.036	-3.891	-1.17	-4.839	-1.415	-5.014	-5.107	-5.029	-5.629	-4.908	-1.317	-5.959
11.82	-4.433	-1.271	-3.373	-1.49	-5.935	-6.049	-5.288	-1.191	-5.095	-3.692	-5.966	-2.564	-5.647	-2.449	-5.64	-2.069	-5.479	-2.584	-5.919	-6.059
11.83	-4.625	-5.932	-4.021	-1.33	-1.31	-6.002	-5.267	-1.179	-2.099	-3.722	-1.12	-2.464	-5.579	-4.6	-5.879	-2.168	-5.644	-4.686	-5.832	-6.066
11.84	-4.785	-5.967	-4.032	-1.254	-1.499	-1.272	-2.053	-1.174	-2.016	-3.637	-6.1	-2.395	-1.727	-2.983	-1.219	-5.043	-1.635	-2.811	-5.796	-1.208
11.85	-2.268	-5.973	-3.034	-5.987	-1.686	-1.406	-2.039	-6.041	-1.994	-3.632	-1.178	-4.933	-5.489	-3.929	-1.229	-2.271	-1.412	-2.915	-1.569	-1.245
11.86	-2.128	-1.22	-2.993	-6.027	-5.242	-1.561	-2.103	-1.162	-5.26	-3.633	-6.017	-4.975	-1.517	-3.766	-1.339	-4.824	-5.956	-2.975	-5.736	-1.196
11.87	-1.959	-1.254	-4.376	-1.223	-2.229	-1.792	-2.247	-1.149	-1.877	-3.614	-6.012	-2.243	-5.255	-3.491	-5.619	-2.504	-6.021	-4.379	-1.582	-6.156
11.88	-5.416	-5.969	-4.415	-5.967	-4.793	-5.102	-5.143	-5.969	-1.85	-3.698	-5.982	-5.092	-2.049	-3.201	-2.087	-2.66	-1.24	-3.247	-5.762	-6.112
11.89	-5.502	-1.238	-2.833	-1.352	-2.883	-2.329	-2.095	-1.181	-5.395	-3.549	-1.251	-5.129	-2.135	-2.936	-2.638	-4.564	-1.247	-3.351	-1.753	-6.099
11.9	-1.554	-5.756	-2.684	-1.528	-4.142	-4.646	-5.133	-6.06	-1.783	-3.659	-5.966	-5.139	-4.941	-4.624	-4.065	-2.933	-6.035	-3.965	-5.529	-6.084
11.91	-5.993	-1.239	-4.628	-1.958	-3.852	-3.154	-2.121	-1.167	-5.452	-4.273	-1.214	-1.882	-2.368	-4.814	-5.102	-4.143	-1.315	-3.384	-1.86	-6.09
11.92	-1.248	-5.821	-2.457	-5.009	-3.166	-4.135	-5.13	-6.035	-1.698	-3.669	-5.881	-5.254	-4.527	-1.974	-2.173	-3.353	-1.423	-3.82	-5.324	-6.034
11.93	-1.192	-5.79	-2.446	-4.147	-2.722	-3.976	-2.099	-6.088	-5.516	-3.518	-5.853	-1.923	-2.925	-1.761	-1.76	-3.843	-1.529	-3.655	-5.304	-5.943
11.94	-1.157	-1.782	-4.823	-4.386	-5.108	-3.559	-5.167	-6.053	-1.652	-3.548	-1.452	-5.407	-4.208	-1.609	-1.436	-3.665	-5.665	-3.593	-5.242	-6.057
11.95	-6.04	-1.519	-4.884	-3.425	-4.957	-4.505	-2.103	-1.175	-1.609	-3.559	-1.536	-1.875	-3.2	-5.742	-5.962	-3.807	-5.462	-3.886	-2.239	-5.913
11.96	-1.126	-1.903	-2.506	-3.566	-2.057	-4.619	-2.134	-6.059	-1.605	-3.694	-1.575	-5.423	-3.915	-1.438	-1.167	-3.395	-1.947	-3.563	-5.068	-5.873
11.97	-1.159	-5.577	-2.396	-3.203	-1.878	-4.799	-2.033	-1.168	-5.567	-3.634	-1.633	-5.431	-3.71	-5.887	-1.402	-4.084	-1.77	-4.008	-2.302	-5.866
11.98	-1.163	-5.464	-2.383	-2.942	-5.486	-5.043	-5.219	-5.925	-1.599	-3.769	-1.706	-1.788	-3.416	-1.321	-1.776	-3.173	-4.989	-3.49	-4.856	-5.908
11.99	-6.01	-1.828	-2.333	-4.573	-1.519	-1.991	-1.943	-1.168	-5.609	-3.505	-5.576	-5.43	-4.114	-5.977	-5.058	-4.411	-4.832	-3.895	-2.63	-5.88
12	-5.889	-5.338	-2.395	-4.913	-5.843	-1.832	-5.341	-6.076	-1.576	-3.822	-1.808	-1.545	-4.361	-1.318	-4.428	-2.814	-4.595	-4.065	-4.68	-1.537
