# SCAN started at: 2019-02-12 11:46:01
# Elen_Scan Mass: 20.3 Resolution: 30
# ----------------------------------------
# 
18.5	-5.124	-1.407	-4.965	-4.046	-2.636	-0.4867	-3.596	-4.408	-4.52	-2.99	-0.3248	-2.785	-4.727	-1.438	-0.3935	-3.219	-0.8767	-0.5826	-0.6325	-2.262	-0.6837	-2.192	-0.8222	-5.284	-1.623	0	0	0	0	0
18.51	-4.849	-0.8314	-3.344	-1.622	-1.239	-0.2343	-4.258	-3.255	-4.473	-3.735	-0.04525	-2.701	-3.656	-3.762	-0.1201	-2.176	-2.58	-2.857	-2.127	-1.175	-1.401	-4.749	-2.075	-2.832	-1	0	0	0	0	0
18.52	-6.096	-1.984	-1.409	-3.718	-4.766	-0.2556	-4.719	-2.308	-4.221	-3.448	-4.797	-3.367	-1.93	-3.35	-4.937	-1.813	-3.396	-3.74	-3.193	-1.63	-2.053	-1.407	-2.793	-2.493	-5.179	0	0	0	0	0
18.53	-3.768	-0.3839	-3.706	-3.647	-0.4552	-4.971	-0.4444	-3.001	-0.8824	-1.601	-4.799	-2.286	-3.353	-1.417	-0.3784	-3.637	-2.978	-3.97	-3.376	-2.122	-4.011	-1.051	-3.004	-3.68	-4.555	0	0	0	0	0
18.54	-3.795	-4.681	-1.733	-3.535	-4.849	-4.974	-4.65	-2.223	-4.572	-1.384	-4.827	-1.821	-3.597	-3.453	-5.098	-3.551	-2.126	-1.635	-3.689	-3.863	-4.139	-4.72	-3.245	-2.635	-3.869	0	0	0	0	0
18.55	-3.812	-1.986	-1.874	-2.09	-0.4135	-4.98	-0.5212	-3.278	-0.5581	-4.155	-0.6275	-3.703	-2.006	-2.189	-0.5105	-2.231	-2.063	-1.537	-2.116	-3.819	-1.899	-4.759	-3.132	-3.644	-1.642	0	0	0	0	0
18.56	-3.126	-4.505	-2.388	-2.257	-0.4572	-0.4085	-0.7816	-3.335	-0.542	-4.248	-0.4881	-1.543	-1.946	-2.287	-0.5039	-2.323	-3.841	-4.37	-1.868	-2.316	-1.869	-1.423	-3.188	-3.634	0	0	0	0	0	0
18.57	-3.791	-0.7897	-3.418	-2.498	-5.203	-5.021	-4.847	-3.442	-0.6309	-0.8205	-4.813	-1.771	-1.936	-3.584	-0.4894	-2.466	-3.97	-1.271	-1.758	-2.365	-1.806	-1.383	-3.076	-3.601	0	0	0	0	0	0
18.58	-2.865	-3.928	-3.341	-2.558	-0.4244	-0.3946	-0.6583	-1.915	-5.008	-0.6953	-4.863	-1.414	-1.723	-3.379	-5.2	-3.25	-1.892	-4.706	-1.742	-3.77	-1.713	-4.906	-3.206	-2.896	0	0	0	0	0	0
18.59	-3.902	-0.5205	-3.271	-2.857	-4.975	-5.03	-4.85	-4.056	-5.22	-5.002	-4.876	-3.974	-3.712	-3.569	-0.4947	-3.073	-1.814	-1.056	-4.717	-2.497	-4.562	-4.975	-3.303	-2.923	0	0	0	0	0	0
18.6	-3.96	-2.313	-3.069	-2.685	-0.3598	-5.06	-0.6284	-3.726	-0.2816	-5.01	-4.906	-4.207	-1.696	-2.212	-5.274	-2.841	-4.245	-4.953	-4.777	-3.684	-4.624	-1.225	-3.108	-3.318	0	0	0	0	0	0
18.61	-3.723	-2.625	-3.234	-2.756	-0.3782	-4.994	-0.6097	-3.708	-0.2761	-5.142	-4.798	-4.506	-4.232	-2.036	-5.27	-2.867	-4.648	-0.6118	-5.139	-3.32	-4.575	-1.332	-2.782	-3.683	0	0	0	0	0	0
18.62	-2.257	-5.068	-2.745	-2.279	-0.3954	-5.062	-0.7781	-4.006	-0.7943	-5.018	-4.923	-4.351	-3.845	-1.99	-5.278	-3.764	-4.601	-4.843	-5.247	-3.531	-4.825	-1.126	-2.962	-3.348	0	0	0	0	0	0
18.63	-4.23	-2.093	-2.612	-2.2	-5.312	-0.5173	-0.7955	-1.489	-0.3685	-0.5062	-0.6673	-1.168	-1.806	-3.677	-5.281	-3.41	-4.703	-0.6142	-0.8306	-3.396	-4.875	-1.104	-2.913	-3.334	0	0	0	0	0	0
18.64	-4.239	-2.216	-2.469	-2.04	-0.4196	-5.079	-4.758	-4.164	-0.4386	-0.6443	-0.6586	-4.366	-1.664	-3.676	-0.536	-2.414	-1.264	-1.029	-0.8099	-2.743	-1.167	-1.011	-3.684	-3.268	0	0	0	0	0	0
18.65	-1.985	-0.5434	-2.344	-3.651	-5.178	-0.5035	-4.744	-1.369	-5.108	-1.483	-4.892	-1.265	-1.735	-1.898	-0.5651	-3.677	-4.881	-1.916	-5.464	-2.777	-1.323	-5.437	-3.688	-3.313	0	0	0	0	0	0
18.66	-1.917	-0.9118	-3.515	-1.863	-0.3891	-5.069	-0.9125	-1.308	-5.067	-1.092	-5.149	-1.307	-4.06	-1.979	-0.8844	-2.141	-1.083	-4.095	-0.74	-3.427	-4.981	-5.423	-2.759	-3.336	0	0	0	0	0	0
18.67	-1.874	-1.121	-3.676	-1.728	-0.4101	-0.5622	-0.9847	-4.417	-0.7748	-4.306	-4.897	-4.363	-3.98	-3.737	-5.22	-4.061	-5.035	-4.509	-5.444	-3.433	-5.118	-0.9024	-2.714	-3.219	0	0	0	0	0	0
18.68	-1.732	-5.102	-3.774	-1.617	-5.082	-5.068	-0.9783	-4.421	-0.8496	-3.998	-0.5159	-1.301	-1.503	-4.075	-0.6688	-4.04	-0.9272	-4.505	-0.8216	-2.925	-5.094	-5.519	-2.597	-2.643	0	0	0	0	0	0
18.69	-1.665	-1.162	-1.83	-1.538	-5.27	-0.5913	-4.621	-1.101	-0.9863	-1.984	-0.6917	-4.524	-1.608	-2.049	-0.7495	-1.808	-5.17	-4.296	-0.8652	-2.868	-5.239	-0.9116	-3.595	-3.115	0	0	0	0	0	0
18.7	-4.646	-0.9127	-4.864	-1.473	-0.393	-0.6715	-4.569	-1.067	-1.205	-2.429	-4.888	-1.349	-1.598	-1.945	-0.8213	-4.266	-0.8029	-3.77	-5.303	-3.391	-1.165	-5.591	-3.939	-3.508	0	0	0	0	0	0
18.71	-1.285	-1.11	-4.908	-1.551	-0.4209	-0.7214	-4.569	-1.11	-1.43	-2.964	-4.721	-1.477	-1.695	-1.831	-1.333	-1.233	-0.7768	-1.931	-4.903	-3.223	-1.224	-5.613	-4.462	-3.319	0	0	0	0	0	0
18.72	-4.846	-3.512	-5.097	-1.179	-0.3973	-0.7504	-4.389	-0.9241	-1.75	-3.435	-4.826	-1.294	-1.42	-1.841	-1.067	-1.219	-0.7486	-3.715	-4.932	-4.042	-1.099	-5.64	-4.287	-3.402	0	0	0	0	0	0
18.73	-1.24	-1.182	-0.5426	-1.151	-0.4358	-4.774	-1.49	-4.735	-3.799	-1.983	-0.8066	-1.54	-4.389	-3.883	-4.754	-4.76	-0.7474	-2.473	-4.757	-3.531	-0.9774	-5.621	-4.397	-3.277	0	0	0	0	0	0
18.74	-1.158	-2.393	-5.164	-1.098	-5.247	-4.755	-4.385	-4.692	-3.396	-4.039	-4.855	-1.32	-4.571	-3.939	-3.989	-1.101	-0.7343	-4.423	-1.651	-2.8	-5.415	-5.636	-2.175	-3.404	0	0	0	0	0	0
18.75	-1.152	-3.757	-0.511	-4.624	-5.216	-0.7828	-1.358	-0.7835	-3.3	-1.348	-0.8461	-4.242	-1.676	-1.849	-1.399	-1.025	-5.272	-1.097	-4.386	-3.629	-5.421	-0.9177	-4.482	-3.341	0	0	0	0	0	0
18.76	-1.106	-4.734	-0.5331	-4.714	-0.43	-4.766	-4.153	-0.8	-2.575	-4.846	-4.782	-4.244	-0.5952	-1.836	-1.484	-0.9213	-0.812	-3.19	-2.077	-2.72	-0.9449	-5.569	-1.984	-3.405	0	0	0	0	0	0
18.77	-1.072	-3.456	-0.4812	-4.778	-0.4608	-0.6151	-4.216	-4.891	-2.753	-0.9237	-4.761	-1.67	-5.032	-1.523	-4.294	-5.056	-5.191	-3.108	-3.988	-3.685	-0.9593	-1.01	-1.91	-3.39	0	0	0	0	0	0
18.78	-0.9748	-2.078	-0.5636	-0.8389	-5.22	-0.6295	-1.507	-4.869	-2.947	-4.923	-0.8954	-4	-0.7812	-3.985	-1.668	-0.7787	-0.914	-2.167	-2.453	-3.775	-5.466	-5.396	-4.739	-3.548	0	0	0	0	0	0
18.79	-5.127	-4.738	-5.145	-4.849	-5.292	-1.502	-4.065	-0.7133	-2.602	-0.6184	-0.9579	-1.676	-0.7968	-3.975	-4.118	-5.231	-0.9812	-1.967	-3.554	-2.588	-0.9242	-5.477	-1.876	-3.469	0	0	0	0	0	0
18.8	-5.168	-0.6117	-5.122	-4.909	-5.241	-2.676	-1.695	-0.6898	-3.277	-0.5006	-4.689	-1.958	-5.141	-1.881	-2.495	-0.7134	-5.103	-2.052	-2.93	-2.48	-5.508	-1.097	-4.873	-3.529	0	0	0	0	0	0
18.81	-5.096	-1.429	-5.138	-4.862	-4.999	-3.199	-1.879	-0.7142	-3.392	-0.4777	-4.603	-1.934	-5.022	-1.436	-1.982	-0.6946	-4.65	-0.9882	-3.754	-2.535	-5.497	-1.083	-5.188	-3.945	0	0	0	0	0	0
18.82	-5.23	-3.123	-4.999	-5.029	-5.358	-3.079	-2.017	-0.6162	-3.815	-0.595	-4.76	-1.971	-5.048	-1.453	-2.848	-0.6815	-4.637	-2.53	-3.199	-2.301	-5.513	-1.276	-4.916	-3.262	0	0	0	0	0	0
18.83	-0.7994	-1.519	-4.978	-5.042	-0.6124	-2.536	-3.569	-0.6609	-3.922	-4.953	-1.098	-3.721	-0.7832	-3.951	-3.525	-0.782	-4.564	-1.422	-3.959	-2.208	-0.9439	-5.113	-5.098	-2.835	0	0	0	0	0	0
18.84	-0.7813	-4.842	-4.881	-0.6053	-0.4088	-3.294	-2.232	-5.017	-1.312	-0.9659	-4.707	-3.6	-5.047	-3.977	-3.44	-5.358	-1.639	-4.703	-2.166	-4.315	-0.9623	-1.38	-5.153	-2.781	0	0	0	0	0	0
18.85	-5.253	-0.7186	-0.9819	-0.5506	-5.171	-3.448	-3.382	-0.6677	-4.334	-4.417	-0.9407	-2.427	-0.7728	-4.273	-2.828	-5.308	-1.41	-5.309	-4.355	-4.393	-5.447	-5.163	-5.27	-3.964	0	0	0	0	0	0
18.86	-0.7651	-0.614	-1.045	-0.5699	-5.172	-2.181	-2.486	-5.049	-1.403	-1.66	-4.693	-2.325	-0.8054	-1.825	-3.097	-0.7695	-4.431	-4.431	-1.74	-1.937	-1.071	-5.183	-5.211	-4.088	0	0	0	0	0	0
18.87	-5.237	-4.432	-1.079	-5.079	-0.5409	-3.733	-3.213	-0.7224	-4.396	-3.825	-4.496	-3.348	-4.952	-4.138	-3.044	-0.8171	-2.083	-2.271	-4.773	-1.87	-5.386	-1.458	-1.251	-4.208	0	0	0	0	0	0
18.88	-0.7612	-2.624	-4.627	-5.112	-5.187	-1.898	-3.002	-5.101	-4.519	-2.472	-1.127	-3.295	-4.932	-4.147	-3.12	-5.114	-3.902	-5.256	-1.392	-4.619	-1.142	-5.026	-1.208	-2.457	0	0	0	0	0	0
18.89	-5.194	-4.095	-4.621	-5.072	-0.527	-3.982	-2.799	-5.096	-1.092	-2.937	-1.125	-3.165	-0.8719	-1.449	-2.721	-5.089	-2.41	-0.8351	-5.106	-4.74	-1.201	-1.552	-5.383	-2.39	0	0	0	0	0	0
18.9	-0.8015	-5.097	-4.521	-5.084	-5.288	-1.642	-2.843	-5.132	-4.755	-3.222	-4.553	-2.937	-0.9247	-1.671	-3.39	-0.9248	-2.564	-5.476	-1.149	-1.544	-5.207	-5.085	-5.421	-4.367	0	0	0	0	0	0
18.91	-0.7348	-5.128	-4.668	-5.098	-5.112	-4.147	-3.527	-5.163	-0.59	-1.467	-4.332	-2.771	-1.23	-1.322	-3.605	-1.102	-2.254	-5.437	-0.9671	-1.664	-5.226	-5.149	-5.442	-4.77	0	0	0	0	0	0
18.92	-0.8535	-1.456	-4.292	-4.959	-5.173	-4.558	-3.345	-5.18	-0.6782	-1.373	-4.7	-2.83	-1.013	-1.455	-3.836	-1.374	-3.195	-5.506	-0.8892	-1.258	-4.949	-4.548	-5.3	-4.562	0	0	0	0	0	0
18.93	-0.8742	-5.03	-1.598	-4.921	-0.4842	-1.215	-2.296	-0.5513	-0.5889	-4.654	-4.579	-3.048	-4.701	-1.343	-2.162	-1.605	-2.741	-5.354	-5.52	-1.22	-4.802	-4.97	-1.021	-4.619	0	0	0	0	0	0
18.94	-5.072	-0.6996	-1.614	-0.7994	-5.164	-1.106	-2.149	-0.6266	-5.126	-4.933	-1.152	-3.319	-4.95	-4.432	-4.052	-4.373	-2.508	-5.326	-5.522	-5.509	-1.773	-1.697	-0.9864	-4.76	0	0	0	0	0	0
18.95	-0.9649	-4.185	-4.183	-0.8416	-0.5354	-4.73	-3.623	-5.213	-5.162	-0.6769	-1.194	-2.364	-1.166	-4.527	-1.79	-4.235	-3.879	-1.018	-0.8279	-1.138	-1.85	-1.695	-5.604	-1.822	0	0	0	0	0	0
18.96	-0.9796	-2.916	-4.178	-0.9023	-0.5092	-4.819	-3.938	-5.186	-0.4797	-5.201	-4.52	-2.444	-1.209	-1.357	-4.222	-1.866	-4.068	-5.172	-0.8406	-5.342	-4.576	-1.724	-5.643	-1.722	0	0	0	0	0	0
18.97	-1.043	-5.13	-1.746	-1.462	-5.442	-0.8204	-1.892	-0.552	-0.4002	-0.465	-4.569	-3.463	-4.557	-1.311	-4.263	-2.167	-1.909	-5.055	-5.466	-0.9081	-4	-4.843	-5.646	-4.961	0	0	0	0	0	0
18.98	-4.939	-0.7175	-1.766	-4.686	-0.5208	-4.965	-1.839	-0.5772	-5.295	-5.207	-1.163	-2.131	-4.501	-4.609	-1.575	-3.778	-1.877	-4.961	-5.505	-5.448	-2.209	-4.821	-5.628	-5.05	0	0	0	0	0	0
18.99	-4.902	-4.13	-1.795	-4.528	-0.5322	-0.661	-1.743	-5.18	-0.6317	-0.5891	-4.475	-3.751	-1.309	-1.246	-4.406	-3.58	-4.632	-1.433	-1.002	-1.013	-2.245	-4.75	-0.9551	-1.613	0	0	0	0	0	0
19	-1.077	-4.569	-4.042	-1.597	-5.189	-5.069	-4.064	-0.6125	-5.373	-4.919	-1.146	-2.091	-4.483	-4.715	-4.453	-2.711	-4.725	-4.797	-5.429	-4.14	-4.256	-2.506	-5.666	-1.598	0	0	0	0	0	0
19.01	-0.9864	-3.768	-4.354	-1.248	-5.169	-5.139	-4.247	-5.013	-5.067	-4.533	-1.366	-2.14	-1.297	-4.782	-4.384	-2.764	-5.067	-1.771	-0.9699	-4.013	-4.331	-1.876	-5.638	-1.674	0	0	0	0	0	0
19.02	-1.207	-4.269	-3.905	-1.671	-5.078	-5.179	-4.284	-5.01	-5.29	-3.831	-1.174	-1.47	-1.424	-4.811	-4.546	-3.169	-4.754	-2.17	-1.134	-3.563	-3.998	-2.715	-5.657	-1.5	0	0	0	0	0	0
19.03	-1.205	-1.681	-3.972	-1.735	-0.5347	-5.145	-1.033	-0.7961	-0.6206	-2.473	-1.154	-1.696	-4.401	-1.025	-4.622	-2.733	-0.9229	-2.392	-5.136	-3.062	-3.801	-2.244	-1	-1.483	0	0	0	0	0	0
19.04	-4.8	-2.763	-1.882	-3.962	-5.192	-0.5633	-4.466	-0.8687	-0.6928	-2.877	-4.578	-4.018	-4.396	-4.885	-1.359	-3.495	-0.8588	-3.75	-5	-3.358	-3.758	-4.328	-5.647	-5.274	0	0	0	0	0	0
19.05	-4.774	-1.446	-2.389	-3.795	-5.178	-5.183	-1.21	-4.862	-5.149	-4.42	-4.537	-4.085	-1.487	-5.061	-4.667	-2.491	-5.319	-2.829	-1.553	-3.172	-2.824	-4.238	-0.9732	-4.715	0	0	0	0	0	0
19.06	-1.187	-5.19	-1.899	-3.668	-0.6064	-5.093	-1.138	-0.9845	-5.037	-1.026	-1.197	-1.646	-4.303	-5.255	-1.297	-2.272	-5.364	-1.576	-1.556	-2.975	-2.88	-2.491	-5.58	-1.894	0	0	0	0	0	0
19.07	-1.247	-0.8975	-3.929	-2.222	-5.088	-5.088	-0.9984	-4.69	-5.239	-4.945	-1.146	-1.403	-1.455	-0.9171	-4.714	-3.95	-0.8301	-0.8887	-4.631	-3.705	-3.617	-2.619	-0.9975	-1.43	0	0	0	0	0	0
19.08	-4.801	-1.44	-3.926	-3.48	-5.127	-0.7075	-4.687	-1.166	-0.613	-5.077	-4.553	-4.393	-4.386	-0.86	-1.196	-2.018	-5.407	-5.055	-4.525	-3.858	-2.981	-3.947	-5.638	-5.3	0	0	0	0	0	0
19.09	-4.768	-2.695	-2.033	-3.395	-0.6226	-0.7262	-0.9602	-1.282	-4.892	-5.187	-1.122	-4.414	-1.518	-5.013	-1.304	-4.286	-0.7442	-2.37	-4.42	-2.47	-3.491	-3.831	-0.9886	-5.249	0	0	0	0	0	0
19.1	-4.712	-1.48	-2.604	-3.295	-5.103	-4.878	-4.795	-4.414	-0.7734	-0.5098	-4.565	-1.263	-4.313	-5.049	-4.693	-1.775	-5.406	-3.527	-1.907	-2.318	-3.051	-3.026	-1.034	-1.479	0	0	0	0	0	0
19.11	-4.971	-1.636	-1.71	-3.378	-4.981	-4.522	-4.842	-4.422	-0.9695	-0.5393	-4.431	-1.365	-3.983	-5.168	-4.547	-1.428	-5.164	-2.681	-2.787	-1.682	-3.007	-2.937	-1.118	-1.408	0	0	0	0	0	0
19.12	-4.841	-1.087	-2.067	-3.002	-5.052	-4.623	-4.972	-4.118	-1.253	-0.8729	-4.757	-1.269	-4.396	-5.075	-4.676	-1.378	-5.159	-3.179	-2.489	-1.825	-3.367	-3.357	-1.06	-1.502	0	0	0	0	0	0
19.13	-4.844	-0.7654	-2.182	-2.3	-5.114	-0.8933	-0.7625	-4.064	-1.438	-4.525	-1.117	-4.765	-4.355	-5.077	-1.335	-4.818	-5.252	-2.907	-2.808	-4.628	-3.845	-3.226	-5.532	-1.532	0	0	0	0	0	0
19.14	-4.856	-3.256	-3.76	-2.789	-0.7066	-4.334	-0.6985	-1.87	-1.541	-1.489	-1.048	-1.217	-1.631	-5.122	-4.661	-4.875	-1.388	-2.717	-3.425	-4.808	-3.203	-3.612	-1.113	-1.506	0	0	0	0	0	0
19.15	-4.818	-0.777	-3.68	-2.675	-0.7266	-4.248	-5.036	-1.656	-4.014	-4.004	-4.714	-4.644	-4.203	-5.152	-4.468	-4.975	-4.995	-3.632	-3.141	-1.438	-3.142	-2.942	-5.489	-1.563	0	0	0	0	0	0
19.16	-1.077	-0.661	-2.204	-2.647	-5.163	-1.63	-5.042	-2.094	-2.214	-3.625	-1.271	-0.9962	-1.575	-0.7705	-1.45	-1.045	-1.642	-4.164	-3.149	-1.371	-3.501	-3.86	-1.113	-1.716	0	0	0	0	0	0
19.17	-4.934	-3.151	-2.302	-2.563	-4.988	-1.755	-5.117	-2.131	-3.842	-2.628	-4.497	-4.768	-4.182	-0.7844	-1.411	-0.9745	-4.65	-4.313	-3.517	-5.132	-2.973	-2.658	-5.496	-5.306	0	0	0	0	0	0
19.18	-4.908	-5.176	-2.268	-2.48	-0.7961	-4.276	-0.5955	-3.541	-2.628	-2.946	-1.318	-1.007	-4.375	-5.18	-4.6	-5.145	-1.931	-1.831	-3.64	-5.292	-3.739	-4.11	-1.146	-5.155	0	0	0	0	0	0
19.19	-1.011	-1.176	-2.342	-3.425	-0.8166	-3.663	-5.133	-3.504	-3.162	-2.245	-4.461	-4.799	-1.621	-5.315	-1.489	-5.235	-4.138	-4.695	-3.44	-1.143	-3.03	-4.243	-5.447	-5.17	0	0	0	0	0	0
19.2	-1.013	-2.982	-3.481	-2.375	-4.937	-2.167	-0.6133	-2.472	-2.905	-2.081	-1.155	-0.9343	-4.4	-0.6924	-4.563	-0.8381	-2.454	-1.489	-2.463	-1.099	-2.843	-2.272	-5.443	-1.619	0	0	0	0	0	0
19.21	-0.7892	-0.6719	-3.727	-2.621	-4.69	-2.833	-0.5864	-2.655	-3.178	-1.467	-1.328	-4.958	-4.167	-0.6341	-4.353	-0.7569	-3.241	-4.987	-1.933	-0.8649	-2.85	-2.196	-5.291	-1.425	0	0	0	0	0	0
19.22	-0.9041	-2.092	-3.371	-2.182	-4.862	-2.877	-0.5977	-2.73	-3.604	-1.072	-1.116	-4.903	-4.366	-0.5995	-4.463	-0.7015	-3.179	-5.325	-2.013	-0.8814	-2.749	-1.932	-5.414	-1.619	0	0	0	0	0	0
19.23	-5.046	-5.16	-3.284	-2.155	-0.8437	-3.01	-5.19	-2.882	-2.01	-4.866	-4.654	-0.8478	-4.377	-0.6181	-1.253	-5.426	-3.005	-5.358	-4.464	-5.581	-3.903	-1.813	-5.41	-1.598	0	0	0	0	0	0
19.24	-5.004	-1.051	-3.252	-2.16	-4.81	-2.609	-5.18	-2.368	-1.82	-5.089	-1.102	-4.917	-4.388	-5.37	-4.336	-5.421	-3.693	-0.9013	-1.763	-5.6	-3.962	-4.932	-1.192	-5.086	0	0	0	0	0	0
19.25	-0.8955	-3.93	-3.179	-3.682	-0.9829	-2.427	-0.5769	-2.8	-4.432	-0.5014	-4.721	-0.8372	-4.313	-5.275	-4.284	-0.7173	-3.788	-0.8745	-4.77	-5.657	-4.127	-5.05	-5.415	-5.094	0	0	0	0	0	0
19.26	-0.8824	-4.091	-2.772	-3.705	-4.806	-3.606	-0.607	-3.19	-4.49	-5.26	-1.072	-0.8376	-1.388	-0.6803	-1.764	-0.7128	-3.682	-5.465	-4.884	-0.8325	-2.495	-1.526	-1.225	-1.611	0	0	0	0	0	0
19.27	-5.054	-3.741	-2.8	-3.728	-4.755	-3.753	-5.02	-3.263	-0.8502	-0.5085	-4.624	-4.959	-1.496	-5.21	-4.239	-5.378	-3.372	-5.515	-1.447	-5.616	-4.135	-5.141	-5.473	-5.108	0	0	0	0	0	0
19.28	-5.089	-5.171	-2.884	-2.108	-0.7686	-1.829	-0.6031	-2.474	-0.9771	-5.176	-4.829	-0.816	-4.342	-5.282	-1.906	-0.8051	-3.375	-5.653	-1.358	-0.9635	-2.382	-1.383	-1.191	-1.711	0	0	0	0	0	0
19.29	-0.8395	-4.792	-2.965	-2.045	-4.714	-4.125	-0.5442	-2.322	-4.676	-5.025	-1.026	-5.076	-1.503	-0.8477	-4.079	-5.314	-2.842	-0.8962	-5.179	-5.499	-4.318	-5.275	-5.467	-5.064	0	0	0	0	0	0
19.3	-0.8942	-4.504	-3.058	-3.862	-4.742	-1.516	-5.224	-3.674	-5.022	-1.69	-1.023	-0.8306	-4.442	-0.8753	-3.993	-0.801	-3.837	-0.9311	-5.264	-1.024	-4.322	-1.27	-1.15	-1.729	0	0	0	0	0	0
19.31	-0.775	-0.6115	-2.915	-3.467	-0.4367	-0.9866	-0.9613	-3.707	-5.137	-1.511	-0.9475	-0.8682	-4.227	-1.165	-3.775	-5.033	-4.722	-1.125	-5.061	-5.265	-4.242	-5.573	-1.281	-1.929	0	0	0	0	0	0
19.32	-1.125	-3.68	-3.279	-3.858	-0.5738	-1.038	-0.5886	-4.103	-5.063	-2.381	-0.9353	-0.8268	-4.367	-1.353	-2.199	-5.107	-4.716	-1.141	-5.448	-5.212	-4.434	-5.539	-1.097	-1.78	0	0	0	0	0	0
19.33	-0.8686	-3.73	-3.42	-3.888	-5.205	-4.872	-0.5949	-4.173	-5.391	-2.686	-5.06	-0.6834	-1.471	-1.477	-2.301	-1.085	-5.03	-5.124	-0.9163	-1.381	-2.028	-1.049	-1.086	-4.984	0	0	0	0	0	0
19.34	-0.8887	-0.9836	-3.609	-3.883	-5.203	-4.952	-5.18	-1.485	-5.425	-2.736	-4.82	-0.8379	-4.469	-4.279	-3.729	-1.169	-1.305	-5.143	-0.8828	-1.49	-4.571	-5.649	-5.498	-4.948	0	0	0	0	0	0
19.35	-0.8914	-4.84	-2.355	-4.006	-0.5534	-0.708	-0.4461	-4.422	-0.4248	-2.316	-0.9187	-4.735	-1.399	-3.884	-4.24	-4.856	-1.119	-0.9112	-5.528	-4.695	-1.952	-5.639	-5.489	-1.82	0	0	0	0	0	0
19.36	-5.048	-1.865	-2.235	-1.796	-5.239	-0.6739	-0.6092	-1.24	-5.12	-3.86	-0.8668	-0.7169	-4.402	-1.989	-4.054	-4.868	-5.427	-4.794	-0.8546	-4.904	-4.66	-0.9898	-1.119	-1.926	0	0	0	0	0	0
19.37	-5.052	-4.054	-2.173	-1.848	-5.208	-5.165	-5.204	-4.653	-0.6546	-4.259	-4.897	-4.816	-4.371	-2.248	-2.494	-1.385	-5.51	-1.739	-5.568	-1.781	-4.665	-5.68	-1.103	-4.881	0	0	0	0	0	0
19.38	-4.995	-1.479	-3.83	-1.689	-5.153	-5.22	-0.6148	-4.804	-5.31	-1.254	-0.7662	-1.014	-1.459	-3.546	-3.634	-1.481	-0.9982	-4.531	-0.6647	-1.908	-4.739	-0.9436	-1.137	-4.755	0	0	0	0	0	0
19.39	-0.952	-4.74	-3.894	-1.543	-0.5886	-0.6098	-5.15	-0.9859	-0.8277	-4.799	-4.965	-4.729	-4.749	-2.638	-3.357	-4.621	-5.58	-1.997	-0.8365	-4.513	-1.829	-0.9419	-5.53	-2.052	0	0	0	0	0	0
19.4	-0.9558	-4.779	-4.014	-4.2	-5.19	-0.5534	-5.188	-0.8734	-4.929	-0.7774	-0.8038	-4.937	-4.478	-2.884	-3.386	-1.612	-0.9396	-4.192	-5.542	-4.382	-1.788	-5.674	-5.543	-2.151	0	0	0	0	0	0
19.41	-0.8517	-4.261	-3.808	-4.066	-0.6122	-0.7404	-5.169	-0.7224	-4.855	-0.4851	-0.8774	-4.457	-4.368	-4.095	-3.277	-1.613	-1.303	-4.258	-5.426	-4.196	-1.85	-5.719	-5.523	-1.96	0	0	0	0	0	0
19.42	-1.031	-0.9055	-4.244	-4.413	-0.6271	-0.697	-5.214	-0.6457	-4.59	-0.4989	-0.8512	-4.504	-4.584	-4.158	-3.114	-1.926	-1.285	-3.707	-5.427	-4.04	-1.696	-5.694	-5.547	-2.206	0	0	0	0	0	0
19.43	-1.023	-5.224	-4.254	-4.454	-5.201	-4.999	-0.5576	-5.2	-1.41	-5.24	-5.011	-4.518	-1.034	-2.187	-3.067	-4.15	-4.975	-2.756	-5.4	-2.59	-4.871	-5.724	-5.523	-4.611	0	0	0	0	0	0
19.44	-4.828	-4.572	-4.328	-1.26	-5.151	-0.8348	-5.16	-5.195	-1.742	-5.071	-0.7558	-1.339	-4.585	-1.998	-3.134	-2.09	-4.948	-3.386	-0.8969	-2.738	-4.899	-0.9268	-1.129	-2.333	0	0	0	0	0	0
19.45	-4.869	-2.804	-4.395	-1.241	-0.6713	-4.862	-5.195	-0.5939	-3.97	-0.9888	-5.124	-1.366	-1.184	-4.148	-3.347	-2.188	-1.919	-3.224	-1.102	-3.78	-1.648	-0.9566	-1.146	-4.453	0	0	0	0	0	0
19.46	-1.087	-4.034	-1.4	-0.8426	-5.139	-0.9959	-5.188	-0.6475	-3.826	-1.315	-0.66	-4.475	-4.597	-4.308	-2.833	-3.882	-2.066	-3.073	-5.24	-3.532	-5.008	-5.708	-5.495	-4.368	0	0	0	0	0	0
19.47	-1.15	-5.11	-1.316	-4.788	-5.066	-1.084	-0.6096	-5.097	-2.211	-4.17	-5.148	-4.318	-4.672	-4.482	-3.358	-2.467	-4.207	-3.558	-1.267	-3.001	-1.614	-5.718	-1.167	-2.42	0	0	0	0	0	0
19.48	-4.808	-5.083	-4.571	-4.743	-5.007	-1.163	-5.209	-0.7918	-2.659	-3.853	-0.6206	-4.472	-1.275	-4.535	-2.725	-3.051	-2.625	-3.708	-1.375	-3.577	-5.023	-0.9508	-5.496	-2.51	0	0	0	0	0	0
19.49	-4.753	-5.099	-4.623	-4.806	-0.6987	-4.501	-1.239	-4.997	-2.915	-2.447	-5.259	-1.532	-1.114	-1.237	-2.647	-3.516	-3.605	-2.549	-1.423	-3.2	-1.538	-1.004	-1.172	-4.257	0	0	0	0	0	0
19.5	-4.635	-0.7588	-4.663	-0.9664	-0.7138	-4.486	-4.444	-0.9425	-3.036	-2.887	-5.223	-1.483	-4.687	-1.138	-2.591	-2.791	-2.684	-2.425	-4.841	-3.234	-5.06	-5.675	-1.152	-2.557	0	0	0	0	0	0
19.51	-4.918	-0.8582	-4.485	-1.109	-0.6978	-4.167	-4.853	-1.051	-2.374	-3.635	-0.5667	-1.35	-4.768	-0.9437	-2.495	-2.739	-3.664	-1.91	-4.413	-3.441	-4.919	-5.584	-1.247	-3.935	0	0	0	0	0	0
19.52	-4.733	-0.7597	-4.797	-0.9093	-0.7668	-4.19	-4.204	-1.408	-2.071	-4.104	-0.5574	-1.802	-5.001	-0.8466	-2.412	-3.092	-3.992	-1.966	-4.507	-3.095	-5.149	-5.619	-1.246	-4.15	0	0	0	0	0	0
19.53	-1.243	-5.117	-4.853	-0.8218	-4.983	-1.756	-4.668	-1.578	-1.839	-1.468	-5.232	-4.054	-4.803	-5.131	-3.831	-3.03	-2.211	-4.024	-4.38	-3.037	-5.124	-1.05	-5.452	-2.621	0	0	0	0	0	0
19.54	-1.268	-0.6939	-5.114	-4.988	-4.867	-1.822	-1.211	-4.052	-3.984	-1.09	-5.32	-4.313	-0.8831	-5.204	-2.279	-3.321	-2.048	-1.754	-2.202	-3.555	-1.46	-5.6	-5.476	-2.727	0	0	0	0	0	0
19.55	-4.375	-5.155	-5.01	-4.989	-0.8424	-3.962	-4.714	-1.961	-4.375	-4.906	-5.294	-4.047	-0.9507	-5.24	-3.878	-2.782	-4.726	-4.767	-4.107	-2.916	-1.377	-1.206	-5.384	-4.099	0	0	0	0	0	0
19.56	-4.772	-0.6157	-4.895	-0.778	-0.8498	-3.896	-1.115	-2.128	-1.433	-5.094	-5.37	-1.826	-5.015	-5.291	-2.179	-2.642	-4.937	-4.94	-2.018	-3.62	-5.202	-1.046	-1.282	-4.16	0	0	0	0	0	0
19.57	-1.211	-5.146	-0.927	-0.8316	-4.942	-2.121	-4.743	-3.52	-1.189	-0.5765	-0.5585	-4.177	-0.8244	-5.16	-2.103	-3.681	-5.127	-1.55	-3.76	-2.865	-1.364	-5.565	-1.23	-2.56	0	0	0	0	0	0
19.58	-4.751	-0.7509	-0.8417	-5.047	-4.86	-2.176	-4.758	-3.365	-4.791	-0.5237	-5.246	-1.85	-0.8801	-0.6681	-4.046	-2.391	-5.272	-1.334	-2.886	-3.733	-5.2	-1.116	-5.378	-2.574	0	0	0	0	0	0
19.59	-4.808	-5.128	-4.977	-5.02	-0.9134	-3.551	-1.071	-2.641	-4.719	-5.307	-0.5561	-3.994	-0.9198	-0.6786	-4.112	-2.194	-5.414	-5.148	-3.486	-2.194	-5.333	-1.103	-5.376	-4.315	0	0	0	0	0	0
19.6	-1.091	-0.7287	-5.041	-5.003	-4.879	-3.497	-1.075	-2.877	-0.9548	-5.127	-5.305	-1.71	-5.133	-0.6928	-2.012	-2.031	-1.037	-5.177	-3.293	-3.818	-1.298	-4.608	-1.272	-4.347	0	0	0	0	0	0
19.61	-4.709	-0.7892	-4.949	-4.796	-0.8902	-3.214	-0.9316	-2.964	-0.8122	-4.773	-5.272	-2.055	-4.976	-5.227	-1.684	-1.66	-5.507	-2.376	-3.131	-3.681	-1.383	-4.518	-1.5	-4.463	0	0	0	0	0	0
19.62	-4.921	-0.8078	-5.113	-4.958	-1.038	-3.783	-1.108	-3.414	-0.4632	-4.495	-5.232	-1.794	-5.16	-0.9588	-1.876	-1.664	-5.498	-2.814	-2.834	-3.996	-1.003	-2.172	-1.369	-4.497	0	0	0	0	0	0
19.63	-1.012	-5.183	-0.7116	-4.953	-5.023	-2.622	-4.786	-3.568	-5.205	-1.712	-5.218	-4.259	-5.17	-1.127	-4.31	-4.57	-1.106	-1.799	-3.983	-2.439	-1.215	-2.221	-1.409	-2.311	0	0	0	0	0	0
19.64	-4.978	-0.6998	-0.6916	-4.961	-4.299	-3.162	-1.046	-2.152	-0.771	-2.034	-0.8325	-1.839	-0.7135	-4.798	-4.27	-4.689	-1.18	-4.782	-2.493	-4.282	-5.291	-2.159	-5.26	-2.369	0	0	0	0	0	0
19.65	-5.019	-5.196	-0.656	-0.9918	-3.705	-3.165	-4.804	-1.911	-5.391	-3.48	-0.6343	-5.076	-5.303	-4.615	-4.372	-1.219	-1.307	-1.7	-4.291	-2.352	-5.424	-4.036	-1.356	-4.532	0	0	0	0	0	0
19.66	-4.976	-5.226	-0.6582	-1.065	-1.456	-3.137	-1.053	-4.108	-5.121	-3.066	-5.167	-0.7796	-0.6885	-1.717	-1.71	-1.178	-5.045	-4.808	-2.059	-4.209	-1.172	-2.346	-5.395	-2.185	0	0	0	0	0	0
19.67	-0.8766	-0.6504	-0.6303	-0.983	-0.8392	-2.885	-1.06	-1.479	-5.071	-3.188	-0.7837	-5.053	-5.25	-1.814	-4.433	-5.056	-1.623	-0.9608	-1.858	-4.23	-5.495	-2.17	-5.332	-4.637	0	0	0	0	0	0
19.68	-5.23	-0.7006	-5.226	-4.768	-1.348	-2.867	-4.849	-4.337	-0.9041	-3.561	-5.06	-5.042	-0.6542	-2.115	-1.684	-1.047	-1.815	-5.406	-4.804	-2.236	-1.084	-2.184	-1.101	-2.195	0	0	0	0	0	0
19.69	-4.921	-0.6505	-5.267	-4.774	-5.253	-2.946	-0.9639	-1.336	-4.986	-3.883	-0.8416	-0.8097	-5.278	-3.76	-4.471	-0.9079	-2.025	-5.349	-1.536	-4.347	-5.492	-4.603	-1.418	-4.717	0	0	0	0	0	0
19.7	-5.131	-5.228	-5.243	-1.102	-1.478	-2.926	-4.894	-4.665	-1.321	-1.658	-0.7096	-0.797	-0.8351	-2.367	-4.461	-0.8649	-4.252	-5.348	-5.071	-2.146	-1.06	-2.095	-5.302	-2.143	0	0	0	0	0	0
19.71	-5.176	-5.222	-5.267	-1.246	-3.915	-2.628	-5.005	-0.8214	-3.177	-1.276	-0.7287	-0.7506	-4.269	-3.427	-4.587	-0.7982	-3.599	-1.231	-5.382	-1.837	-5.59	-1.82	-5.149	-2.066	0	0	0	0	0	0
19.72	-5.191	-5.114	-5.249	-1.34	-0.5939	-2.771	-4.979	-0.8669	-3.849	-0.9172	-0.7375	-0.7622	-5.057	-2.167	-4.095	-0.7368	-3.584	-1.119	-5.396	-1.413	-5.609	-2.067	-5.393	-1.897	0	0	0	0	0	0
19.73	-0.7581	-0.6887	-5.253	-1.46	-4.987	-3.153	-0.8623	-5.045	-3.604	-0.7194	-0.8809	-5.089	-5.015	-4.094	-1.479	-5.458	-3.245	-1.088	-1.032	-4.635	-1.018	-1.988	-5.332	-4.985	0	0	0	0	0	0
19.74	-0.8322	-5.207	-0.5992	-4.328	-4.879	-3.096	-5.188	-0.7465	-2.586	-5.337	-4.974	-0.7572	-0.9426	-1.73	-4.604	-5.458	-3.464	-5.25	-0.9412	-4.809	-0.9828	-2.046	-1.33	-5.016	0	0	0	0	0	0
19.75	-5.18	-0.7056	-0.9233	-4.49	-4.874	-2.574	-0.77	-5.129	-2.866	-5.158	-0.9104	-5.107	-0.9613	-1.547	-1.467	-0.8016	-3.688	-1.129	-5.588	-1.74	-5.629	-4.768	-5.343	-5.128	0	0	0	0	0	0
19.76	-0.7503	-0.7144	-0.7439	-1.702	-1.213	-3.284	-5.071	-0.635	-2.728	-0.6257	-4.929	-0.7709	-5.004	-4.652	-4.714	-0.8523	-2.561	-1.185	-0.8719	-1.642	-5.639	-4.808	-5.384	-5.094	0	0	0	0	0	0
19.77	-0.7371	-0.7357	-5.046	-1.867	-3.021	-3.366	-0.7293	-0.6557	-2.488	-5.287	-0.7415	-5.116	-0.8924	-4.818	-4.652	-5.241	-4.386	-1.194	-5.586	-5.063	-1.006	-1.942	-5.411	-1.732	0	0	0	0	0	0
19.78	-5.194	-5.127	-5.035	-1.539	-3.76	-3.342	-5.181	-5.109	-3.666	-0.6262	-5.045	-0.808	-5.067	-5.345	-1.354	-1.101	-2.139	-5.434	-5.603	-4.766	-1.033	-1.926	-5.443	-5.156	0	0	0	0	0	0
19.79	-0.7608	-0.769	-4.996	-2.165	-2.609	-2.421	-0.6989	-5.229	-3.887	-5.13	-4.89	-5.086	-0.9757	-0.6448	-4.812	-1.41	-4.652	-5.107	-0.9066	-5.108	-5.58	-4.856	-1.263	-5.243	0	0	0	0	0	0
19.8	-0.7748	-5.093	-4.919	-3.623	-4.61	-3.527	-0.6905	-0.7243	-1.785	-4.928	-1.083	-5.198	-5.039	-5.34	-1.32	-1.38	-4.932	-1.258	-5.486	-1.37	-1.123	-4.865	-5.442	-1.639	0	0	0	0	0	0
19.81	-0.828	-5.183	-4.938	-3.031	-4.944	-2.383	-0.6652	-0.7118	-1.569	-4.578	-0.9258	-4.986	-0.9784	-1.248	-4.779	-1.781	-5.237	-1.537	-5.376	-1.385	-5.399	-5.055	-5.442	-1.539	0	0	0	0	0	0
19.82	-0.8213	-5.021	-4.64	-3.346	-4.838	-2.231	-0.6318	-0.9054	-0.9384	-3.998	-3.501	-5.033	-0.9331	-1.036	-4.929	-1.942	-5.314	-1.492	-5.243	-1.176	-5.368	-4.889	-5.498	-1.404	0	0	0	0	0	0
19.83	-0.8382	-5.04	-4.545	-3.311	-4.906	-3.224	-5.203	-1.037	-1.12	-2.115	-2.381	-0.9557	-5.064	-4.842	-4.739	-4.064	-1.111	-1.533	-5.133	-1.133	-1.361	-1.849	-1.185	-1.458	0	0	0	0	0	0
19.84	-0.8737	-0.9186	-1.505	-3.243	-5.04	-2.079	-0.6062	-4.702	-4.864	-3.451	-2.453	-0.8778	-4.993	-1.377	-1.128	-3.844	-1.029	-4.849	-5.063	-5.506	-1.476	-1.837	-5.714	-5.442	0	0	0	0	0	0
19.85	-0.883	-5.007	-1.681	-2.788	-4.975	-3.858	-0.6428	-4.65	-5.01	-2.818	-3.469	-4.898	-0.9123	-4.588	-1.011	-2.681	-5.575	-4.848	-1.591	-5.544	-5.119	-4.923	-1.126	-5.488	0	0	0	0	0	0
19.86	-5.01	-0.9387	-4.124	-2.753	-4.996	-2.073	-0.6504	-1.378	-0.8566	-2.787	-2.866	-0.8573	-0.92	-1.72	-2.234	-2.815	-0.9681	-1.591	-1.74	-0.9619	-4.974	-1.806	-5.633	-1.278	0	0	0	0	0	0
19.87	-4.957	-0.9751	-3.949	-2.744	-4.804	-2.237	-5.187	-1.481	-5.054	-3.535	-2.678	-4.859	-5.091	-1.918	-2.156	-3.138	-5.614	-4.674	-4.606	-0.9067	-1.826	-1.795	-5.649	-1.295	0	0	0	0	0	0
19.88	-0.987	-4.928	-3.818	-3.059	-0.8434	-3.995	-0.6847	-4.265	-0.6163	-2.07	-1.865	-0.9476	-0.8953	-4.048	-3.974	-3.238	-0.996	-4.63	-4.399	-5.682	-4.783	-1.906	-1.038	-5.587	0	0	0	0	0	0
19.89	-1.009	-1.006	-3.63	-3.064	-5.044	-4.067	-5.137	-3.584	-5.117	-4.122	-1.808	-1.154	-5.143	-3.742	-4.079	-2.798	-1.047	-4.541	-4.245	-5.683	-2.094	-4.884	-5.699	-5.62	0	0	0	0	0	0
19.9	-1.027	-4.905	-3.527	-2.946	-0.658	-1.761	-0.6792	-2.188	-5.341	-4.376	-1.691	-4.849	-0.8634	-2.424	-2.051	-3.712	-5.339	-1.987	-2.389	-0.9104	-4.537	-4.92	-5.675	-1.163	0	0	0	0	0	0
19.91	-1.284	-5.022	-3.449	-2.609	-0.7974	-1.343	-0.8334	-2.149	-5.2	-4.826	-1.749	-4.456	-0.6642	-2.617	-4.066	-3.881	-4.991	-2.127	-3.175	-0.9476	-4.497	-4.569	-5.737	-1.095	0	0	0	0	0	0
19.92	-1.15	-4.842	-2.924	-2.967	-0.6621	-1.737	-0.8881	-3.113	-5.155	-4.91	-1.541	-4.566	-1.186	-3.015	-4.23	-4.276	-5.106	-2.231	-2.838	-0.9411	-4.12	-4.838	-5.736	-1.115	0	0	0	0	0	0
19.93	-4.714	-1.118	-3.165	-3.191	-0.6211	-4.462	-0.73	-2.764	-0.3966	-5.305	-4.387	-4.676	-0.7087	-3.116	-1.876	-4.296	-4.818	-2.391	-3.292	-5.619	-2.687	-1.922	-0.986	-1.143	0	0	0	0	0	0
19.94	-4.696	-4.777	-3.374	-2.684	-5.326	-1.377	-0.6755	-3.068	-0.5771	-0.4818	-1.452	-1.398	-5.196	-2.756	-1.77	-1.592	-1.844	-3.898	-3.082	-1.035	-3.875	-4.874	-1.007	-5.675	0	0	0	0	0	0
19.95	-4.67	-4.761	-2.344	-4.63	-5.29	-4.563	-5.212	-2.917	-5.439	-0.6709	-4.672	-1.504	-0.6777	-3.495	-4.436	-1.398	-4.453	-3.795	-3.613	-5.501	-3.015	-4.894	-0.9722	-1.127	0	0	0	0	0	0
19.96	-4.605	-1.194	-2.25	-1.642	-0.5092	-4.611	-5.183	-3.187	-5.227	-5.268	-1.156	-4.393	-5.112	-2.539	-1.682	-4.89	-2.247	-2.811	-2.576	-1.14	-3.627	-1.863	-5.702	-5.762	0	0	0	0	0	0
19.97	-4.566	-4.677	-1.997	-1.557	-5.332	-1.199	-0.6665	-3.379	-0.5707	-5.272	-1.123	-4.329	-0.7846	-3.741	-1.535	-5.054	-4.016	-2.895	-4.034	-1.174	-3.189	-1.923	-5.729	-1.108	0	0	0	0	0	0
19.98	-4.503	-1.27	-4.056	-4.386	-5.358	-4.734	-0.6483	-2.418	-0.7638	-0.7555	-4.815	-1.663	-5.129	-3.843	-1.653	-1.086	-2.702	-3.371	-4.185	-1.31	-3.328	-1.903	-1.066	-5.689	0	0	0	0	0	0
19.99	-4.639	-4.593	-4.183	-4.373	-0.5277	-4.775	-5.188	-2.32	-5.254	-1.197	-1.217	-4.1	-0.7636	-2.116	-4.57	-0.9468	-3.017	-3.277	-2.174	-5.317	-3.522	-4.874	-5.732	-5.645	0	0	0	0	0	0
20	-4.356	-4.628	-1.496	-1.45	-0.5155	-4.847	-0.6496	-3.795	-5.239	-4.171	-4.814	-1.899	-5.286	-4.025	-1.672	-5.346	-3.191	-3.232	-4.581	-1.405	-2.936	-1.916	-1.127	-1.161	0	0	0	0	0	0
20.01	-3.933	-3.884	-1.54	-1.564	-0.501	-0.9898	-0.6517	-3.809	-4.873	-3.753	-4.731	-1.35	-5.406	-4.143	-4.443	-5.358	-3.25	-3.905	-1.744	-4.558	-4.329	-1.928	-1.082	-1.101	0	0	0	0	0	0
20.02	-4.09	-5.034	-1.174	-1.288	-0.5046	-0.9072	-0.6222	-4.141	-4.898	-3.309	-4.756	-2.178	-5.263	-4.432	-4.582	-5.473	-3.893	-3.776	-1.466	-5.057	-4.038	-1.944	-1.179	-1.118	0	0	0	0	0	0
20.03	-1.949	-0.8728	-0.8151	-1.211	-5.337	-0.8596	-0.6873	-4.268	-1.311	-3.258	-1.008	-3.686	-0.9088	-4.52	-1.498	-0.7398	-2.496	-3.855	-5.341	-4.981	-4.214	-1.824	-5.543	-5.743	0	0	0	0	0	0
20.04	-1.952	-0.8807	-1.001	-1.041	-5.353	-5.033	-5.179	-1.445	-1.441	-3.458	-5.063	-3.531	-1.205	-1.437	-1.459	-0.8298	-2.352	-2.461	-3.43	-1.706	-2.303	-4.997	-1.227	-1.159	0	0	0	0	0	0
20.05	-2.096	-0.8338	-0.9282	-4.811	-5.323	-0.8255	-0.6927	-4.434	-4.393	-2.049	-0.7921	-2.466	-0.904	-1.332	-4.766	-0.8442	-4.564	-4.203	-3.616	-1.738	-4.474	-1.754	-1.213	-1.121	0	0	0	0	0	0
20.06	-2.179	-0.8503	-0.8571	-4.86	-0.738	-0.7553	-5.15	-1.307	-1.607	-1.708	-5.106	-3.335	-5.221	-1.253	-1.407	-5.259	-4.614	-2.171	-3.334	-4.766	-2.062	-1.711	-1.259	-1.202	0	0	0	0	0	0
20.07	-3.738	-5.117	-0.7517	-4.998	-0.5243	-5.143	-5.165	-4.749	-4.225	-4.477	-0.836	-2.733	-5.243	-5.156	-4.792	-5.174	-1.758	-4.333	-3.125	-4.791	-4.758	-5.161	-5.449	-5.738	0	0	0	0	0	0
20.08	-3.697	-0.7572	-0.7322	-0.9146	-5.15	-0.6651	-0.6784	-4.743	-1.878	-1.092	-5.072	-3.369	-0.816	-4.982	-1.297	-1.162	-1.52	-1.905	-3.725	-1.874	-1.821	-5.152	-1.368	-1.129	0	0	0	0	0	0
20.09	-3.539	-5.107	-5.173	-5.057	-2.688	-5.147	-0.768	-1.041	-3.892	-4.957	-0.815	-3.018	-0.6783	-1.044	-1.232	-4.888	-5.161	-1.807	-2.676	-2.043	-4.962	-5.253	-5.434	-5.728	0	0	0	0	0	0
20.1	-2.504	-5.116	-0.6602	-5.098	-1.209	-0.7719	-5.099	-4.927	-2.222	-0.7881	-0.7571	-3.108	-5.295	-5.103	-4.502	-4.723	-5.308	-1.684	-2.513	-4.673	-1.569	-1.54	-1.385	-1.118	0	0	0	0	0	0
20.11	-3.059	-0.7079	-0.6434	-5.084	-2.069	-0.6785	-4.991	-0.7429	-3.373	-4.994	-0.6765	-3.516	-5.336	-5.13	-5.102	-4.3	-5.469	-4.762	-2.15	-4.838	-1.338	-1.314	-1.44	-1.141	0	0	0	0	0	0
20.12	-2.742	-0.7384	-0.7693	-5.204	-5.325	-0.6164	-5.075	-0.7901	-2.752	-5.324	-0.6543	-3.263	-5.203	-5.273	-4.99	-4.142	-5.553	-1.374	-1.702	-4.501	-1.29	-1.365	-5.279	-1.123	0	0	0	0	0	0
20.13	-3.127	-0.7217	-0.6972	-0.629	-0.4811	-0.6605	-5.078	-5.151	-2.9	-0.7637	-5.344	-3.57	-0.8391	-5.329	-1.086	-3.337	-1.007	-1.266	-5.037	-2.223	-1.217	-5.448	-5.269	-1.193	0	0	0	0	0	0
20.14	-3.375	-5.339	-5.173	-0.6291	-0.5359	-0.6376	-0.7527	-5.199	-3.24	-1.313	-0.6183	-2.367	-0.8081	-0.6929	-1.042	-2.613	-5.634	-5.295	-5.206	-2.209	-5.485	-5.515	-1.571	-5.704	0	0	0	0	0	0
20.15	-3.039	-5.241	-5.129	-0.6153	-5.382	-5.19	-0.8222	-0.6629	-2.574	-4.303	-5.179	-2.321	-0.8702	-0.6858	-5.111	-3.434	-5.55	-5.288	-1.208	-4.407	-5.577	-5.486	-1.735	-1.103	0	0	0	0	0	0
20.16	-3.058	-5.232	-4.909	-0.6797	-5.382	-0.6817	-5.089	-0.646	-2.447	-4.148	-5.296	-3.777	-5.129	-5.379	-5.133	-3.105	-5.616	-5.385	-1.106	-4.369	-1.042	-1.275	-1.67	-1.133	0	0	0	0	0	0
20.17	-3.086	-5.255	-0.9387	-0.6808	-0.5012	-0.6766	-5.078	-5.249	-2.22	-2.184	-0.5608	-3.766	-5.08	-0.7109	-1.026	-2.629	-0.8961	-4.596	-5.54	-2.325	-1.033	-1.142	-5.092	-1.107	0	0	0	0	0	0
20.18	-3.123	-0.6842	-4.909	-0.7639	-5.395	-0.7483	-0.7611	-5.291	-3.906	-3.265	-0.6106	-2.091	-0.9248	-0.7512	-0.9446	-3.702	-0.9521	-4.284	-5.599	-2.676	-5.698	-5.608	-5.099	-5.691	0	0	0	0	0	0
20.19	-3.136	-5.248	-1.195	-5.142	-5.387	-5.055	-0.7525	-0.6492	-4.087	-3.136	-5.323	-2	-5.05	-5.31	-5.235	-2.34	-5.545	-4.84	-0.9074	-2.465	-5.65	-1.107	-1.814	-5.682	0	0	0	0	0	0
20.2	-2.83	-0.6673	-4.666	-5.084	-5.423	-4.982	-5.029	-0.6842	-1.656	-2.419	-5.328	-4.18	-5.032	-5.226	-5.224	-1.987	-5.443	-5.035	-5.594	-4.163	-1.05	-1.065	-4.948	-1.146	0	0	0	0	0	0
20.21	-3.221	-0.6682	-4.731	-4.997	-5.179	-4.971	-5.088	-0.7402	-1.379	-1.87	-5.322	-4.435	-5.109	-5.17	-5.169	-1.665	-1.147	-1.185	-0.9329	-3.961	-1.14	-1.028	-1.992	-1.128	0	0	0	0	0	0
20.22	-3.257	-0.6587	-4.347	-4.874	-0.5255	-4.843	-5.187	-0.7268	-1.19	-1.291	-5.332	-4.176	-4.973	-4.925	-5.285	-1.209	-1.327	-5.315	-1.121	-3.924	-1.305	-1.04	-1.872	-1.13	0	0	0	0	0	0
20.23	-2.852	-0.6356	-4.227	-4.841	-0.5376	-1.083	-5.151	-5.102	-1.015	-5.095	-5.361	-1.77	-4.909	-1.247	-5.283	-1.134	-5.106	-5.4	-5.293	-3.085	-1.44	-5.744	-4.917	-5.664	0	0	0	0	0	0
20.24	-2.802	-0.6972	-4.096	-4.747	-5.367	-1.128	-0.6674	-5.062	-5	-5.175	-0.5835	-4.217	-1.138	-1.296	-0.839	-5.184	-5.016	-5.465	-1.396	-3.509	-5.176	-5.742	-1.917	-5.725	0	0	0	0	0	0
20.25	-2.789	-0.6826	-1.992	-1.221	-5.249	-4.635	-0.7004	-0.9265	-5.1	-5.236	-0.5501	-1.742	-1.169	-1.521	-5.167	-0.923	-4.904	-5.505	-1.51	-3.051	-5.024	-1.014	-2.029	-5.639	0	0	0	0	0	0
20.26	-2.893	-0.6822	-2.202	-1.267	-0.7255	-1.294	-5.116	-0.9816	-0.8819	-0.5939	-5.277	-1.734	-4.782	-4.397	-5.325	-0.873	-1.866	-5.584	-4.783	-3.475	-1.865	-1.007	-4.901	-1.206	0	0	0	0	0	0
20.27	-3.172	-5.185	-2.328	-1.351	-5.345	-1.431	-5.228	-4.85	-5.327	-0.5878	-5.301	-4.27	-1.326	-1.844	-0.8431	-5.437	-4.605	-0.9071	-4.556	-3.294	-4.231	-1.01	-4.866	-1.173	0	0	0	0	0	0
20.28	-3.107	-5.233	-2.585	-1.424	-5.347	-1.382	-0.6692	-1.139	-0.5665	-5.319	-0.552	-1.705	-1.355	-1.976	-0.8077	-5.409	-4.47	-5.627	-4.454	-3.28	-4.598	-5.695	-2.027	-5.616	0	0	0	0	0	0
20.29	-3.133	-5.239	-3.4	-4.449	-0.7008	-4.368	-5.244	-4.691	-5.385	-5.239	-0.6018	-1.805	-4.769	-3.936	-0.7862	-5.378	-2.222	-0.9059	-2.365	-3.539	-4.372	-1.038	-1.978	-1.184	0	0	0	0	0	0
20.3	-3.068	-0.7241	-2.793	-4.426	-0.5514	-5.046	-5.229	-1.341	-5.258	-0.8657	-5.333	-1.709	-1.594	-3.754	-5.36	-0.9697	-2.456	-0.9682	-3.971	-3.645	-2.535	-0.9949	-1.966	-5.705	0	0	0	0	0	0
20.31	-3.578	-0.673	-2.715	-4.832	-0.3486	-0.8933	-5.235	-1.325	-5.227	-1.371	-5.147	-4.013	-4.377	-3.349	-5.395	-1.071	-3.111	-1.117	-3.588	-4.01	-2.75	-1.216	-4.864	-1.401	0	0	0	0	0	0
20.32	-3.033	-0.7566	-3.273	-4.361	-0.5426	-0.9816	-5.092	-1.673	-5.336	-1.6	-5.312	-4.496	-4.482	-3.213	-5.333	-1.422	-3.01	-5.404	-3.208	-2.61	-3.208	-1.201	-5.016	-1.175	0	0	0	0	0	0
20.33	-2.756	-4.209	-3.387	-4.307	-0.5421	-4.897	-5.13	-1.737	-0.804	-2.066	-5.306	-4.331	-4.206	-3.006	-5.335	-4.715	-3.422	-5.303	-3.722	-2.47	-3.347	-1.287	-4.64	-5.644	0	0	0	0	0	0
20.34	-4.101	-1.478	-3.569	-4.295	-5.322	-4.809	-0.8286	-4.032	-0.9055	-3.621	-0.6036	-1.827	-1.742	-3.186	-5.333	-4.456	-3.203	-1.269	-2.599	-4.356	-3.239	-5.422	-1.682	-5.607	0	0	0	0	0	0
20.35	-2.647	-1.472	-3.734	-1.678	-5.316	-4.656	-5.06	-3.882	-4.958	-2.521	-5.235	-1.786	-3.999	-3.275	-5.321	-4.257	-3.031	-1.308	-2.177	-2.185	-3.054	-5.396	-1.647	-1.15	0	0	0	0	0	0
20.36	-2.501	-1.467	-2.123	-4.28	-4.541	-1.149	-4.983	-2.174	-5.063	-2.739	-5.296	-4.338	-4.144	-2.63	-5.338	-2.269	-3.797	-5.071	-2	-4.589	-3.847	-1.425	-5.241	-5.474	0	0	0	0	0	0
20.37	-2.409	-4.052	-1.972	-1.694	-1.47	-4.609	-4.934	-3.576	-0.959	-2.896	-5.284	-1.898	-2.156	-2.575	-0.8203	-3.691	-4.048	-1.487	-4.816	-1.955	-4.184	-5.309	-1.535	-1.291	0	0	0	0	0	0
20.38	-3.773	-1.466	-1.771	-4.313	-1.475	-4.647	-1.418	-3.465	-4.625	-2.668	-0.6421	-1.84	-2.075	-3.668	-0.8217	-3.588	-2.575	-4.902	-1.73	-1.752	-2.503	-5.223	-1.481	-1.219	0	0	0	0	0	0
20.39	-1.896	-4.615	-1.633	-4.311	-1.347	-4.473	-1.752	-3.304	-4.719	-2.409	-5.26	-1.689	-2.142	-3.864	-5.36	-3.404	-4.383	-1.665	-1.343	-4.933	-2.321	-5.27	-5.442	-5.647	0	0	0	0	0	0
20.4	-2.158	-1.376	-1.097	-1.728	-1.276	-1.442	-4.652	-2.805	-4.509	-3.76	-5.302	-4.139	-3.674	-2.126	-0.7921	-3.161	-4.618	-1.603	-1.212	-5.104	-4.571	-1.662	-5.5	-5.619	0	0	0	0	0	0
20.41	-2.246	-4.644	-1.452	-1.335	-1.042	-1.68	-4.611	-3.238	-4.237	-3.986	-5.476	-4.489	-3.561	-2.126	-5.074	-3.008	-5.193	-1.958	-0.9721	-5.167	-4.639	-1.864	-5.547	-5.583	0	0	0	0	0	0
20.42	-1.793	-4.667	-1.067	-1.698	-1.177	-1.614	-4.248	-2.785	-3.852	-4.343	-5.244	-4.077	-3.514	-1.758	-5.399	-2.632	-5.111	-2.143	-0.9053	-5.362	-4.983	-1.827	-1.215	-5.69	0	0	0	0	0	0
20.43	-4.293	-1.252	-4.945	-2.213	-1.248	-1.684	-1.852	-2.354	-2.141	-4.503	-0.739	-4.151	-2.372	-4.357	-0.802	-2.395	-5.31	-2.234	-5.622	-1.191	-5.19	-1.969	-1.212	-5.686	0	0	0	0	0	0
20.44	-1.626	-1.217	-5.071	-3.864	-4.839	-4.148	-2.012	-2.187	-2.177	-1.196	-0.942	-1.894	-2.654	-1.69	-5.389	-2.242	-1.267	-4.223	-0.9257	-1.087	-1.445	-4.794	-1.063	-1.209	0	0	0	0	0	0
20.45	-4.453	-1.25	-5.108	-4.375	-1.53	-4.139	-2.157	-3.878	-3.836	-1.059	-0.7421	-3.899	-3.416	-1.484	-5.363	-4.077	-1.114	-2.509	-1.008	-5.606	-5.297	-4.724	-5.744	-1.119	0	0	0	0	0	0
20.46	-1.439	-1.139	-5.198	-1.566	-4.929	-1.753	-3.655	-4.046	-4.302	-4.899	-5.112	-4.06	-3.476	-4.496	-0.8068	-1.957	-5.503	-3.952	-1.078	-5.651	-1.305	-2.115	-1.035	-5.696	0	0	0	0	0	0
20.47	-1.363	-4.889	-5.227	-1.574	-4.977	-1.819	-3.309	-1.719	-4.248	-0.9354	-5.03	-4.387	-2.721	-4.746	-0.8452	-1.841	-5.6	-2.713	-5.336	-0.9951	-5.505	-2.094	-1.021	-5.672	0	0	0	0	0	0
20.48	-1.314	-4.95	-0.6772	-4.541	-4.92	-4.468	-2.644	-1.599	-1.305	-0.8506	-0.9767	-1.593	-2.828	-4.782	-5.34	-1.699	-1.03	-2.849	-5.203	-1.014	-5.549	-4.536	-5.755	-1.128	0	0	0	0	0	0
20.49	-4.777	-4.984	-0.6553	-4.52	-0.9026	-4.034	-2.892	-4.48	-1.468	-5.198	-4.998	-5.162	-3.217	-1.168	-5.518	-4.665	-5.665	-3.589	-1.496	-5.572	-1.157	-4.462	-5.772	-5.748	0	0	0	0	0	0
20.5	-4.818	-1.054	-0.6645	-4.445	-0.8803	-1.92	-2.935	-4.565	-4.603	-5.253	-4.881	-5.096	-3.112	-1.146	-5.32	-4.76	-5.592	-3.417	-1.652	-5.504	-5.638	-2.453	-5.726	-5.645	0	0	0	0	0	0
20.51	-4.684	-0.8498	-0.6991	-4.832	-5.006	-2.189	-2.16	-1.001	-4.932	-5.295	-1.424	-4.908	-3.254	-5.175	-5.232	-1.3	-5.57	-3.266	-2.158	-5.393	-5.64	-2.465	-1.046	-5.723	0	0	0	0	0	0
20.52	-4.958	-1.012	-0.9465	-4.639	-5.146	-1.999	-2.476	-1.023	-4.949	-5.341	-1.461	-4.908	-3.274	-5.238	-5.251	-1.168	-5.49	-3.411	-2.326	-5.199	-5.687	-4.128	-1.176	-1.222	0	0	0	0	0	0
20.53	-4.997	-1.078	-0.8034	-4.687	-0.7675	-3.944	-2.26	-0.9746	-5.324	-0.5428	-4.382	-4.942	-3.232	-0.8911	-1.005	-1.167	-1.255	-3.595	-4.014	-1.642	-5.667	-4.105	-5.537	-1.129	0	0	0	0	0	0
20.54	-0.9322	-5.024	-5.023	-4.647	-0.7188	-3.964	-3.881	-5.216	-1.993	-0.5624	-4.483	-4.826	-3.299	-0.8764	-5.194	-5.208	-1.31	-2.869	-2.789	-4.829	-5.649	-2.625	-5.495	-1.158	0	0	0	0	0	0
20.55	-0.9088	-1.001	-5	-1.227	-0.607	-1.972	-4.079	-5.094	-3.708	-0.5753	-1.505	-1.144	-2.729	-0.8507	-5.124	-1.003	-1.449	-3.834	-3.034	-4.659	-1.125	-2.934	-1.404	-5.707	0	0	0	0	0	0
20.56	-5.133	-1.03	-1.01	-1.228	-5.304	-3.944	-1.7	-0.7842	-3.713	-5.315	-4.356	-4.809	-2.778	-5.264	-4.872	-0.9209	-1.522	-3.84	-3.316	-4.472	-5.622	-3.853	-1.427	-1.138	0	0	0	0	0	0
20.57	-5.135	-1.047	-1.12	-1.174	-0.6566	-3.97	-1.592	-0.6757	-4.388	-5.436	-3.984	-4.796	-3.448	-5.314	-1.254	-0.9172	-1.706	-4.076	-3.096	-2.501	-5.561	-3.82	-5.271	-1.122	0	0	0	0	0	0
20.58	-0.8121	-1.122	-1.18	-1.153	-0.6684	-4.123	-4.504	-5.237	-2.029	-0.7241	-1.81	-1.224	-3.621	-0.7538	-5.006	-5.428	-1.91	-2.389	-2.914	-2.741	-5.497	-3.753	-5.229	-1.132	0	0	0	0	0	0
20.59	-5.237	-1.122	-1.349	-1.085	-0.6398	-1.978	-4.605	-5.277	-4.161	-0.9175	-1.953	-4.698	-2.509	-0.7403	-4.93	-5.45	-4.578	-4.285	-3.987	-3.816	-1.35	-3.705	-5.133	-5.709	0	0	0	0	0	0
20.6	-5.224	-4.882	-4.48	-1.1	-5.314	-3.934	-1.185	-0.6769	-4.242	-4.727	-3.894	-4.665	-2.327	-5.38	-1.303	-0.8027	-4.301	-4.442	-4.236	-3.54	-5.336	-3.712	-1.766	-5.712	0	0	0	0	0	0
20.61	-5.21	-4.997	-2.495	-4.914	-5.348	-1.656	-1.081	-0.6639	-4.56	-5.059	-3.66	-4.787	-1.978	-5.38	-1.23	-0.8049	-4.011	-4.917	-4.553	-3.12	-1.989	-4.21	-2.023	-1.175	0	0	0	0	0	0
20.62	-5.262	-4.607	-2.053	-4.977	-0.6962	-2.058	-0.8989	-0.764	-4.75	-4.764	-2.967	-4.714	-2.248	-5.432	-4.769	-0.7899	-3.822	-4.78	-4.856	-2.949	-1.702	-3.208	-2.084	-5.703	0	0	0	0	0	0
20.63	-0.7133	-4.606	-2.155	-5.028	-0.6473	-3.85	-0.8197	-0.8094	-1	-4.843	-2.937	-1.39	-3.986	-5.417	-1.556	-5.437	-3.093	-4.885	-1.617	-3.873	-4.861	-3.151	-2.037	-5.736	0	0	0	0	0	0
20.64	-0.7132	-4.569	-3.735	-5.036	-5.254	-2.11	-5.166	-5.124	-0.9537	-1.31	-3.599	-1.461	-4.072	-5.435	-4.343	-5.442	-3.418	-1.69	-1.541	-4.146	-4.789	-3.136	-4.625	-5.697	0	0	0	0	0	0
20.65	-5.253	-1.62	-3.479	-0.8486	-5.289	-2.141	-5.055	-5.12	-0.9093	-1.562	-2.458	-1.402	-1.924	-5.438	-4.541	-5.42	-3.213	-5.022	-5.278	-2.404	-2.11	-3.653	-2.297	-1.192	0	0	0	0	0	0
20.66	-5.278	-2.145	-2.615	-0.8655	-5.238	-3.832	-0.6749	-1.008	-5.127	-4.227	-3.401	-2.153	-4.138	-5.399	-1.822	-0.9136	-3.721	-4.684	-1.199	-2.307	-4.512	-3.207	-2.442	-5.693	0	0	0	0	0	0
20.67	-0.765	-4.238	-3.226	-5.166	-0.688	-3.987	-5.234	-0.9915	-5.21	-1.875	-3.175	-4.473	-4.363	-0.7314	-1.747	-5.333	-3.928	-1.381	-1.115	-4.511	-4.452	-3.148	-2.566	-5.738	0	0	0	0	0	0
20.68	-0.8035	-3.908	-2.916	-0.8076	-0.6896	-3.814	-5.275	-4.853	-0.7087	-1.876	-3.249	-1.665	-4.384	-0.7476	-4.431	-5.268	-2.584	-1.337	-5.517	-2.07	-2.51	-3.223	-4.177	-1.173	0	0	0	0	0	0
20.69	-5.213	-4.017	-3.203	-5.092	-5.251	-2.12	-5.263	-4.789	-0.6825	-3.809	-2.865	-1.621	-1.236	-5.322	-4.439	-5.214	-2.412	-5.256	-5.604	-1.952	-2.61	-3.653	-2.797	-1.163	0	0	0	0	0	0
20.7	-5.201	-3.909	-2.707	-0.7113	-0.6369	-2.113	-0.6526	-1.268	-5.258	-3.685	-3.013	-4.25	-1.568	-5.264	-2.003	-1.155	-4.447	-1.268	-0.9812	-4.89	-4.013	-3.209	-2.885	-1.266	0	0	0	0	0	0
20.71	-5.235	-4.057	-2.644	-0.6154	-5.121	-2.128	-0.6282	-1.382	-5.271	-3.615	-2.839	-1.948	-1.3	-1.024	-2.581	-1.165	-5.013	-1.109	-5.658	-1.393	-3.019	-3.841	-3.299	-5.695	0	0	0	0	0	0
20.72	-5.093	-3.483	-2.118	-0.7159	-5.231	-1.577	-5.254	-1.745	-5.183	-2.69	-3.207	-1.753	-1.357	-4.8	-2.093	-1.428	-4.892	-1.09	-5.646	-1.595	-3.17	-3.677	-2.795	-5.642	0	0	0	0	0	0
20.73	-0.9743	-2.709	-1.962	-5.289	-0.7867	-3.921	-5.229	-4.093	-0.8538	-3.217	-3.103	-4.126	-4.72	-5.034	-2.191	-1.566	-5.159	-5.475	-0.9433	-5.08	-3.548	-3.11	-3.311	-1.183	0	0	0	0	0	0
20.74	-1.024	-2.789	-4.131	-0.6402	-0.8913	-2.064	-0.7408	-3.982	-0.923	-2.856	-3.203	-1.791	-4.868	-4.962	-2.315	-4.656	-5.284	-1.037	-0.9907	-1.494	-3.399	-3.159	-3.42	-1.235	0	0	0	0	0	0
20.75	-1.059	-2.898	-4.374	-5.309	-4.693	-1.98	-0.8505	-3.878	-1.071	-3.43	-2.688	-2.2	-1.173	-4.865	-2.886	-4.226	-1.246	-5.51	-5.532	-1.409	-3.463	-3.785	-3.61	-5.579	0	0	0	0	0	0
20.76	-4.91	-2.972	-4.487	-5.288	-0.909	-4.009	-5.088	-2.306	-4.766	-2.5	-3.326	-4.209	-0.8105	-4.755	-2.411	-1.992	-1.163	-5.491	-5.471	-5.228	-3.205	-3.769	-3.695	-5.573	0	0	0	0	0	0
20.77	-4.871	-2.852	-4.61	-5.316	-0.9243	-4.01	-5.032	-3.448	-1.398	-2.565	-3.518	-4.135	-5.05	-4.677	-3.764	-2.136	-5.528	-5.559	-1.164	-5.301	-2.989	-2.85	-3.035	-5.506	0	0	0	0	0	0
20.78	-4.713	-3.353	-1.195	-0.6576	-0.9776	-1.883	-4.914	-3.362	-1.655	-3.742	-3.616	-2.113	-0.8856	-1.611	-3.656	-3.54	-1.054	-1.015	-1.216	-5.352	-2.94	-2.976	-2.921	-1.334	0	0	0	0	0	0
20.79	-4.759	-3.294	-1.076	-0.6708	-4.946	-1.878	-1.066	-2.823	-4.067	-3.721	-2.299	-4.039	-0.8533	-1.663	-2.881	-3.913	-5.616	-1.013	-5.292	-1.247	-3.886	-3.85	-2.739	-5.371	0	0	0	0	0	0
20.8	-4.669	-2.399	-4.994	-5.281	-4.913	-1.831	-4.86	-3.029	-3.924	-1.999	-3.643	-3.996	-0.9976	-1.875	-2.718	-2.497	-5.483	-5.498	-5.213	-5.411	-2.776	-2.948	-4.242	-5.435	0	0	0	0	0	0
20.81	-4.481	-2.519	-5	-5.116	-1.301	-1.752	-4.862	-3.319	-2.839	-1.756	-3.491	-4.101	-5.233	-3.559	-2.881	-2.572	-5.725	-5.283	-1.198	-1.003	-4.483	-3.244	-4.828	-5.46	0	0	0	0	0	0
20.82	-4.513	-2.071	-5.181	-5.23	-1.124	-4.199	-4.627	-3.568	-3.123	-4.464	-3.795	-3.862	-5.129	-3.879	-2.957	-3.001	-5.607	-5.302	-1.592	-1.044	-4.329	-2.565	-4.801	-1.578	0	0	0	0	0	0
20.83	-4.447	-4.068	-5.24	-5.301	-1.136	-4.2	-4.485	-3.833	-2.747	-4.634	-3.681	-3.727	-5.238	-2.389	-2.998	-3.126	-5.642	-1.064	-1.702	-5.623	-2.282	-2.848	-1.96	-1.659	0	0	0	0	0	0
20.84	-4.594	-4.184	-0.6755	-5.301	-4.813	-1.769	-4.363	-2.006	-3.486	-4.771	-3.729	-2.088	-5.383	-3.595	-3.146	-3.029	-1.058	-1.323	-4.827	-1.038	-4.53	-2.971	-1.838	-1.716	0	0	0	0	0	0
20.85	-1.701	-4.22	-0.6714	-0.6835	-4.769	-4.269	-4.399	-4.148	-2.313	-1.061	-2.243	-3.824	-5.24	-3.463	-2.849	-2.896	-5.496	-1.471	-1.923	-0.9723	-4.667	-3.982	-5.207	-5.189	0	0	0	0	0	0
20.86	-4.049	-1.663	-5.265	-5.279	-1.36	-4.271	-4.27	-4.377	-1.999	-0.9589	-2.022	-3.809	-5.253	-3.327	-3.308	-3.573	-5.415	-5.01	-1.594	-5.716	-1.946	-2.871	-5.103	-1.781	0	0	0	0	0	0
20.87	-4.301	-4.444	-5.224	-5.237	-4.623	-1.551	-4.185	-4.537	-4.03	-5.016	-3.917	-2.211	-0.6724	-3.223	-2.837	-3.805	-5.234	-4.844	-2.261	-5.691	-1.864	-2.759	-5.41	-1.903	0	0	0	0	0	0
20.88	-1.887	-4.568	-0.8238	-4.37	-4.63	-1.57	-1.869	-1.43	-4.249	-5.134	-3.949	-2.431	-0.6779	-3.029	-3.556	-2.383	-1.335	-1.762	-4.363	-5.655	-1.792	-4.016	-1.427	-1.91	0	0	0	0	0	0
20.89	-1.925	-4.626	-5.055	-4.399	-4.627	-4.373	-1.94	-4.88	-1.459	-0.7616	-2.035	-2.541	-5.28	-3.356	-3.593	-2.025	-5.253	-4.67	-2.344	-1.18	-5.15	-4.018	-5.537	-4.928	0	0	0	0	0	0
20.9	-1.995	-1.328	-4.965	-1.555	-4.786	-4.422	-3.966	-4.914	-1.3	-5.27	-2.229	-3.738	-0.578	-3.517	-2.571	-4.169	-5.116	-2.057	-2.472	-5.639	-1.554	-4.036	-5.614	-2.037	0	0	0	0	0	0
20.91	-1.692	-1.41	-4.847	-1.237	-4.82	-4.375	-3.907	-5.206	-5.01	-5.3	-3.818	-3.964	-0.9119	-3.675	-4.176	-4.229	-4.808	-4.459	-3.021	-1.235	-5.386	-2.625	-5.699	-4.901	0	0	0	0	0	0
20.92	-2.093	-1.117	-4.392	-1.58	-1.331	-4.49	-2.134	-5.233	-5.038	-0.6395	-3.622	-3.727	-0.9081	-3.98	-4.04	-1.803	-4.728	-3.981	-2.85	-1.144	-5.612	-2.827	-1.114	-4.648	0	0	0	0	0	0
20.93	-2.111	-1.053	-4.194	-2.031	-1.36	-1.352	-2.257	-5.286	-0.7807	-5.237	-2.562	-2.382	-4.979	-2.03	-2.133	-1.641	-4.41	-3.679	-3.655	-5.515	-1.288	-2.838	-1.066	-2.316	0	0	0	0	0	0
20.94	-3.914	-4.985	-2.107	-4.412	-1.236	-1.43	-3.749	-0.7921	-5.388	-5.216	-2.338	-2.429	-4.911	-1.877	-4.27	-4.752	-4.425	-3.04	-3.435	-5.416	-5.51	-4.082	-0.9362	-4.631	0	0	0	0	0	0
20.95	-2.225	-0.9798	-2.361	-4.363	-4.723	-4.575	-3.651	-0.7125	-5.461	-0.8451	-2.604	-2.531	-1.231	-1.655	-4.362	-4.886	-4.297	-3.316	-3.252	-1.334	-5.59	-2.349	-5.781	-4.552	0	0	0	0	0	0
20.96	-2.242	-0.8962	-3.461	-4.372	-1.066	-4.523	-3.587	-5.187	-5.285	-4.981	-3.291	-3.641	-1.467	-4.579	-4.476	-1.33	-2.609	-2.914	-3.426	-1.405	-1.11	-2.889	-1.067	-4.744	0	0	0	0	0	0
20.97	-2.28	-5.141	-3.431	-4.258	-1.222	-1.23	-2.528	-5.115	-0.8124	-4.847	-2.603	-3.538	-1.533	-1.508	-1.622	-1.153	-2.726	-3.757	-3.191	-5.259	-1.126	-3.884	-1.082	-2.406	0	0	0	0	0	0
20.98	-3.746	-5.18	-2.968	-1.705	-1.207	-1.352	-2.585	-1.025	-0.7972	-4.635	-2.854	-2.576	-4.233	-1.366	-4.698	-1.095	-3.006	-3.963	-2.934	-1.543	-1.07	-3.892	-1.121	-2.436	0	0	0	0	0	0
20.99	-3.163	-5.202	-3.324	-1.775	-1.107	-1.335	-3.166	-4.799	-5.03	-1.6	-2.992	-2.575	-4.109	-1.266	-4.788	-5.23	-3.193	-4.162	-3.814	-1.657	-5.693	-2.934	-5.778	-4.485	0	0	0	0	0	0
21	-3.644	-0.7697	-3.574	-1.797	-1.024	-4.625	-2.834	-1.351	-4.906	-1.884	-2.936	-3.428	-2.395	-5.035	-5.359	-1.031	-3.347	-2.275	-3.919	-1.792	-1.084	-2.941	-1.05	-4.361	0	0	0	0	0	0
21.01	-3.786	-0.8314	-4.615	-3.392	-0.9036	-4.458	-2.556	-2.048	-4.271	-3.469	-2.523	-3.195	-2.821	-5.125	-3.317	-5.434	-3.183	-1.764	-4.422	-4.641	-1.071	-2.116	-1.163	-2.172	0	0	0	0	0	0
21.02	-3.438	-0.7136	-4.383	-3.393	-5.244	-4.52	-3.14	-2.212	-4.212	-3.565	-2.569	-2.827	-3.054	-0.9901	-0.8766	-0.893	-2.623	-1.483	-4.39	-4.548	-5.587	-2.939	-5.704	-4.382	0	0	0	0	0	0
21.03	-2.687	-5.272	-1.638	-2.93	-5.136	-1.462	-2.852	-2.598	-1.919	-3.115	-2.508	-2.852	-2.925	-0.8271	-5.353	-0.8935	-4.285	-1.45	-4.481	-2.268	-1.222	-3.04	-1.158	-4.353	0	0	0	0	0	0
21.04	-2.784	-5.327	-1.292	-2.689	-5.184	-1.488	-2.663	-2.846	-2.346	-3.392	-2.198	-3.153	-3.44	-0.8426	-1.345	-0.8102	-4.313	-5.219	-2.01	-2.508	-5.49	-3.832	-5.739	-2.713	0	0	0	0	0	0
21.05	-3.272	-5.325	-0.863	-2.739	-0.7561	-1.557	-2.667	-2.789	-3.561	-2.644	-2.32	-3.171	-4.224	-0.8559	-5.193	-0.8839	-4.697	-5.306	-1.883	-2.606	-5.408	-2.971	-5.614	-2.684	0	0	0	0	0	0
21.06	-2.937	-0.6983	-4.983	-3.135	-0.6997	-4.41	-3.479	-3.529	-3.316	-2.617	-2.08	-3.08	-4.056	-5.368	-2.28	-5.441	-1.851	-1.182	-4.869	-3.926	-1.49	-2.826	-5.507	-4.159	0	0	0	0	0	0
21.07	-3.053	-0.7232	-0.9135	-3.305	-5.256	-4.368	-3.614	-3.838	-3.074	-2.13	-2.083	-2.996	-2.041	-2.084	-2.445	-0.919	-1.674	-5.435	-5.001	-3.029	-1.605	-2.959	-1.408	-4.112	0	0	0	0	0	0
21.08	-3.088	-0.7395	-5.139	-2.7	-5.299	-1.608	-2.331	-1.896	-3.272	-4.089	-1.746	-3.14	-1.509	-5.193	-2.614	-0.9703	-5.095	-5.487	-1.523	-3.12	-5.136	-2.986	-1.481	-2.841	0	0	0	0	0	0
21.09	-2.911	-0.7165	-5.224	-3.26	-5.301	-4.317	-3.743	-0.849	-2.45	-4.122	-1.836	-2.974	-1.262	-5.449	-3.483	-5.348	-5.116	-5.496	-5.187	-3.45	-5.035	-2.996	-5.402	-2.91	0	0	0	0	0	0
21.1	-3.284	-0.7182	-5.267	-2.688	-5.226	-4.214	-3.869	-3.905	-3.768	-1.671	-4.271	-2.864	-1.347	-0.6998	-3.306	-5.297	-1.292	-1.048	-5.324	-3.43	-4.922	-3	-5.346	-2.889	0	0	0	0	0	0
21.11	-2.445	-5.286	-0.7649	-2.353	-5.287	-4.302	-3.928	-3.451	-1.595	-1.464	-4.544	-3.691	-0.931	-5.446	-3.447	-4.937	-1.139	-1.193	-5.451	-3.051	-2.676	-4.164	-5.072	-4.045	0	0	0	0	0	0
21.12	-3.601	-5.309	-0.8111	-2.779	-0.6726	-1.894	-1.834	-2.799	-1.289	-1.133	-1.375	-3.459	-1.116	-0.7577	-3.49	-1.378	-5.605	-1.157	-5.572	-4.081	-4.482	-3.938	-1.884	-3.125	0	0	0	0	0	0
21.13	-3.756	-0.7644	-0.848	-2.807	-0.6717	-1.618	-1.751	-2.466	-4.734	-1.045	-1.263	-1.305	-5.172	-0.7797	-3.646	-1.435	-5.63	-5.317	-1.06	-4.278	-4.377	-2.907	-1.981	-3.19	0	0	0	0	0	0
21.14	-3.807	-0.8194	-5.058	-2.796	-0.6933	-2.12	-1.666	-2.068	-1.239	-4.984	-1.116	-1.229	-5.176	-0.7901	-2.396	-4.809	-0.9914	-5.238	-1.035	-4.406	-4.159	-2.923	-2.161	-3.274	0	0	0	0	0	0
21.15	-2.135	-5.051	-1.068	-2.796	-5.241	-3.811	-4.376	-4.24	-0.7959	-0.7285	-1.249	-1.216	-5.121	-0.7926	-3.943	-4.669	-0.9599	-5.114	-1.002	-2.082	-2.79	-2.879	-2.233	-3.303	0	0	0	0	0	0
21.16	-1.992	-0.7835	-4.85	-3.241	-5.187	-2.285	-4.86	-1.484	-0.6893	-0.842	-2.379	-4.821	-0.8903	-5.331	-4.113	-1.718	-0.9669	-1.479	-0.9546	-4.775	-3.926	-2.884	-2.339	-3.471	0	0	0	0	0	0
21.17	-4.142	-5.232	-1.342	-2.79	-5.145	-2.349	-1.488	-1.22	-5.286	-0.6723	-3.698	-4.91	-0.7681	-5.273	-4.354	-2.124	-5.63	-1.607	-0.935	-4.898	-3.744	-2.818	-4.417	-3.394	0	0	0	0	0	0
21.18	-4.218	-5.238	-1.542	-3.257	-5.26	-3.602	-1.378	-4.966	-5.378	-5.351	-3.695	-4.873	-0.7762	-0.9048	-4.411	-2.259	-5.584	-4.825	-0.9661	-4.997	-3.532	-2.903	-2.641	-3.384	0	0	0	0	0	0
21.19	-1.697	-5.214	-4.349	-2.738	-5.307	-3.573	-4.614	-5.27	-0.8516	-5.397	-3.657	-5.046	-5.264	-0.9083	-4.501	-2.398	-1.064	-4.665	-5.661	-5.115	-3.395	-4.003	-2.759	-4.647	0	0	0	0	0	0
21.2	-1.693	-0.8217	-1.905	-3.312	-0.6819	-2.54	-4.691	-5.223	-0.7196	-0.6369	-2.233	-0.9697	-5.207	-1.001	-4.429	-2.56	-1.217	-2.03	-0.9621	-5.354	-3.439	-4.005	-4.138	-4.546	0	0	0	0	0	0
21.21	-4.649	-0.7662	-3.671	-3.298	-0.6323	-3.612	-1.116	-0.7263	-4.875	-0.571	-2.022	-1.146	-5.476	-4.905	-1.209	-2.714	-5.362	-2.48	-5.689	-5.519	-2.832	-2.74	-3.069	-4.215	0	0	0	0	0	0
21.22	-4.677	-0.9097	-3.436	-3.363	-0.6629	-2.64	-1.099	-0.8456	-4.597	-5.208	-3.941	-1.044	-0.8241	-1.138	-4.836	-3.061	-1.407	-4.098	-5.548	-5.416	-2.732	-2.775	-3.218	-4.313	0	0	0	0	0	0
21.23	-4.721	-0.9005	-3.231	-3.368	-0.6648	-2.698	-1.03	-0.9951	-4.805	-5.167	-3.766	-1.005	-5.131	-1.257	-5.006	-3.293	-1.544	-3.934	-1.155	-5.615	-2.489	-4.196	-3.368	-4.264	0	0	0	0	0	0
21.24	-1.222	-5.126	-3.058	-2.567	-5.317	-3.328	-0.9666	-4.809	-4.226	-0.8988	-2.044	-0.8558	-5.189	-1.273	-4.983	-3.38	-1.68	-3.747	-1.19	-1.108	-4.561	-4.159	-3.438	-4.189	0	0	0	0	0	0
21.25	-1.129	-5.107	-2.746	-2.53	-5.229	-2.761	-0.933	-1.46	-4.195	-1.489	-2.058	-5.168	-5.289	-1.359	-1.232	-3.779	-4.844	-3.056	-5.34	-1.049	-4.566	-4.214	-3.328	-4.436	0	0	0	0	0	0
21.26	-1.131	-5.088	-3.413	-3.072	-5.21	-2.813	-0.887	-1.901	-3.669	-1.165	-2.22	-5.246	-0.9108	-1.403	-1.046	-3.774	-4.666	-3.244	-1.323	-5.692	-4.769	-4.246	-3.271	-4.296	0	0	0	0	0	0
21.27	-1.014	-5.012	-2.34	-3.632	-0.7799	-2.791	-5.187	-2.138	-3.514	-4.798	-3.826	-5.225	-5.074	-4.749	-1.105	-2.431	-4.523	-3.213	-1.382	-5.606	-4.821	-4.278	-3.202	-4	0	0	0	0	0	0
21.28	-5.068	-1.076	-2.089	-2.356	-0.816	-3.204	-0.735	-3.593	-2.824	-1.5	-3.552	-5.059	-5.097	-4.63	-5.195	-4.141	-4.299	-3.044	-5.177	-1.109	-5.044	-2.566	-3.92	-3.961	0	0	0	0	0	0
21.29	-5.109	-1.21	-4.103	-2.371	-1.064	-3.197	-0.7483	-2.85	-3.33	-4.48	-2.147	-0.9196	-1.145	-4.598	-5.257	-4.279	-4.044	-2.828	-5.044	-0.9831	-1.698	-2.508	-2.927	-3.871	0	0	0	0	0	0
21.3	-0.9389	-1.16	-4.429	-3.823	-0.9417	-3.269	-5.205	-3.175	-2.441	-4.343	-1.927	-0.8928	-4.982	-4.51	-5.287	-4.501	-2.945	-2.697	-4.962	-5.538	-5.208	-2.446	-3.019	-3.098	0	0	0	0	0	0
21.31	-5.297	-4.734	-4.31	-4.27	-4.929	-2.346	-0.6419	-3.636	-1.535	-4.216	-3.87	-0.8441	-1.304	-2.592	-0.8286	-1.465	-3.594	-2.15	-1.463	-5.345	-1.24	-4.601	-2.435	-4.999	0	0	0	0	0	0
21.32	-5.262	-4.745	-4.661	-3.969	-1.181	-3.212	-0.669	-4.095	-4.644	-3.915	-4.145	-0.895	-4.682	-4.204	-5.562	-4.968	-3.635	-4.448	-4.777	-1.562	-5.513	-2.377	-2.532	-2.043	0	0	0	0	0	0
21.33	-0.793	-1.387	-1.184	-4.081	-4.785	-3.301	-0.6789	-4.28	-4.626	-2.272	-1.998	-5.149	-5.021	-4.199	-5.468	-5.009	-3.904	-1.896	-4.681	-1.793	-1.198	-2.268	-4.639	-3.171	0	0	0	0	0	0
21.34	-0.794	-1.51	-4.947	-2.13	-4.693	-2.832	-0.6893	-1.496	-4.742	-2.401	-2.103	-5.135	-2.01	-4.084	-0.876	-5.108	-2.519	-4.816	-2.032	-4.816	-1.126	-4.584	-4.761	-3.604	0	0	0	0	0	0
21.35	-5.262	-1.497	-0.9802	-1.949	-1.387	-2.813	-0.7193	-1.329	-0.8903	-3.499	-1.835	-5.122	-4.533	-4.043	-0.8089	-5.251	-2.307	-5.034	-2.042	-4.629	-1.087	-4.592	-4.91	-3.52	0	0	0	0	0	0
21.36	-5.181	-4.535	-0.8889	-4.229	-1.445	-3.211	-0.7779	-4.866	-0.693	-3.271	-4.197	-1.042	-4.463	-4.161	-0.8503	-1.045	-2.001	-5.162	-4.496	-2.406	-5.695	-4.66	-1.935	-3.514	0	0	0	0	0	0
21.37	-5.187	-4.402	-0.7915	-4.228	-1.507	-3.237	-0.7253	-4.992	-5.24	-3.221	-3.982	-0.9179	-1.748	-3.239	-5.377	-0.998	-1.749	-5.29	-4.467	-2.532	-5.686	-4.762	-5.138	-2.155	0	0	0	0	0	0
21.38	-5.064	-1.697	-0.7776	-1.903	-1.628	-2.793	-0.8147	-0.9211	-5.385	-3.004	-1.903	-0.9688	-1.762	-3.803	-0.9421	-0.9087	-1.524	-5.402	-2.234	-2.759	-1.169	-4.808	-5.248	-3.615	0	0	0	0	0	0
21.39	-4.998	-1.931	-0.7396	-1.662	-1.711	-3.244	-0.8756	-0.802	-0.8043	-3.199	-1.981	-5.073	-1.766	-3.657	-0.9619	-0.8813	-1.375	-1.113	-2.455	-3.772	-5.534	-4.83	-1.566	-5.739	0	0	0	0	0	0
21.4	-1.19	-1.927	-0.76	-4.435	-4.25	-3.381	-0.8786	-0.7048	-5.195	-3.195	-4.048	-5.05	-1.976	-3.647	-1.287	-0.8416	-1.235	-1.061	-4.317	-3.154	-1.318	-4.932	-1.446	-1.196	0	0	0	0	0	0
21.41	-1.201	-1.78	-0.7539	-4.917	-1.62	-2.547	-0.8975	-0.7489	-5.153	-1.032	-4.02	-4.918	-3.627	-3.16	-5.071	-5.417	-1.06	-1.036	-3.947	-3.719	-4.948	-4.914	-1.34	-5.088	0	0	0	0	0	0
21.42	-1.411	-2.172	-0.8941	-4.153	-3.702	-3.49	-0.9022	-5.249	-5.155	-4.944	-2.142	-1.025	-2.412	-3.333	-1.24	-0.945	-5.739	-1.077	-4.102	-2.917	-1.702	-1.684	-1.17	-1.955	0	0	0	0	0	0
21.43	-1.669	-2.318	-0.9118	-4.764	-4.022	-3.532	-0.9695	-5.152	-4.82	-4.788	-2.177	-1.064	-3.838	-3.213	-1.37	-1.299	-5.675	-1.111	-5.241	-2.767	-4.976	-1.604	-1.149	-5.511	0	0	0	0	0	0
21.44	-1.858	-2.623	-5.031	-1.181	-2.05	-2.544	-4.969	-5.008	-4.283	-1.054	-2.416	-1.085	-3.718	-3.128	-4.863	-1.045	-5.627	-5.384	-1.496	-2.539	-4.789	-1.56	-5.781	-5.672	0	0	0	0	0	0
21.45	-1.927	-2.527	-1.131	-4.893	-2.15	-2.504	-4.923	-4.833	-1.546	-0.9761	-2.264	-4.959	-3.648	-3.09	-1.627	-1.178	-5.66	-5.273	-1.42	-2.364	-4.601	-1.509	-1.058	-5.628	0	0	0	0	0	0
21.46	-4.028	-3.537	-4.859	-1.129	-2.169	-2.38	-4.942	-4.633	-2.048	-5.066	-2.473	-4.934	-2.839	-3.273	-1.743	-1.291	-5.478	-1.46	-1.533	-2.244	-2.383	-1.408	-0.9517	-2.974	0	0	0	0	0	0
21.47	-3.852	-3.402	-4.778	-1.054	-1.08	-2.363	-4.922	-4.399	-3.993	-0.8601	-2.621	-1.136	-3.015	-2.89	-4.425	-1.489	-5.333	-4.978	-5.085	-2.038	-2.629	-1.306	-1.101	-2.329	0	0	0	0	0	0
21.48	-2.351	-2.818	-4.473	-5.091	-1.199	-2.377	-1.119	-4.083	-3.465	-0.7021	-2.779	-1.193	-3.305	-2.786	-2.068	-1.559	-5.067	-5.155	-5.024	-1.908	-4.147	-5.561	-5.702	-5.781	0	0	0	0	0	0
21.49	-2.381	-2.926	-4.527	-5.106	-1.112	-3.707	-1.037	-2.27	-3.119	-0.734	-2.622	-4.844	-2.891	-2.823	-2.169	-1.742	-4.874	-4.566	-5.003	-1.741	-2.921	-5.507	-1.267	-1.614	0	0	0	0	0	0
21.5	-2.621	-2.978	-1.668	-0.8448	-1.164	-3.877	-4.898	-3.508	-2.764	-0.6892	-2.743	-4.791	-2.995	-2.609	-3.969	-1.86	-4.607	-4.382	-4.949	-1.624	-3.163	-5.714	-1.382	-2.184	0	0	0	0	0	0
21.51	-3.105	-2.891	-2.006	-0.6783	-1.433	-3.827	-1.642	-3.368	-2.463	-5.384	-2.868	-0.9828	-2.857	-4.172	-3.123	-3.769	-2.012	-3.582	-5.225	-1.497	-3.355	-1.03	-1.385	-1.374	0	0	0	0	0	0
21.52	-3.017	-2.758	-2.072	-0.6981	-1.244	-2.074	-4.914	-2.553	-4.251	-0.5896	-3.169	-4.702	-3.554	-2.344	-3.371	-2.421	-3.809	-3.079	-1.744	-5.387	-3.207	-5.799	-5.142	-1.276	0	0	0	0	0	0
21.53	-3.024	-3.718	-3.936	-5.309	-1.265	-1.79	-4.929	-2.295	-4.226	-0.6211	-3.198	-1.299	-2.506	-2.28	-3.075	-2.598	-3.413	-3.268	-1.795	-5.403	-2.974	-1.014	-5.109	-5.804	0	0	0	0	0	0
21.54	-3.183	-3.518	-2.276	-0.6972	-4.704	-4.172	-4.929	-2.006	-1.373	-0.5999	-3.274	-4.725	-3.811	-2.16	-3.312	-3.629	-3.138	-2.806	-1.809	-5.66	-4.025	-1.095	-1.977	-1.716	0	0	0	0	0	0
21.55	-3.24	-3.654	-2.404	-0.7746	-4.68	-1.888	-5.072	-1.758	-1.361	-5.373	-3.411	-4.536	-3.92	-4.24	-3.468	-3.472	-2.803	-3.969	-4.845	-5.583	-2.612	-5.928	-2.081	-5.797	0	0	0	0	0	0
21.56	-3.357	-2.427	-2.618	-0.6395	-4.654	-1.831	-4.93	-1.582	-4.849	-5.338	-3.652	-1.263	-4.099	-4.216	-2.669	-3.357	-2.613	-4.157	-1.875	-5.607	-2.561	-5.787	-2.277	-1.897	0	0	0	0	0	0
21.57	-2.769	-3.81	-2.604	-5.403	-4.617	-1.819	-1.14	-1.316	-5.238	-0.6588	-3.727	-1.399	-4.262	-1.831	-2.513	-3.134	-2.263	-2.198	-1.868	-5.655	-1.942	-5.734	-4.527	-1.904	0	0	0	0	0	0
21.58	-2.671	-3.889	-3.424	-0.6191	-4.612	-1.755	-1.153	-1.194	-5.063	-0.8075	-3.736	-4.778	-4.384	-1.836	-2.315	-2.703	-1.918	-1.924	-1.89	-5.704	-2.282	-1.204	-4.356	-4.992	0	0	0	0	0	0
21.59	-2.611	-2.096	-3.048	-0.6442	-1.485	-1.768	-1.138	-5.072	-0.6654	-0.7953	-3.827	-4.681	-1.683	-4.458	-2.194	-2.845	-1.692	-2.313	-4.706	-5.684	-2.122	-1.243	-4.219	-4.859	0	0	0	0	0	0
21.6	-3.717	-2.108	-3.228	-5.366	-1.49	-1.718	-1.164	-5.088	-0.7926	-0.8075	-2.125	-1.402	-1.645	-4.664	-1.984	-2.677	-1.352	-5.18	-4.688	-5.693	-1.971	-1.672	-4.046	-2.423	0	0	0	0	0	0
21.61	-3.348	-2.271	-3.374	-5.175	-4.627	-4.695	-4.759	-5.254	-5.264	-5.013	-4.542	-4.885	-1.301	-4.895	-4.681	-4.626	-5.337	-1.349	-1.965	-1.155	-5.373	-5.045	-3.644	-2.225	0	0	0	0	0	0
21.62	-3.773	-1.874	-2.979	-5.322	-1.626	-1.619	-1.097	-0.7378	-0.833	-0.9333	-1.795	-1.342	-4.802	-1.371	-1.404	-2.182	-0.9362	-5.532	-4.633	-1.179	-1.714	-1.649	-3.486	-4.665	0	0	0	0	0	0
21.63	-3.803	-1.844	-2.913	-5.233	-1.663	-1.583	-1.051	-0.7169	-1.02	-0.9303	-1.711	-4.624	-4.957	-1.285	-1.408	-2.065	-5.586	-5.551	-4.646	-1.279	-1.576	-5.179	-3.041	-3.785	0	0	0	0	0	0
21.64	-4.296	-4.64	-3.308	-0.8609	-1.674	-1.668	-1.089	-0.7969	-1.208	-1.128	-4.378	-4.575	-1.159	-5	-1.317	-1.622	-5.619	-5.639	-4.592	-1.361	-1.495	-5.078	-3.798	-1.17	0	0	0	0	0	0
21.65	-3.909	-4.294	-3.338	-0.9086	-4.376	-1.519	-5.052	-5.112	-4.243	-4.862	-4.456	-1.518	-1.076	-5.075	-5.084	-1.8	-0.771	-5.601	-4.604	-1.413	-1.489	-2.015	-3.827	-5.765	0	0	0	0	0	0
21.66	-3.936	-4.31	-2.659	-5.001	-4.367	-1.512	-5.044	-5.11	-4.177	-4.978	-4.431	-1.544	-0.9714	-1.065	-5.219	-1.657	-5.507	-5.54	-2.226	-1.582	-1.313	-2.055	-2.821	-5.681	0	0	0	0	0	0
21.67	-3.989	-1.351	-2.619	-4.978	-1.719	-1.435	-5.057	-5.009	-3.904	-1.225	-4.557	-4.503	-0.8998	-5.235	-1.031	-1.425	-5.39	-5.501	-2.264	-1.685	-1.331	-2.28	-2.7	-1.572	0	0	0	0	0	0
21.68	-4.025	-1.662	-3.445	-1.24	-1.664	-1.471	-5.053	-4.841	-3.571	-1.312	-1.506	-4.49	-0.902	-0.8791	-0.963	-1.487	-5.282	-5.392	-2.315	-1.789	-1.185	-2.296	-4.459	-1.081	0	0	0	0	0	0
21.69	-4	-4.419	-3.544	-4.754	-1.667	-1.303	-5.054	-1.353	-3.241	-1.077	-1.345	-1.632	-0.8242	-0.888	-0.9189	-1.391	-5.089	-5.264	-2.419	-1.902	-1.17	-3.008	-4.522	-3.343	0	0	0	0	0	0
21.7	-3.985	-4.438	-1.968	-1.398	-1.623	-1.381	-1.042	-1.57	-3.329	-4.815	-4.565	-1.681	-0.8383	-5.425	-0.9005	-1.311	-4.961	-5.141	-2.819	-2.16	-5.682	-2.576	-4.72	-1.149	0	0	0	0	0	0
21.71	-3.702	-4.183	-2.785	-1.924	-1.982	-4.924	-0.8435	-1.809	-3.978	-1.754	-1.288	-1.893	-0.8149	-0.7287	-0.9277	-1.266	-2.137	-1.622	-2.715	-3.839	-1.063	-4.02	-2.043	-3.007	0	0	0	0	0	0
21.72	-2.069	-4.386	-2.338	-1.665	-4.474	-1.264	-5.176	-2.188	-4.139	-4.575	-4.752	-1.803	-5.358	-5.484	-5.383	-5.315	-4.194	-1.991	-4.189	-2.491	-5.806	-2.982	-5.047	-4.789	0	0	0	0	0	0
21.73	-4.061	-4.436	-2.292	-4.611	-4.805	-1.256	-5.118	-2.354	-4.339	-4.691	-1.317	-1.801	-5.375	-5.464	-5.328	-1.037	-4.078	-4.419	-2.721	-2.731	-1.045	-3.083	-5.187	-1.071	0	0	0	0	0	0
21.74	-4.027	-1.628	-3.894	-3.876	-1.612	-4.838	-5.185	-2.533	-4.767	-4.69	-1.269	-4.2	-5.427	-5.47	-5.205	-0.9669	-3.63	-4.191	-2.809	-2.77	-1.087	-3.22	-5.279	-1.08	0	0	0	0	0	0
21.75	-2.108	-1.663	-3.886	-2.193	-1.116	-4.882	-5.199	-2.784	-1.079	-4.609	-4.693	-1.925	-5.124	-5.429	-5.23	-0.9395	-3.405	-3.976	-3.856	-3.021	-1.123	-3.504	-5.431	-5.11	0	0	0	0	0	0
21.76	-2.098	-4.444	-2.186	-2.349	-4.458	-1.147	-5.228	-3.126	-1.098	-4.595	-4.622	-1.963	-5.272	-0.9013	-5.122	-5.454	-2.999	-3.742	-3.789	-3.098	-1.123	-3.439	-5.476	-1.959	0	0	0	0	0	0
21.77	-4.045	-4.606	-2.133	-3.756	-1.551	-1.104	-5.247	-2.939	-0.7887	-4.518	-4.702	-4.129	-4.524	-0.9615	-1.294	-5.473	-2.823	-3.477	-3.792	-3.227	-1.099	-3.448	-1.415	-2.26	0	0	0	0	0	0
21.78	-4.04	-4.494	-2.138	-3.405	-4.518	-0.8254	-5.261	-2.657	-0.9671	-1.518	-4.797	-4.095	-2.31	-5.245	-1.455	-5.472	-3.937	-3.216	-3.603	-3.382	-5.678	-3.531	-1.361	-4.879	0	0	0	0	0	0
21.79	-2.13	-1.665	-4.064	-2.913	-4.536	-1.016	-5.302	-2.502	-0.6106	-1.56	-4.807	-2	-2.24	-5.181	-1.543	-5.466	-4.307	-3.033	-3.625	-3.294	-5.665	-3.622	-1.302	-2.064	0	0	0	0	0	0
21.8	-2.128	-1.633	-1.997	-2.988	-4.371	-0.9906	-5.287	-2.043	-0.5343	-1.621	-4.682	-2.041	-3.596	-5.029	-1.685	-5.442	-4.576	-2.745	-3.464	-3.08	-5.574	-3.188	-1.246	-4.882	0	0	0	0	0	0
21.81	-4.065	-1.916	-2.243	-3.686	-5.054	-0.9419	-0.9124	-1.163	-5.167	-4.406	-1.167	-2.014	-3.392	-1.858	-3.964	-0.9818	-5.226	-4.664	-2.788	-4.156	-1.749	-3.29	-1.107	-2.434	0	0	0	0	0	0
21.82	-2.174	-4.542	-1.834	-3.487	-1.484	-5.193	-5.329	-4.427	-1.024	-1.709	-4.758	-4.191	-3.285	-4.663	-2.102	-5.183	-1.231	-4.711	-3.228	-2.564	-5.226	-4.022	-5.803	-2.303	0	0	0	0	0	0
21.83	-2.193	-4.489	-1.805	-2.464	-4.536	-5.207	-5.297	-4.572	-0.9518	-1.691	-4.864	-4.016	-3.223	-4.344	-4.1	-5.063	-1.018	-4.929	-3.152	-2.455	-5.101	-4.083	-5.825	-5.536	0	0	0	0	0	0
21.84	-2.072	-1.615	-4.316	-2.323	-4.49	-0.8008	-5.271	-1.076	-4.788	-1.764	-1.21	-3.961	-3.128	-4.313	-2.393	-4.915	-0.9423	-5.07	-3.077	-2.319	-5.004	-2.793	-5.838	-2.063	0	0	0	0	0	0
21.85	-3.989	-1.676	-4.417	-3.839	-4.513	-0.7975	-5.369	-1.193	-4.552	-1.734	-1.436	-4.008	-3.229	-4.176	-3.848	-1.722	-5.577	-5.301	-2.96	-2.153	-4.872	-2.676	-1.109	-5.657	0	0	0	0	0	0
21.86	-2.191	-1.669	-4.478	-4.03	-4.516	-0.7825	-5.28	-4.938	-3.749	-1.771	-1.414	-4.009	-3.505	-4.023	-3.738	-1.903	-5.552	-5.437	-2.946	-1.999	-4.647	-4.343	-1.079	-5.723	0	0	0	0	0	0
21.87	-2.167	-4.506	-1.61	-1.886	-4.432	-0.7866	-5.332	-5.081	-3.83	-4.251	-1.446	-4.028	-2.755	-2.515	-2.745	-2.095	-0.8221	-1.086	-2.797	-1.909	-2.403	-4.374	-5.811	-5.866	0	0	0	0	0	0
21.88	-3.957	-4.407	-4.683	-4.384	-4.408	-0.79	-0.7357	-0.9551	-3.946	-1.829	-1.45	-4.034	-2.431	-2.627	-3.412	-2.278	-0.8822	-1.052	-3.121	-1.766	-2.497	-4.463	-1.151	-5.197	0	0	0	0	0	0
21.89	-2.207	-1.707	-4.713	-4.465	-4.323	-5.278	-5.325	-5.221	-2.5	-1.751	-1.315	-4.141	-2.433	-3.49	-3.257	-2.505	-0.9051	-0.9588	-2.747	-1.692	-4.276	-4.598	-5.716	-2.341	0	0	0	0	0	0
21.9	-2.166	-4.451	-1.34	-4.554	-4.319	-5.253	-5.327	-0.7712	-3.425	-2.388	-1.48	-1.959	-2.292	-3.362	-3.247	-2.672	-1.039	-0.9464	-2.661	-1.587	-4.116	-4.67	-1.245	-4.759	0	0	0	0	0	0
21.91	-2.486	-1.734	-1.453	-4.764	-1.562	-0.8306	-5.294	-5.109	-3.143	-3.996	-4.663	-4.377	-4.698	-3.388	-2.72	-3.314	-5.486	-5.677	-4.044	-1.44	-3.49	-5.057	-1.371	-4.457	0	0	0	0	0	0
21.92	-4.021	-4.413	-1.273	-4.89	-4.092	-5.151	-0.786	-0.7562	-3.48	-1.815	-1.52	-1.938	-1.9	-2.789	-3.715	-3.214	-1.403	-1.104	-2.411	-5.457	-3.591	-1.912	-5.489	-1.19	0	0	0	0	0	0
21.93	-4.082	-4.408	-1.213	-1.251	-4.246	-5.166	-0.8326	-5.282	-3.452	-2.048	-1.032	-1.869	-1.634	-2.53	-3.873	-3.361	-4.745	-1.208	-2.406	-5.502	-3.527	-1.817	-5.573	-3.985	0	0	0	0	0	0
21.94	-4.057	-4.444	-4.91	-1.124	-4.175	-5.065	-0.8132	-5.186	-3.863	-3.988	-1.523	-1.812	-1.722	-2.519	-4.006	-2.951	-1.831	-1.321	-2.515	-5.652	-3.281	-1.758	-1.55	-4.31	0	0	0	0	0	0
21.95	-2.015	-4.438	-4.98	-1.021	-2.081	-1.05	-0.921	-5.139	-3.898	-4.261	-1.411	-1.752	-5.304	-4.013	-2.13	-2.758	-2.102	-1.443	-2.23	-5.638	-3.735	-1.673	-5.234	-2.088	0	0	0	0	0	0
21.96	-2.06	-4.428	-1.106	-0.9849	-2.067	-1.073	-0.919	-4.999	-4.342	-4.003	-1.577	-4.733	-4.696	-4.226	-4.308	-2.643	-2.268	-1.645	-4.584	-5.682	-3.102	-5.246	-5.097	-2.788	0	0	0	0	0	0
21.97	-2.007	-1.673	-1.067	-5.185	-2.118	-1.177	-0.899	-4.868	-4.547	-3.994	-1.593	-4.354	-4.715	-4.467	-4.433	-2.491	-2.574	-1.808	-4.69	-5.672	-3.772	-5.337	-1.936	-5.293	0	0	0	0	0	0
21.98	-2.077	-1.661	-5.083	-5.161	-2.12	-1.277	-1.023	-4.762	-1.424	-3.973	-1.483	-1.783	-4.939	-4.576	-1.751	-4.026	-2.775	-2.035	-4.753	-5.682	-2.825	-5.408	-4.88	-4.247	0	0	0	0	0	0
21.99	-1.906	-1.614	-5.109	-0.8956	-2.223	-1.348	-1.098	-4.654	-1.277	-2.132	-1.558	-1.712	-0.9453	-4.743	-4.667	-4.141	-3.042	-2.265	-4.794	-5.698	-4.129	-5.432	-4.755	-4.415	0	0	0	0	0	0
22	-1.995	-1.557	-5.163	-0.8826	-3.789	-4.691	-1.156	-4.444	-1.219	-1.954	-1.4	-1.732	-1.115	-1.422	-4.768	-2.241	-3.21	-2.481	-4.89	-1.128	-4.252	-5.515	-4.535	-5.768	0	0	0	0	0	0
22.01	-2.263	-4.764	-5.244	-5.134	-3.602	-1.834	-4.506	-4.118	-5.349	-2.004	-1.403	-5.04	-5.203	-5.228	-1.294	-4.681	-3.604	-2.991	-1.686	-5.328	-2.427	-1.156	-4.084	-5.568	0	0	0	0	0	0
22.02	-4.253	-1.462	-5.225	-1.333	-2.241	-4.294	-1.259	-2.152	-0.9465	-3.834	-4.454	-1.487	-0.9622	-0.81	-5.049	-2.004	-3.903	-3.365	-3.735	-1.151	-4.478	-5.604	-2.983	-5.68	0	0	0	0	0	0
22.03	-4.191	-1.421	-5.286	-0.7403	-2.112	-4.256	-1.389	-2.352	-0.6353	-2.207	-4.665	-1.554	-0.9247	-0.9585	-5.109	-4.471	-2.377	-3.068	-3.874	-5.537	-4.609	-5.66	-3.072	-1.23	0	0	0	0	0	0
22.04	-1.896	-4.69	-5.297	-1.354	-2.094	-4.165	-1.52	-2.536	-5.209	-2.21	-4.584	-1.527	-0.8959	-0.8011	-5.213	-4.568	-4.307	-3.853	-3.927	-1.289	-4.739	-5.689	-3.283	-1.272	0	0	0	0	0	0
22.05	-3.987	-1.38	-5.216	-2.431	-2.197	-4.055	-1.639	-2.721	-5.306	-2.111	-4.66	-1.655	-5.307	-5.379	-0.9182	-4.579	-4.453	-4.086	-4.122	-1.402	-1.288	-1.2	-3.688	-5.718	0	0	0	0	0	0
22.06	-5.018	-1.315	-0.6863	-2.51	-1.965	-2.167	-1.695	-3.093	-5.085	-2.291	-4.543	-1.636	-5.345	-5.386	-5.347	-4.646	-1.89	-2.308	-4.148	-5.053	-1.189	-1.127	-3.553	-5.099	0	0	0	0	0	0
22.07	-1.406	-1.293	-5.231	-2.26	-2.105	-2.232	-1.782	-1.716	-1.086	-2.313	-4.53	-1.589	-5.363	-0.7864	-0.9745	-4.679	-4.746	-2.109	-4.214	-1.592	-5.66	-5.79	-3.289	-3.418	0	0	0	0	0	0
22.08	-0.8189	-4.735	-5.376	-2.914	-3.966	-3.844	-1.862	-1.575	-4.865	-3.725	-4.778	-1.595	-5.31	-0.7227	-0.9798	-4.988	-4.852	-1.931	-2.397	-1.735	-1.171	-5.815	-3.116	-1.615	0	0	0	0	0	0
22.09	-1.677	-4.966	-0.7616	-0.7065	-3.927	-2.392	-1.981	-4.615	-4.898	-3.731	-4.591	-1.542	-5.375	-5.472	-5.379	-1.794	-1.483	-1.659	-4.416	-4.998	-5.691	-1.099	-4.036	-5.138	0	0	0	0	0	0
22.1	-3.01	-4.969	-0.7493	-5.362	-1.935	-2.451	-2.1	-4.657	-1.415	-2.459	-4.798	-1.401	-5.378	-0.8199	-5.409	-4.765	-1.89	-1.537	-2.201	-4.894	-5.83	-5.847	-2.945	-5.096	0	0	0	0	0	0
22.11	-0.855	-1.235	-0.765	-5.234	-1.906	-3.098	-3.725	-5.022	-1.952	-2.501	-4.872	-4.8	-5.416	-0.8401	-0.89	-4.74	-5.152	-5.439	-4.586	-2.41	-1.053	-1.124	-4.496	-2.036	0	0	0	0	0	0
22.12	-5.245	-5.254	-0.7773	-5.153	-4.226	-2.701	-2.32	-1.056	-3.744	-2.48	-1.383	-1.416	-0.844	-5.256	-5.442	-1.78	-1.066	-1.072	-1.946	-4.236	-5.722	-5.803	-2.416	-5.17	0	0	0	0	0	0
22.13	-0.8671	-5.098	-5.222	-5.152	-4.277	-2.789	-2.354	-0.9779	-3.243	-2.503	-4.751	-1.238	-0.7855	-5.114	-5.418	-1.78	-1.037	-1.285	-1.789	-4.3	-5.783	-5.811	-2.2	-5.133	0	0	0	0	0	0
22.14	-1.212	-5.189	-5.317	-0.9339	-4.466	-3.243	-3.707	-0.9316	-2.996	-2.49	-4.759	-1.178	-0.7696	-5.003	-4.837	-4.633	-5.49	-1	-1.879	-4.187	-5.775	-5.796	-2.018	-5.159	0	0	0	0	0	0
22.15	-3.219	-5.189	-5.293	-2.495	-1.797	-3.114	-3.489	-0.8634	-3.332	-2.496	-1.254	-1.388	-5.523	-1.491	-0.9286	-4.644	-5.518	-5.687	-1.695	-2.818	-1.105	-1.12	-1.885	-1.797	0	0	0	0	0	0
22.16	-5.045	-5.188	-0.8616	-0.6184	-4.309	-3.07	-3.499	-0.8078	-3.677	-3.624	-0.7774	-1.286	-5.477	-1.686	-5.414	-1.905	-0.9058	-0.963	-4.74	-3.566	-5.913	-5.792	-5.28	-5.18	0	0	0	0	0	0
22.17	-3.887	-0.9024	-0.9098	-2.918	-4.396	-3.199	-3.41	-5.32	-2.229	-3.612	-0.8707	-4.881	-5.217	-1.877	-0.9301	-4.489	-0.8581	-5.624	-5.232	-3.134	-1.1	-1.158	-5.378	-1.776	0	0	0	0	0	0
22.18	-2.506	-0.878	-5.161	-2.995	-1.668	-3.401	-2.883	-5.364	-2.022	-3.671	-5.126	-4.959	-5.405	-2.088	-0.9619	-4.469	-0.8276	-1.033	-5.286	-3.519	-1.086	-5.759	-5.507	-4.985	0	0	0	0	0	0
22.19	-1.981	-0.8627	-0.9868	-1.106	-4.443	-3.493	-2.956	-5.342	-4.426	-3.614	-5.401	-4.934	-5.376	-2.296	-1.033	-4.443	-0.8011	-5.545	-5.346	-2.901	-5.799	-1.177	-5.562	-1.481	0	0	0	0	0	0
22.2	-4.856	-5.251	-0.781	-0.9463	-4.4	-2.52	-3.022	-5.338	-1.523	-2.429	-0.6818	-5.024	-0.9352	-2.585	-1.25	-4.32	-0.7539	-1.182	-5.447	-3.631	-1.064	-5.74	-5.663	-5.193	0	0	0	0	0	0
22.21	-0.8715	-0.7955	-0.8368	-0.8933	-1.186	-2.081	-2.692	-5.286	-5.357	-2.948	-5.243	-0.8867	-5.305	-3.092	-5.188	-2.119	-5.569	-5.426	-5.613	-2.445	-5.807	-5.728	-1.223	-5.016	0	0	0	0	0	0
22.22	-0.8129	-5.358	-1.037	-5.163	-4.492	-4.004	-3.3	-0.8828	-0.8874	-2.327	-0.8336	-4.984	-0.67	-3.259	-1.18	-4.066	-0.9247	-1.484	-1.206	-4.143	-1.119	-1.235	-5.827	-5.159	0	0	0	0	0	0
22.23	-4.959	-5.361	-1.032	-5.127	-4.579	-4.149	-3.443	-0.9604	-5.094	-3.825	-0.7277	-1.09	-5.565	-3.497	-1.152	-3.983	-1.005	-5.034	-1.179	-4.259	-1.053	-1.255	-5.872	-1.624	0	0	0	0	0	0
22.24	-3.664	-0.7661	-5.076	-1.032	-4.535	-1.852	-2.653	-5.062	-5.182	-3.795	-0.5914	-5.069	-5.36	-3.736	-1.209	-4.002	-1.031	-1.708	-1.093	-4.404	-1.075	-5.636	-5.907	-5.745	0	0	0	0	0	0
22.25	-1.895	-5.41	-5.053	-0.9691	-1.493	-1.696	-2.461	-4.92	-0.8304	-3.874	-0.8195	-5.089	-0.708	-3.972	-5.11	-2.616	-1.188	-4.796	-5.647	-2.201	-1.08	-1.668	-1.147	-5.158	0	0	0	0	0	0
22.26	-5.374	-5.44	-0.925	-0.9878	-4.588	-4.406	-3.705	-4.813	-0.6555	-3.982	-5.386	-0.9903	-5.482	-2.026	-5.096	-3.856	-1.226	-1.743	-1.109	-2.156	-1.088	-1.321	-5.855	-5.54	0	0	0	0	0	0
22.27	-1.825	-0.8314	-1.101	-0.9865	-4.633	-4.558	-3.853	-4.692	-1.003	-3.868	-0.7794	-0.9658	-5.504	-1.909	-1.419	-2.909	-1.355	-2.11	-1.059	-4.784	-1.093	-5.645	-5.818	-5.489	0	0	0	0	0	0
22.28	-3.314	-0.7074	-5.039	-1.02	-1.471	-4.663	-3.944	-1.958	-0.8844	-2.165	-5.27	-5.172	-0.7222	-4.583	-4.837	-3.035	-4.949	-4.42	-5.706	-1.888	-5.846	-5.596	-5.834	-4.643	0	0	0	0	0	0
22.29	-4.564	-0.7421	-4.994	-5.112	-4.608	-4.684	-4.092	-3.229	-0.8695	-2.221	-0.8155	-5.142	-5.275	-1.54	-1.401	-3.498	-4.884	-2.388	-1.016	-1.792	-1.642	-1.385	-5.744	-1.19	0	0	0	0	0	0
22.3	-0.8319	-0.7537	-5.038	-5.114	-1.399	-1.26	-1.974	-2.575	-4.955	-4.197	-5.373	-5.202	-5.407	-4.835	-1.44	-3.283	-1.762	-4.152	-5.631	-5.189	-1.672	-1.461	-1.402	-4.415	0	0	0	0	0	0
22.31	-1.41	-5.389	-5.196	-1.054	-1.457	-5.243	-1.739	-2.529	-4.416	-2.031	-0.6926	-0.9045	-0.7238	-0.9547	-4.654	-3.06	-4.501	-3.056	-0.9944	-1.268	-5.426	-5.5	-5.695	-4.969	0	0	0	0	0	0
22.32	-2.766	-0.927	-4.999	-5.19	-4.615	-1.078	-4.527	-4.152	-1.921	-4.249	-5.376	-5.325	-5.247	-5.316	-3.116	-3.667	-2.21	-3.752	-5.755	-5.542	-1.743	-1.492	-1.436	-5.097	0	0	0	0	0	0
22.33	-5.153	-5.408	-5.057	-5.131	-4.696	-5.023	-4.653	-1.659	-1.983	-3.849	-5.449	-5.434	-5.433	-5.315	-2.989	-3.873	-4.076	-3.585	-5.782	-5.549	-1.74	-1.479	-1.415	-1.741	0	0	0	0	0	0
22.34	-5.319	-5.374	-1.122	-5.114	-4.658	-5.137	-4.73	-4.176	-2.436	-4.239	-0.677	-0.7822	-5.498	-5.394	-2.119	-3.994	-3.835	-3.53	-5.745	-1.154	-1.801	-1.496	-1.646	-5.705	0	0	0	0	0	0
22.35	-1.139	-5.32	-1.529	-0.8965	-1.44	-5.128	-1.314	-1.604	-2.673	-1.94	-0.9859	-0.6603	-0.8226	-5.457	-4.792	-4.131	-3.712	-3.342	-5.714	-1.055	-1.852	-1.53	-1.723	-5.768	0	0	0	0	0	0
22.36	-3.716	-0.8665	-5.043	-4.965	-4.646	-5.228	-1.217	-4.613	-3.021	-1.965	-5.149	-5.362	-5.42	-5.512	-0.8994	-4.281	-3.521	-3.178	-0.94	-5.755	-1.888	-1.548	-1.906	-5.554	0	0	0	0	0	0
22.37	-4.956	-0.8749	-5.032	-5.274	-4.638	-5.221	-5.014	-4.817	-3.364	-1.706	-0.7536	-5.488	-0.7488	-5.497	-1.026	-4.403	-3.311	-3.639	-0.9995	-5.692	-1.992	-1.597	-5.036	-1.392	0	0	0	0	0	0
22.38	-0.7928	-5.24	-1.131	-1.079	-1.409	-5.243	-1.069	-1.171	-3.512	-1.767	-0.9383	-0.8586	-0.7896	-0.7404	-0.961	-1.991	-3.122	-2.903	-5.75	-5.926	-4.895	-5.367	-2.084	-2.991	0	0	0	0	0	0
22.39	-4.635	-5.183	-1.132	-0.781	-4.729	-5.251	-5.033	-5.036	-3.788	-1.876	-5.036	-0.739	-0.7871	-0.8334	-0.9872	-1.883	-3.529	-2.827	-1.018	-5.789	-4.794	-1.63	-2.063	-1.161	0	0	0	0	0	0
22.4	-2.844	-5.202	-4.922	-5.292	-1.229	-0.839	-0.894	-5.09	-4.066	-4.338	-0.895	-0.679	-0.8535	-5.498	-1.02	-4.783	-3.696	-3.489	-1.071	-5.738	-4.758	-1.619	-1.886	-1.163	0	0	0	0	0	0
22.41	-4.387	-1.199	-4.856	-0.7052	-1.354	-5.165	-5.337	-0.7268	-4.596	-3.09	-1.146	-5.334	-5.257	-1.369	-0.9808	-1.535	-2.479	-4.232	-5.694	-1.191	-4.979	-5.463	-2.765	-1.212	0	0	0	0	0	0
22.42	-0.9368	-4.949	-4.912	-5.378	-4.749	-0.7655	-0.8285	-5.303	-1.388	-4.262	-4.836	-0.8719	-0.8672	-5.379	-5.267	-5.111	-4.383	-2.332	-0.9969	-5.641	-2.447	-1.699	-4.267	-1.487	0	0	0	0	0	0
22.43	-3.787	-4.794	-4.91	-5.394	-4.762	-0.9096	-0.7583	-5.374	-0.9969	-1.732	-4.901	-0.8652	-0.7514	-1.058	-5.249	-5.181	-4.51	-2.242	-1.084	-5.607	-2.518	-1.709	-4.113	-1.175	0	0	0	0	0	0
22.44	-2.682	-4.815	-1.283	-5.369	-4.982	-0.8361	-0.7294	-5.386	-5.073	-1.775	-4.969	-5.234	-0.928	-1.042	-1.212	-5.169	-4.652	-4.593	-0.9645	-5.455	-4.362	-1.68	-4.019	-5.514	0	0	0	0	0	0
22.45	-5.324	-4.752	-1.273	-0.7252	-1.26	-0.8492	-5.383	-0.7335	-0.89	-1.765	-4.825	-0.8065	-5.498	-1.161	-1.279	-1.121	-4.856	-2.024	-5.818	-1.372	-4.246	-5.268	-3.814	-1.178	0	0	0	0	0	0
22.46	-1.067	-1.599	-4.821	-5.405	-4.966	-0.8946	-0.8051	-0.7655	-5.27	-1.978	-4.859	-0.838	-0.8355	-5.096	-5.033	-1.078	-5.006	-1.894	-1.004	-5.347	-4.126	-5.309	-3.666	-5.886	0	0	0	0	0	0
22.47	-2.893	-1.672	-4.836	-5.339	-1.154	-0.8949	-5.383	-5.287	-0.7207	-4.083	-4.709	-5.266	-5.375	-4.908	-4.871	-1.015	-1.278	-1.768	-5.79	-1.57	-4.051	-5.34	-3.511	-1.336	0	0	0	0	0	0
22.48	-3.947	-1.754	-4.809	-0.8406	-4.881	-5.165	-0.7353	-5.267	-0.6611	-4.158	-1.59	-0.9178	-0.7861	-1.574	-4.903	-0.9574	-5.327	-1.649	-5.748	-1.643	-3.94	-5.352	-3.433	-3.356	0	0	0	0	0	0
22.49	-5.187	-1.911	-1.413	-0.8363	-1.078	-0.9747	-0.7601	-1.199	-5.393	-1.925	-4.416	-5.24	-0.8423	-4.605	-4.769	-5.417	-1.023	-5.154	-5.799	-5.139	-3.757	-5.367	-3.109	-5.802	0	0	0	0	0	0
22.5	-5.358	-1.985	-1.439	-5.155	-5.099	-5.074	-5.362	-5.064	-5.33	-3.802	-4.553	-1.036	-0.8447	-4.417	-1.823	-1.529	-5.265	-5.157	-0.9774	-2.027	-3.741	-1.932	-3.81	-5.87	0	0	0	0	0	0
22.51	-3.988	-4.261	-4.321	-4.918	-5.19	-1.236	-1.052	-4.781	-1.212	-3.48	-2.107	-4.752	-0.7359	-2.569	-4.148	-5.19	-5.65	-1.459	-5.783	-4.762	-3.781	-5.458	-3.119	-5.79	0	0	0	0	0	0
22.52	-3.139	-2.371	-4.699	-1.05	-1.06	-4.928	-5.204	-1.563	-4.345	-2.208	-4.418	-1.163	-5.185	-3.664	-2.264	-1.23	-0.8022	-5.425	-1.019	-2.179	-3.432	-1.426	-4.323	-1.142	0	0	0	0	0	0
22.53	-4.379	-3.688	-1.498	-1.179	-0.9811	-4.885	-5.214	-1.736	-4.699	-2.407	-4.369	-1.359	-5.227	-3.512	-2.378	-1.164	-0.8065	-5.431	-1.046	-2.191	-3.635	-1.368	-4.387	-5.398	0	0	0	0	0	0
22.54	-0.8425	-3.537	-1.561	-4.847	-0.9184	-4.781	-5.166	-1.898	-4.477	-2.41	-1.805	-4.946	-5.219	-3.261	-2.523	-1.081	-0.844	-2.375	-1	-2.29	-3.621	-1.36	-4.47	-1.678	0	0	0	0	0	0
22.55	-0.8543	-2.842	-1.541	-1.409	-5.187	-4.729	-1.017	-3.874	-4.142	-2.881	-4.322	-4.865	-5.384	-3.373	-3.755	-5.424	-0.8552	-2.935	-0.938	-4.461	-3.062	-1.316	-2.374	-5.921	0	0	0	0	0	0
22.56	-0.8258	-3.018	-4.607	-4.607	-5.187	-4.644	-5.025	-2.383	-3.905	-3.619	-4.127	-1.466	-5.183	-3.518	-2.849	-0.997	-5.443	-2.397	-0.9982	-2.501	-3.994	-1.277	-2.391	-2.15	0	0	0	0	0	0
22.57	-0.8255	-3.154	-4.571	-1.632	-0.9042	-1.556	-4.978	-3.518	-3.547	-2.58	-2.116	-4.738	-1.066	-2.52	-3.386	-5.431	-5.386	-5.211	-1.006	-4.248	-2.814	-1.233	-2.361	-1.231	0	0	0	0	0	0
22.58	-4.932	-2.983	-4.452	-1.656	-5.269	-1.662	-1.241	-2.904	-2.811	-2.834	-2.512	-1.597	-1.1	-2.456	-3.222	-0.9043	-5.189	-5.664	-5.709	-2.82	-2.806	-5.708	-4.112	-1.186	0	0	0	0	0	0
22.59	-1.299	-2.868	-4.55	-4.23	-5.249	-4.386	-1.331	-3.13	-3.095	-3.299	-4.169	-1.639	-5.12	-2.122	-3.054	-5.522	-5.07	-5.689	-1.022	-2.887	-4.285	-1.129	-4.81	-1.179	0	0	0	0	0	0
22.6	-1.412	-3.545	-1.676	-1.996	-0.8132	-3.76	-4.713	-2.817	-3.427	-3.02	-2.705	-4.472	-4.073	-1.915	-2.699	-5.557	-1.506	-5.714	-0.9914	-3.902	-4.808	-5.772	-4.81	-1.041	0	0	0	0	0	0
22.61	-1.191	-1.953	-1.453	-2.288	-5.338	-2.268	-1.649	-2.69	-1.898	-2.822	-1.885	-2.51	-2.492	-4.848	-3.993	-0.912	-2.238	-5.572	-5.831	-4.329	-1.921	-1.182	-2.465	-1.267	0	0	0	0	0	0
22.62	-4.766	-3.893	-1.825	-3.76	-0.7832	-3.957	-4.481	-4.143	-4.203	-3.278	-4.073	-4.241	-4.188	-1.357	-2.473	-5.367	-4.25	-1.113	-1.078	-3.496	-4.616	-5.834	-4.991	-1.221	0	0	0	0	0	0
22.63	-1.587	-3.933	-1.783	-3.533	-0.7484	-3.837	-4.349	-4.343	-4.448	-3.357	-4.016	-2.065	-4.311	-1.221	-2.333	-1.076	-4.068	-5.529	-5.76	-3.594	-4.68	-5.777	-4.998	-5.855	0	0	0	0	0	0
22.64	-1.601	-2.118	-1.865	-3.433	-0.7382	-3.716	-4.201	-4.387	-1.445	-3.468	-2.153	-4.093	-2.695	-1.104	-2.165	-5.374	-2.546	-5.452	-5.764	-3.742	-4.73	-5.849	-2.009	-5.808	0	0	0	0	0	0
22.65	-4.633	-4.148	-4.198	-2.858	-0.7525	-2.631	-1.92	-4.712	-1.227	-2.607	-3.989	-2.217	-4.226	-5.254	-2.054	-1.249	-3.025	-5.382	-5.794	-3.082	-4.815	-5.862	-1.954	-1.232	0	0	0	0	0	0
22.66	-4.627	-4.291	-4.139	-3.009	-0.735	-2.677	-4.144	-4.704	-5.043	-2.542	-3.962	-2.283	-4.254	-5.42	-1.738	-5.179	-3.367	-1.435	-5.744	-3.989	-4.877	-5.826	-1.935	-5.585	0	0	0	0	0	0
22.67	-1.696	-4.374	-4.124	-3.007	-0.7424	-2.876	-4.002	-4.725	-5.034	-3.604	-2.205	-2.381	-4.114	-5.552	-4.553	-1.317	-3.624	-5.239	-1.011	-2.652	-4.925	-1.13	-1.912	-1.253	0	0	0	0	0	0
22.68	-1.607	-4.429	-2.178	-3.29	-0.7251	-2.967	-2.229	-5.163	-0.8346	-3.808	-3.991	-2.413	-4.216	-5.508	-5.068	-5.053	-3.914	-1.619	-5.798	-4.846	-4.961	-5.795	-1.84	-5.77	0	0	0	0	0	0
22.69	-1.597	-4.543	-2.22	-3.433	-0.7268	-3.039	-3.895	-5.044	-0.7366	-2.207	-4.02	-3.653	-2.208	-5.529	-1.567	-1.398	-4.044	-4.948	-0.9846	-2.357	-1.898	-1.247	-1.828	-1.429	0	0	0	0	0	0
22.7	-1.702	-4.575	-3.845	-2.017	-0.8447	-3.036	-3.895	-0.8744	-5.373	-3.961	-4.087	-2.711	-1.999	-5.565	-1.19	-4.985	-2.08	-1.889	-5.783	-5.031	-1.827	-5.753	-1.923	-5.634	0	0	0	0	0	0
22.71	-1.258	-4.315	-2.445	-4.094	-5.205	-3.649	-2.571	-5.481	-1.271	-1.664	-4.383	-3.419	-3.746	-0.9188	-5.191	-4.59	-1.86	-2.402	-5.71	-1.814	-5.273	-5.68	-5.097	-5.722	0	0	0	0	0	0
22.72	-4.7	-1.415	-2.579	-2.521	-0.7675	-2.677	-3.721	-0.6372	-5.356	-4.125	-2.144	-2.652	-1.827	-5.467	-1.246	-1.442	-5.143	-4.427	-0.9972	-5.085	-1.762	-5.636	-1.887	-1.389	0	0	0	0	0	0
22.73	-2.852	-1.379	-3.522	-2.625	-0.7604	-2.624	-3.672	-0.7291	-5.303	-4.223	-2.081	-2.817	-1.936	-1.027	-1.196	-1.854	-1.162	-2.531	-1.021	-5.238	-1.755	-1.335	-1.842	-1.485	0	0	0	0	0	0
22.74	-3.45	-4.892	-2.728	-3.747	-0.8129	-2.497	-2.556	-0.7682	-5.151	-4.267	-4.097	-3.417	-4.503	-5.238	-5.277	-1.932	-1.054	-4.134	-1.021	-5.408	-1.691	-5.577	-5.185	-5.825	0	0	0	0	0	0
22.75	-3.517	-1.204	-2.894	-2.901	-0.795	-2.405	-3.617	-5.313	-1.182	-1.748	-2.061	-3.298	-1.665	-5.164	-5.321	-4.456	-1.244	-2.797	-5.776	-1.391	-5.213	-5.492	-5.221	-1.277	0	0	0	0	0	0
22.76	-2.67	-4.982	-3.002	-3.299	-5.315	-2.368	-3.556	-5.564	-4.833	-1.71	-3.958	-3.228	-4.647	-4.987	-5.368	-2.038	-0.9318	-3.723	-1	-5.539	-5.223	-5.498	-5.26	-3.814	0	0	0	0	0	0
22.77	-2.348	-5.05	-3.061	-3.059	-0.8268	-2.294	-2.64	-0.6453	-4.669	-1.653	-4.006	-3.306	-1.597	-1.286	-5.392	-4.389	-5.633	-3.103	-5.785	-1.202	-5.211	-5.394	-5.265	-2.465	0	0	0	0	0	0
22.78	-3.947	-1.049	-2.986	-3.041	-5.306	-4.082	-2.617	-5.265	-4.423	-1.611	-2.123	-3.203	-1.652	-4.714	-0.9231	-2.183	-5.603	-3.988	-0.9829	-5.7	-5.19	-1.521	-1.844	-2.897	0	0	0	0	0	0
22.79	-1.463	-1.023	-3.448	-2.943	-0.8544	-2.064	-2.576	-5.217	-4.18	-4.542	-2.04	-3.169	-1.693	-1.855	-0.9027	-4.274	-5.64	-3.588	-5.823	-1.108	-5.166	-5.281	-5.285	-3.309	0	0	0	0	0	0
22.8	-5.341	-0.974	-3.585	-2.807	-0.8719	-2.105	-2.643	-5.097	-3.856	-4.596	-2.219	-3.201	-4.779	-3.932	-0.9943	-2.346	-0.8624	-3.093	-1.045	-5.8	-5.349	-1.684	-5.123	-2.008	0	0	0	0	0	0
22.81	-5.271	-5.246	-2.209	-3.529	-5.216	-4.542	-2.913	-5.421	-3.385	-1.195	-1.978	-3.462	-5.037	-4.139	-5.456	-4.197	-1.203	-2.303	-1.029	-1.49	-4.997	-5.111	-1.867	-2.448	0	0	0	0	0	0
22.82	-0.8411	-0.8994	-4.331	-2.549	-0.8594	-1.677	-2.592	-1.267	-3.132	-4.613	-4.203	-2.816	-3.962	-2.515	-0.8656	-2.644	-5.226	-4.414	-5.701	-5.612	-1.741	-1.905	-5.284	-3.705	0	0	0	0	0	0
22.83	-1.009	-0.8383	-1.997	-2.385	-0.7941	-1.699	-2.611	-1.083	-4.637	-4.647	-4.059	-2.77	-3.987	-2.724	-0.905	-2.571	-5.145	-2.133	-5.669	-5.686	-1.748	-1.982	-5.309	-3.207	0	0	0	0	0	0
22.84	-5.241	-5.354	-1.982	-3.429	-0.925	-1.572	-2.581	-4.731	-0.7715	-4.903	-4.2	-2.933	-2.331	-2.841	-0.9194	-2.624	-5.049	-1.948	-5.605	-5.248	-1.682	-2.014	-5.339	-4.043	0	0	0	0	0	0
22.85	-5.245	-0.8254	-4.463	-4.068	-5.291	-1.499	-3.604	-4.843	-4.905	-1.167	-4.326	-3.286	-3.934	-3.394	-0.872	-3.864	-4.881	-1.739	-1.141	-5.533	-1.783	-2.121	-5.263	-4.937	0	0	0	0	0	0
22.86	-0.9088	-5.399	-4.6	-2.002	-0.8077	-1.412	-2.554	-4.449	-5.135	-4.971	-1.873	-3.291	-2.417	-3.155	-0.9422	-2.716	-4.772	-5.187	-5.607	-5.436	-1.794	-4.784	-5.026	-5.893	0	0	0	0	0	0
22.87	-5.281	-0.78	-1.448	-3.336	-5.318	-1.316	-3.659	-4.573	-5.157	-4.878	-1.981	-3.513	-3.914	-3.292	-0.8413	-3.823	-1.885	-1.447	-1.177	-5.227	-5.443	-2.257	-4.247	-4.471	0	0	0	0	0	0
22.88	-3.976	-5.4	-1.371	-3.291	-0.806	-4.79	-2.533	-4.436	-0.8369	-1.082	-4.483	-3.564	-1.889	-3.448	-0.8842	-2.777	-4.464	-5.177	-5.599	-1.641	-1.872	-4.7	-3.493	-1.55	0	0	0	0	0	0
22.89	-2.795	-5.44	-1.239	-3.151	-5.327	-4.931	-2.566	-4.074	-0.7739	-4.859	-1.762	-3.534	-4.065	-2.785	-5.565	-3.808	-4.227	-1.158	-1.284	-1.758	-1.866	-2.314	-3.03	-5.827	0	0	0	0	0	0
22.9	-1.21	-0.7762	-1.106	-3.123	-5.319	-4.867	-2.538	-3.739	-0.7452	-1.07	-4.435	-3.459	-3.859	-3.651	-0.8724	-2.607	-4.02	-5.654	-5.452	-1.87	-1.886	-5.076	-2.932	-1.415	0	0	0	0	0	0
22.91	-5.313	-0.7784	-1.066	-3.758	-0.8405	-1.059	-2.328	-2.483	-5.346	-0.6918	-1.846	-2.305	-3.633	-3.88	-5.463	-3.573	-3.398	-5.708	-5.134	-4.418	-2.144	-4.366	-2.722	-3.701	0	0	0	0	0	0
22.92	-3.852	-5.39	-5.256	-2.614	-5.33	-4.987	-3.645	-3.83	-0.7533	-5.184	-4.607	-3.561	-2.539	-2.086	-0.9065	-3	-3.045	-1.027	-1.525	-2.315	-4.98	-2.635	-4.15	-5.149	0	0	0	0	0	0
22.93	-4.051	-5.366	-5.319	-2.506	-5.343	-5.137	-3.45	-3.729	-0.8198	-4.917	-4.543	-3.518	-2.475	-4.417	-0.8753	-3.038	-3.128	-5.627	-5.203	-2.487	-1.916	-4.324	-3.776	-1.844	0	0	0	0	0	0
22.94	-5.278	-5.34	-0.8216	-3.84	-5.357	-5.187	-2.579	-3.269	-5.204	-5.091	-4.717	-2.697	-3.844	-4.505	-5.492	-3.118	-1.954	-1.088	-1.612	-2.583	-4.957	-2.749	-2.974	-5.339	0	0	0	0	0	0
22.95	-3.375	-0.8726	-0.8394	-2.305	-0.8035	-0.9628	-2.579	-3.122	-1.03	-0.9787	-1.54	-2.587	-2.565	-4.686	-0.9391	-3.139	-4.369	-5.495	-5.113	-2.745	-1.996	-4.249	-4.156	-1.639	0	0	0	0	0	0
22.96	-3.61	-5.284	-5.348	-4.127	-0.7795	-5.177	-2.579	-3.101	-4.96	-5.224	-3.527	-2.608	-3.897	-1.712	-5.487	-3.176	-2.153	-1.282	-1.79	-4.052	-4.958	-2.861	-2.973	-5.775	0	0	0	0	0	0
22.97	-4.986	-1.325	-5.344	-2.092	-0.8003	-0.949	-2.648	-2.872	-4.786	-0.9404	-3.41	-2.606	-2.327	-4.835	-0.9472	-3.342	-4.09	-5.253	-4.992	-3.045	-4.872	-2.932	-4.186	-1.473	0	0	0	0	0	0
22.98	-1.475	-1.066	-0.8956	-1.899	-5.379	-5.314	-2.703	-2.657	-4.623	-0.9448	-2.709	-3.604	-3.943	-1.336	-0.9357	-3.302	-2.125	-1.567	-1.853	-3.735	-1.983	-2.46	-4.207	-1.358	0	0	0	0	0	0
22.99	-2.151	-5.047	-0.9583	-1.726	-5.356	-5.188	-2.73	-2.452	-4.455	-1.028	-2.516	-3.639	-2.515	-4.946	-5.495	-3.223	-3.727	-5.039	-4.941	-3.297	-2.033	-4.005	-4.246	-1.32	0	0	0	0	0	0
23	-5.385	-5.098	-1.364	-1.652	-5.348	-0.8311	-2.854	-2.359	-1.94	-0.9147	-2.405	-4.146	-3.968	-5.044	-1.887	-3.411	-2.844	-4.762	-1.956	-3.282	-2.021	-3.117	-2.882	-5.808	0	0	0	0	0	0
23.01	-3.216	-1.431	-4.7	-1.888	-0.8972	-5.28	-3.522	-4.757	-2.986	-5.27	-2.48	-3.455	-2.348	-5.121	-4.178	-3.752	-3.571	-1.581	-4.902	-3.29	-5.156	-3.917	-4.219	-1.208	0	0	0	0	0	0
