# SCAN started at: 2019-02-12 10:49:14
# Mass_Scan Elen: _70
# ----------------------------------------
# 
10	-10.62	-4.535	-3.802	-5.153	0
10.1	-10.62	-4.497	-4.771	-4.883	0
10.2	-10.62	-5.505	-2.111	-2.136	0
10.3	-10.62	-0.98	-1.562	-5.314	0
10.4	-8.155	-5.446	-5.421	-5.291	0
10.5	-7.351	-3.085	-5.444	-2.416	0
10.6	-7.24	-1.386	-3.833	-2.705	0
10.7	-3.014	-5.554	-0.833	-5.45	0
10.8	-4.106	-1.495	-1.194	-3.461	0
10.9	-2.822	-2.039	-1.498	-1.114	0
11	-2.948	-1.31	-4.674	-0.7796	0
11.1	-3.065	-3.41	-4.645	-4.74	0
11.2	-6.58	-3.059	-3.931	-5.041	0
11.3	-6.818	-1.695	-1.219	-3.711	0
11.4	-6.715	-5.335	-2.073	-4.508	0
11.5	-4.923	-1.383	-2.308	-4.81	0
11.6	-1.865	-4.271	-5.475	-2.315	0
11.7	-2.145	-4.788	-1.343	-4.656	0
11.8	-6.062	-0.9713	-0.7742	-1.817	0
11.9	-3.934	-1.074	-1.715	-2.533	0
12	-6.333	-0.993	-0.9432	-5.018	0
12.1	-3.673	-4.958	-1.189	-0.8033	0
12.2	-4.072	-4.36	-4.702	-5.066	0
12.3	-1.599	-4.414	-1.966	-1.069	0
12.4	-6.169	-4.629	-5.447	-5.346	0
12.5	-1.682	-1.049	-2.726	-0.756	0
12.6	-6.342	-4.404	-5.382	-5.226	0
12.7	-6.262	-3.807	-5.424	-1.522	0
12.8	-4.268	-2.658	-1.506	0	0
12.9	-1.617	-4.901	-0.8266	0	0
13	-2.529	-0.9849	-0.9758	0	0
13.1	-3.866	-5.321	-1.136	0	0
13.2	-5.832	-2.849	-1.832	0	0
13.3	-4.547	-0.96	-1.216	0	0
13.4	-4.39	-5.186	-3.207	0	0
13.5	-6.201	-5.145	-1.848	0	0
13.6	-1.673	-3.272	-0.7663	0	0
13.7	-4.931	-0.9913	-3.077	0	0
13.8	-5.926	-1.437	-2.279	0	0
13.9	-2.801	-1.063	-1.149	0	0
14	-5.45	-5.394	-3.543	0	0
14.1	-4.954	-2.338	-2.197	0	0
14.2	-3.739	-1.089	-0.7913	0	0
14.3	-4.321	-4.261	-4.021	0	0
14.4	-3.191	-5.423	-1.222	0	0
14.5	-5.728	-1.13	-4.255	0	0
14.6	-3.533	-1.594	-1.004	0	0
14.7	-2.124	-3.533	-0.997	0	0
14.8	-4.665	-4.693	-2.942	0	0
14.9	-5.754	-3.677	-5.142	0	0
15	-1.969	-0.979	-5.273	0	0
15.1	-2.653	-3.457	-5.367	0	0
15.2	-2.303	-1.211	-0.8041	0	0
15.3	-2.762	-2.089	-3.746	0	0
15.4	-2.321	-1.872	-4.472	0	0
15.5	-2.932	-1.233	-4.571	0	0
15.6	-3.043	-1.486	-0.7742	0	0
15.7	-2.071	-5.11	-1.434	0	0
15.8	-3.636	-3.503	-3.962	0	0
15.9	-5.403	-5.588	-4.595	0	0
16	-4.199	-5.202	-2.948	0	0
16.1	-5.897	-2.272	-3.159	0	0
16.2	-4.463	-5.529	-0.764	0	0
16.3	-5.832	-5.373	-2.85	0	0
16.4	-1.258	-1.366	-1.104	0	0
16.5	-2.234	-0.9931	-0.7455	0	0
16.6	-5.299	-3.965	-1.143	0	0
16.7	-1.55	-5.391	-5.402	0	0
16.8	-3.648	-2.197	-4.963	0	0
16.9	-1.144	-3.221	-1.116	0	0
17	-1.673	-4.362	-0.79	0	0
17.1	-2.498	-3.546	-5.152	0	0
17.2	-4.971	-3.232	-2.99	0	0
17.3	-5.797	-0.9113	-1.774	0	0
17.4	-1.312	-1.976	-5.392	0	0
17.5	-1.318	-4.468	-4.126	0	0
17.6	-4.906	-5.253	-3.899	0	0
17.7	-1.414	-4.017	-1.916	0	0
17.8	-1.406	-4.063	-0.7585	0	0
17.9	-5.337	-4.331	-1.908	0	0
18	-2.511	-2.459	-4.636	0	0
18.1	-5.164	-4.886	-0.816	0	0
18.2	-1.861	-4.741	-2.995	0	0
18.3	-1.315	-2.959	-5.474	0	0
18.4	-4.296	-3.286	-3.448	0	0
18.5	-5.833	-2.042	-2.668	0	0
18.6	-2.066	-3.228	-1.312	0	0
18.7	-3.796	-0.9256	-2.155	0	0
18.8	-1.605	-4.538	-2.413	0	0
18.9	-5.682	-0.9896	-3.656	0	0
19	-4.027	-5.364	-3.726	0	0
19.1	-4.017	-0.9746	-2.757	0	0
19.2	-1.748	-5.392	-5.282	0	0
19.3	-5.243	-4.596	-5.448	0	0
19.4	-3.742	-3.097	-3.234	0	0
19.5	-1.282	-3.797	-4.853	0	0
19.6	-2.762	-5.355	-3.776	0	0
19.7	-1.847	-1.571	-3.975	0	0
19.8	-2.898	-3.109	-5.178	0	0
19.9	-3.005	-1.126	-4.271	0	0
20	-4.585	-1.769	-5.146	0	0
20.1	-2.673	-5.578	-0.9826	0	0
20.2	-4.907	-5.072	-4.641	0	0
20.3	-5.258	-1.002	-5.137	0	0
20.4	-3.682	-1.955	-1.789	0	0
20.5	-4.265	-3.331	-5.328	0	0
20.6	-4.198	-2.565	-2.979	0	0
20.7	-5.498	-4.614	-3.963	0	0
20.8	-3.367	-1.253	-3.253	0	0
20.9	-2.374	-4.523	-1.671	0	0
21	-3.995	-5.219	-4.902	0	0
21.1	-2.876	-5.473	-3.986	0	0
21.2	-1.757	-3.336	-5.417	0	0
21.3	-5.74	-5.404	-3.426	0	0
21.4	-4.064	-4.932	-5.291	0	0
21.5	-1.357	-5.138	-0.8567	0	0
21.6	-5.694	-5.315	-1.412	0	0
21.7	-3.284	-4.264	-2.124	0	0
21.8	-2.143	-2.832	-3.505	0	0
21.9	-4.737	-4.598	-4.679	0	0
22	-5.52	-5.182	-2.131	0	0
22.1	-4.779	-4.907	-3.361	0	0
22.2	-3.22	-3.098	-2.873	0	0
22.3	-5.732	-3.741	-4.238	0	0
22.4	-5.458	-5.584	-4.297	0	0
22.5	-1.49	-5.621	-2.281	0	0
22.6	-1.18	-5.592	-0.8008	0	0
22.7	-4.901	-1.576	-2.15	0	0
22.8	-1.694	-2.596	-0.8507	0	0
22.9	-1.069	-3.105	-4.105	0	0
23	-4.826	-4.302	-3.569	0	0
23.1	-5.716	-0.9359	-2.525	0	0
23.2	-4.845	-5.298	-4.774	0	0
23.3	-1.25	-1.208	-5.337	0	0
23.4	-5.665	-1.812	-5.451	0	0
23.5	-1.276	-5.305	-0.7911	0	0
23.6	-1.064	-4.046	-5.04	0	0
23.7	-5.34	-4.42	-3.991	0	0
23.8	-5.085	-5.384	-4.554	0	0
23.9	-5.708	-4.797	-1.056	0	0
24	-1.238	-1.307	-1.586	0	0
24.1	-2.726	-2.626	-5.422	0	0
24.2	-1.909	-4.265	-3.706	0	0
24.3	-1.352	-1.515	-5.249	0	0
24.4	-1.421	-0.9292	-3.221	0	0
24.5	-5.691	-3.45	-0.8312	0	0
24.6	-2.218	-4.591	-5.386	0	0
24.7	-1.003	-3.419	-3.601	0	0
24.8	-2.37	-0.9582	-5.369	0	0
24.9	-4.93	-2.888	-1.12	0	0
25	-3.719	-1.522	-5.324	0	0
25.1	-3.764	-3.242	-4.337	0	0
25.2	-4.869	-2.139	-0.8196	0	0
25.3	-1.093	-1.502	-4.738	0	0
25.4	-1.551	-1.296	-4.52	0	0
25.5	-3.259	-1.194	-0.9863	0	0
25.6	-5.182	-1.674	-3.33	0	0
25.7	-4.019	-0.916	-1.389	0	0
25.8	-2.183	-4.525	-0.8447	0	0
25.9	-5.665	-1.567	-3.028	0	0
26	-0.9754	-2.484	-3.393	0	0
26.1	-1.935	-4.046	-3.413	0	0
26.2	-0.9553	-1.166	-5.426	0	0
26.3	-2.453	-4.274	-3.991	0	0
26.4	-5.706	-4.24	-1.381	0	0
26.5	-5.551	-0.765	-4.343	0	0
26.6	-4.025	-5.352	-5.324	0	0
26.7	-5.572	-1.402	-2.74	0	0
26.8	-5.426	-2.23	-3.628	0	0
26.9	-4.283	-1.466	-3.456	0	0
27	-2.087	-5.567	-4.239	0	0
27.1	-3.197	-1.109	-1.745	0	0
27.2	-4.028	-1.358	-5.397	0	0
27.3	-5.679	-4.619	-3.926	0	0
27.4	-4.542	-2.417	-5.285	0	0
27.5	-2.672	-5.228	-0.7718	0	0
27.6	-5.569	-2.48	-3.815	0	0
27.7	-2.509	-4.32	-5.357	0	0
27.8	-2.808	-1.327	-4.251	0	0
27.9	-4.623	-1.111	-2.492	0	0
28	-1.254	-2.308	-2.72	0	0
28.1	-5.634	-1.912	-3.553	0	0
28.2	-1.746	-5.653	-2.532	0	0
28.3	-5.345	-2.797	-0.7625	0	0
28.4	-1.794	-3.539	-5.149	0	0
28.5	-2.674	-5.458	-4.505	0	0
28.6	-5.61	-2.346	-2.526	0	0
28.7	-5.641	-1.337	-1.657	0	0
28.8	-5.068	-2.211	-3.316	0	0
28.9	-4.732	-5.376	-5.175	0	0
29	-1.521	-4.142	-1.077	0	0
29.1	-1.805	-1.415	-3.305	0	0
29.2	-4.016	-3.337	-0.782	0	0
29.3	-5.44	-1.519	-1.94	0	0
29.4	-4.815	-3.249	-4.289	0	0
29.5	-4.867	-1.181	-3.251	0	0
29.6	-4.344	-5.501	-4.865	0	0
29.7	-5.708	-4.675	-4.835	0	0
29.8	-0.941	-3.482	-1.193	0	0
29.9	-1.007	-0.9244	-3.24	0	0
30	-5.233	-1.861	-4.322	0	0
30.1	-1.241	-1.582	-0.7232	0	0
30.2	-1.353	-0.944	-5.352	0	0
30.3	-4.026	-1.048	-4.883	0	0
30.4	-4.466	-5.014	-5.066	0	0
30.5	-5.069	-4.728	-3.539	0	0
30.6	-5.301	-5.15	-4.483	0	0
30.7	-5.508	-2.529	-2.332	0	0
30.8	-2.406	-5.173	-4.837	0	0
30.9	-1.096	-2.681	-4.798	0	0
31	-3.733	-4.109	-4.906	0	0
31.1	-5.593	-1.907	-2.482	0	0
31.2	-5.453	-4.311	-4.475	0	0
31.3	-1.477	-3.186	-5.063	0	0
31.4	-1.139	-1.214	-5.365	0	0
31.5	-5.122	-3.44	-0.782	0	0
31.6	-3.96	-0.896	-0.8931	0	0
31.7	-4.566	-3.306	-4.287	0	0
31.8	-5.357	-3.739	-1.408	0	0
31.9	-2.549	-4.79	-1.188	0	0
32	-1.022	-1.962	-1.09	0	0
32.1	-1.136	-3.799	-5.114	0	0
32.2	-5.222	-5.307	-5.237	0	0
32.3	-3.877	-5.145	-4.932	0	0
32.4	-5.612	-4.517	-0.7708	0	0
32.5	-5.794	-1.631	-4.488	0	0
32.6	-5.457	-2.283	-5.344	0	0
32.7	-4.499	-4.965	-3.874	0	0
32.8	-5.412	-2.924	-5.397	0	0
32.9	-0.9474	-5.433	-3.262	0	0
33	-1.149	-3.624	-5.396	0	0
33.1	-5.659	-4.512	-1.981	0	0
33.2	-1.197	-1.011	-4.191	0	0
33.3	-0.9747	-4.421	-0.8567	0	0
33.4	-4.497	-1.115	-1.463	0	0
33.5	-5.513	-5.067	-5.229	0	0
33.6	-4.188	-5.189	-5.376	0	0
33.7	-1.055	-1.126	-1.621	0	0
33.8	-2.143	-2.483	-3.421	0	0
33.9	-3.51	-4.975	-3.224	0	0
34	-5.6	-1.542	-3.083	0	0
34.1	-1.028	-3.802	-2.444	0	0
34.2	-2.69	-5.51	-5.18	0	0
34.3	-1.823	-4.877	-2.106	0	0
34.4	-4.084	-0.9188	-0.7685	0	0
34.5	-5.589	-1.308	-3.714	0	0
34.6	-5.354	-1.425	-1.612	0	0
34.7	-2.164	-2.492	-1.329	0	0
34.8	-1.225	-1.108	-5.397	0	0
34.9	-5.553	-5.312	-0.7682	0	0
35	-4.202	-4.037	-0.852	0	0
35.1	-5.663	-0.9433	-5.13	0	0
35.2	-3.897	-4.462	-0.946	0	0
35.3	-1.014	-2.506	-1.616	0	0
35.4	-1.591	-5.301	-1.305	0	0
35.5	-2.095	-0.9019	-5.386	0	0
35.6	-3.274	-0.9631	-2.684	0	0
35.7	-2.04	-5.021	-4.141	0	0
35.8	-1.516	-0.9225	-4.059	0	0
35.9	-5.05	-5.512	-2.516	0	0
36	-4.895	-4.097	-3.124	0	0
36.1	-3.802	-5.351	-1.728	0	0
36.2	-5.478	-1.569	-2.417	0	0
36.3	-1.015	-1.086	-3.189	0	0
36.4	-5.013	-2.513	-1.529	0	0
36.5	-3.171	-1.054	-3.867	0	0
36.6	-3.51	-1.418	-2.586	0	0
36.7	-5.162	-1.222	-0.7183	0	0
36.8	-3.888	-5.426	-3.684	0	0
36.9	-1.262	-0.9119	-3.713	0	0
37	-1.069	-4.714	-1.277	0	0
37.1	-1.808	-5.435	-1.294	0	0
37.2	-1.955	-2.126	-4.51	0	0
37.3	-5.666	-5.519	-1.708	0	0
37.4	-1.032	-3.26	-0.7509	0	0
37.5	-5.527	-5.584	-5.175	0	0
37.6	-5.666	-1.298	-5.404	0	0
37.7	-3.973	-1.397	-3.368	0	0
37.8	-5.24	-1.039	-3.901	0	0
37.9	-1.84	-1.753	-5.397	0	0
38	-1.638	-1.646	-2.846	0	0
38.1	-5.3	-0.9573	-2.355	0	0
38.2	-3.344	-4.574	-2.757	0	0
38.3	-2.739	-1.068	-5.415	0	0
38.4	-5.694	-2.95	-1.385	0	0
38.5	-2.353	-5.241	-5.41	0	0
38.6	-5.659	-4.747	-1.022	0	0
38.7	-2.778	-4.997	-3.841	0	0
38.8	-4.378	-5.122	-5.378	0	0
38.9	-2.196	-4.964	-2.05	0	0
39	-5.593	-3.613	-0.8171	0	0
39.1	-1.534	-4.644	-3.975	0	0
39.2	-1.842	-4.747	-0.9402	0	0
39.3	-1.038	-1.039	-3.348	0	0
39.4	-5.504	-0.9499	-0.6869	0	0
39.5	-5.742	-1.278	-5.285	0	0
39.6	-3.96	-1.119	-3.036	0	0
39.7	-1.701	-0.9249	-3.899	0	0
39.8	-1.08	-5.133	-4.165	0	0
39.9	-2.241	-2.625	-2.664	0	0
40	-1.156	-5.446	-5.353	0	0
40.1	-4.539	-4.666	-1.092	0	0
40.2	-3.115	-3.261	-1.923	0	0
40.3	-1.383	-5.551	-0.9152	0	0
40.4	-3.489	-3.782	-3.668	0	0
40.5	-3.601	-1.802	-0.8205	0	0
40.6	-4.648	-3	-3.911	0	0
40.7	-4.942	-3.829	-2.028	0	0
40.8	-5.598	-3.669	-3.931	0	0
40.9	-4.415	-3.415	-1.022	0	0
41	-4.81	-4.844	-0.7593	0	0
41.1	-3.983	-4.666	-5.4	0	0
41.2	-3.648	-2.739	-0.9035	0	0
41.3	-4.631	-1.216	-0.7358	0	0
41.4	-2.635	-1.118	-2.705	0	0
41.5	-1.005	-5.247	-4.519	0	0
41.6	-5.588	-4.268	-0.7883	0	0
41.7	-5.725	-3.247	-2.473	0	0
41.8	-1.353	-2.893	-3.974	0	0
41.9	-4.095	-3.088	-1.593	0	0
42	-5.61	-5.25	-5.306	0	0
42.1	-4.494	-5.57	-1.23	0	0
42.2	-1.912	-4.162	-2.125	0	0
42.3	-5.519	-1.065	-4.866	0	0
42.4	-5.04	-3.538	-2.068	0	0
42.5	-1.121	-3.532	-2.951	0	0
42.6	-4.92	-4.063	-0.8918	0	0
42.7	-5.277	-5.636	-2.615	0	0
42.8	-4.13	-1.619	-5.386	0	0
42.9	-5.695	-0.9306	-5.01	0	0
43	-0.9508	-4.248	-3.214	0	0
43.1	-5.609	-1.925	-4.989	0	0
43.2	-0.8934	-5.583	-5.151	0	0
43.3	-0.917	-4.883	-0.686	0	0
43.4	-5.554	-4.867	-1.087	0	0
43.5	-1.906	-3.922	-5.379	0	0
43.6	-2.634	-0.9457	-4.071	0	0
43.7	-1.925	-5.368	-3.965	0	0
43.8	-1.632	-2.537	-2.497	0	0
43.9	-1.252	-4.039	-3.918	0	0
44	-1.003	-5.568	-5.109	0	0
44.1	-2.398	-5.545	-4.249	0	0
44.2	-1.06	-4.533	-0.751	0	0
44.3	-5.067	-5.043	-5.243	0	0
44.4	-1.876	-1.789	-3.155	0	0
44.5	-3.857	-1.674	-3.989	0	0
44.6	-1.847	-4.937	-0.8406	0	0
44.7	-2.294	-1.404	-2.283	0	0
44.8	-1.334	-2.051	-3.138	0	0
44.9	-2.477	-1.023	-1.4	0	0
45	-5.604	-3.034	-4.665	0	0
45.1	-5.637	-1.943	-5.08	0	0
45.2	-1.003	-4.827	-3.142	0	0
45.3	-3.789	-4.186	-5.17	0	0
45.4	-1.799	-4.198	-2.995	0	0
45.5	-1.627	-5.485	-5.173	0	0
45.6	-4.966	-2.357	-5.333	0	0
45.7	-2.695	-2.688	-2.709	0	0
45.8	-4.495	-4.418	-4.923	0	0
45.9	-1.034	-5.209	-2.793	0	0
46	-1.878	-5.594	-0.7609	0	0
46.1	-4.755	-1.015	-5.301	0	0
46.2	-3.697	-3.742	-1.576	0	0
46.3	-1.463	-5.201	-0.8534	0	0
46.4	-2.252	-2.48	-2.272	0	0
46.5	-1.438	-1.74	-3.368	0	0
46.6	-1.015	-4.703	-0.8972	0	0
46.7	-2.369	-4.896	-2.386	0	0
46.8	-2.606	-0.8993	-0.8424	0	0
46.9	-3.986	-2.32	-3.06	0	0
47	-1.219	-5.406	-1.656	0	0
47.1	-5.467	-4.231	-2.081	0	0
47.2	-0.9202	-4.381	-4.438	0	0
47.3	-3.26	-3.816	-0.7737	0	0
47.4	-1.106	-4.765	-0.8708	0	0
47.5	-1.046	-3.291	-5.022	0	0
47.6	-2.847	-5.414	-2.588	0	0
47.7	-2.97	-1.793	-1.304	0	0
47.8	-4.995	-5.086	-1.348	0	0
47.9	-3.285	-0.972	-2.403	0	0
48	-2.58	-5.266	-1.365	0	0
48.1	-4.145	-1.092	-5.214	0	0
48.2	-1.118	-3.693	-3.588	0	0
48.3	-4.472	-1.383	-1.357	0	0
48.4	-3.162	-2.304	-4.699	0	0
48.5	-5.625	-1.681	-5.262	0	0
48.6	-5.385	-3.701	-1.623	0	0
48.7	-1.235	-5.589	-5.091	0	0
48.8	-4.665	-1.977	-1.284	0	0
48.9	-5.616	-5.028	-3.458	0	0
49	-5.68	-1.856	-1.921	0	0
49.1	-2.847	-4.395	-3.939	0	0
49.2	-4.454	-4.718	-2.381	0	0
49.3	-3.338	-2.898	-3.292	0	0
49.4	-5.665	-4.516	-0.8124	0	0
49.5	-4.706	-5.309	-0.7918	0	0
49.6	-3.257	-2.342	-4.781	0	0
49.7	-5.505	-4.054	-4.319	0	0
49.8	-0.9931	-0.9561	-2.708	0	0
49.9	-4.744	-2.812	-4.164	0	0
50	-1.156	-4.293	-5.171	0	0
50.1	-5.01	-3.122	-4.613	0	0
50.2	-5.514	-0.8971	-2.514	0	0
50.3	-5.396	-2.855	-4.476	0	0
50.4	-5.471	-3.284	-0.9621	0	0
50.5	-2.751	-4.198	-3.636	0	0
50.6	-4.837	-0.8888	-1.757	0	0
50.7	-3.337	-4.833	-1.554	0	0
50.8	-5.587	-4.974	-2.255	0	0
50.9	-2.596	-4.003	-4.969	0	0
51	-4.345	-2.282	-3.025	0	0
51.1	-5.237	-1.197	-1.308	0	0
51.2	-1.013	-2.544	-3.747	0	0
51.3	-4.836	-3.351	-1.111	0	0
51.4	-3.286	-3.026	-4.985	0	0
51.5	-4.284	-2.131	-5.146	0	0
51.6	-5.172	-3.758	-1.683	0	0
51.7	-3.171	-4.821	-5.228	0	0
51.8	-5.695	-2.073	-5.276	0	0
51.9	-1.44	-2.071	-2.612	0	0
52	-5.357	-2.487	-0.8753	0	0
52.1	-1.083	-2.122	-3.801	0	0
52.2	-1.285	-3.83	-0.7805	0	0
52.3	-5.346	-1.781	-4.895	0	0
52.4	-2.748	-3.373	-5.304	0	0
52.5	-5.702	-1.409	-0.9641	0	0
52.6	-4.327	-4.706	-1.122	0	0
52.7	-5.617	-5.368	-4.635	0	0
52.8	-5.402	-1.064	-4.082	0	0
52.9	-1.3	-5.011	-3.635	0	0
53	-4.148	-5.521	-2.715	0	0
53.1	-1.048	-2.152	-4.573	0	0
53.2	-5.724	-5.169	-1.159	0	0
53.3	-4.742	-1.303	-3.848	0	0
53.4	-5.675	-1.23	-2.274	0	0
53.5	-5.355	-0.8774	-3.661	0	0
53.6	-4.04	-3.412	-2.87	0	0
53.7	-3.203	-0.8946	-1.616	0	0
53.8	-4.705	-4.782	-1.08	0	0
53.9	-5.701	-4.665	-3.172	0	0
54	-3.623	-4.762	-0.8364	0	0
54.1	-3.164	-4.502	-4.176	0	0
54.2	-1.933	-4.593	-1.576	0	0
54.3	-5.727	-2.06	-0.7945	0	0
54.4	-5.168	-1.122	-4.982	0	0
54.5	-2.121	-5.553	-3.284	0	0
54.6	-5.125	-2.251	-1.752	0	0
54.7	-5.535	-0.9089	-2.249	0	0
54.8	-5.163	-1.626	-5.072	0	0
54.9	-1.229	-0.9729	-5.119	0	0
55	-3.041	-3.382	-2.34	0	0
55.1	-2.601	-5.295	-2.696	0	0
55.2	-1.16	-5.152	-5.313	0	0
55.3	-2.816	-1.583	-1.341	0	0
55.4	-2.664	-5.516	-2.303	0	0
55.5	-3.408	-1.643	-1.102	0	0
55.6	-5.606	-0.9256	-3.505	0	0
55.7	-3.025	-5.285	-2.226	0	0
55.8	-1.079	-3.423	-0.7305	0	0
55.9	-2.821	-5.351	-4.428	0	0
56	-2.08	-2.996	-0.6929	0	0
56.1	-5.226	-1.074	-0.7785	0	0
56.2	-3.782	-4.469	-3.278	0	0
56.3	-0.9508	-4.884	-5.251	0	0
56.4	-4.943	-1.918	-3.318	0	0
56.5	-1.291	-5.14	-5.313	0	0
56.6	-5.695	-1.956	-1.523	0	0
56.7	-1.627	-2.929	-0.8259	0	0
56.8	-2.069	-5.438	-2.478	0	0
56.9	-1.461	-5.514	-1.251	0	0
57	-0.9307	-4.048	-0.926	0	0
57.1	-5.735	-0.8808	-2.33	0	0
57.2	-2.629	-5.141	-2.786	0	0
57.3	-3.299	-3.274	-0.7426	0	0
57.4	-4.387	-4.283	-0.7035	0	0
57.5	-4.279	-1.464	-3.764	0	0
57.6	-2.857	-4.021	-2.598	0	0
57.7	-5.745	-2.319	-5.316	0	0
57.8	-2.592	-3.69	-4.248	0	0
57.9	-1.211	-3.482	-4.391	0	0
58	-1.124	-3.591	-0.9441	0	0
58.1	-0.918	-1.61	-1.625	0	0
58.2	-0.9167	-1.467	-1.119	0	0
58.3	-5.248	-3.532	-5.28	0	0
58.4	-1.077	-5.341	-0.9973	0	0
58.5	-5.261	-0.9072	-3.056	0	0
58.6	-5.01	-0.9227	-4.445	0	0
58.7	-3.497	-2.693	-5.112	0	0
58.8	-1.904	-3.025	-2.821	0	0
58.9	-3.426	-5.557	-1.938	0	0
59	-5.139	-2.241	-5.097	0	0
59.1	-2.175	-3.512	-0.7344	0	0
59.2	-2.757	-5.255	-5.166	0	0
59.3	-5.3	-1.074	-0.7943	0	0
59.4	-3.913	-2.41	-1.844	0	0
59.5	-4.744	-3.635	-5.13	0	0
59.6	-2.165	-4.649	-2.873	0	0
59.7	-3.693	-1.898	-2.081	0	0
59.8	-5.717	-1.809	-0.7219	0	0
59.9	-1.599	-5.112	-5.271	0	0
60	-4.444	-0.9439	-5.024	0	0
60.1	-2.236	-4.928	-1.22	0	0
60.2	-2.164	-2.956	-1.209	0	0
60.3	-1.05	-3.249	-4.803	0	0
60.4	-2.295	-4.972	-0.9956	0	0
60.5	-3.255	-2.607	-4.75	0	0
60.6	-4.121	-0.8755	-3.047	0	0
60.7	-5.649	-1.001	-4.401	0	0
60.8	-2.649	-1.041	-2.934	0	0
60.9	-1.014	-1.921	-4.537	0	0
61	-1.735	-3.987	-4.663	0	0
61.1	-0.874	-2.065	-5.275	0	0
61.2	-3.11	-0.8508	-1.257	0	0
61.3	-3.713	-5.58	-5.323	0	0
61.4	-1.425	-0.8954	-5.33	0	0
61.5	-5.65	-0.9502	-5.233	0	0
61.6	-4.975	-3.795	-1.439	0	0
61.7	-1.203	-2.984	-5.113	0	0
61.8	-4.132	-1.718	-3.342	0	0
61.9	-4.89	-5.376	-4.566	0	0
62	-1.044	-5.604	-1.576	0	0
62.1	-5.627	-5.262	-2.174	0	0
62.2	-3.295	-3.131	-3.951	0	0
62.3	-5.368	-0.9008	-1.581	0	0
62.4	-1.94	-5.276	-2.821	0	0
62.5	-2.705	-5.287	-4.061	0	0
62.6	-2.113	-4.779	-5.332	0	0
62.7	-1.627	-1.847	-5.276	0	0
62.8	-2.054	-0.8932	-1.044	0	0
62.9	-0.9524	-3.619	-2.377	0	0
63	-5.164	-2.638	-5.025	0	0
63.1	-3.397	-0.8879	-0.9899	0	0
63.2	-0.8814	-5.36	-3.699	0	0
63.3	-0.9235	-4.925	-2.018	0	0
63.4	-4.982	-5.493	-4.107	0	0
63.5	-1.454	-5.097	-5.247	0	0
63.6	-1.055	-0.8796	-5.147	0	0
63.7	-1.901	-4.373	-1.483	0	0
63.8	-3.719	-2.355	-4.906	0	0
63.9	-5.493	-3.576	-0.8671	0	0
64	-1.98	-5.095	-4.995	0	0
64.1	-1.593	-1.038	-5.264	0	0
64.2	-3.978	-2.684	-1.833	0	0
64.3	-2.111	-3.188	-1.55	0	0
64.4	-4.892	-5.479	-1.151	0	0
64.5	-4.844	-1.774	-2.763	0	0
64.6	-1.148	-2.087	-1.492	0	0
64.7	-5.665	-4.121	-1.595	0	0
64.8	-0.9711	-3.771	-2.09	0	0
64.9	-1.37	-5.223	-3.183	0	0
65	-5.49	-1.383	-1.542	0	0
65.1	-4.945	-5.512	-2.933	0	0
65.2	-2.293	-1.44	-0.9317	0	0
65.3	-1.715	-3.903	-0.9103	0	0
65.4	-1.247	-5.333	-4.091	0	0
65.5	-1.007	-0.9369	-1.539	0	0
65.6	-4.17	-5.446	-0.8229	0	0
65.7	-2.277	-3.269	-0.9181	0	0
65.8	-0.9425	-5.403	-2.974	0	0
65.9	-1.024	-1.237	-2.933	0	0
66	-1.047	-5.5	-4.161	0	0
66.1	-3.005	-5.077	-3.408	0	0
66.2	-5.258	-3.914	-2.132	0	0
66.3	-1.244	-4.361	-4.67	0	0
66.4	-1.212	-5.482	-5.199	0	0
66.5	-1.015	-2.623	-4.733	0	0
66.6	-5.048	-2.385	-1.528	0	0
66.7	-0.9352	-5.553	-1.187	0	0
66.8	-3.224	-1.279	-2.285	0	0
66.9	-1.089	-3.545	-0.6753	0	0
67	-1.1	-1.074	-4.504	0	0
67.1	-4.087	-3.293	-0.8468	0	0
67.2	-1.044	-1.414	-5.23	0	0
67.3	-3.771	-3.498	-3.466	0	0
67.4	-1.327	-3.58	-3.036	0	0
67.5	-4.822	-0.9486	-0.8921	0	0
67.6	-1.343	-1.558	-5.173	0	0
67.7	-2.928	-1.203	-1.594	0	0
67.8	-3.777	-4.693	-0.8331	0	0
67.9	-5.62	-4.486	-3.886	0	0
68	-3.22	-1.395	-3.198	0	0
68.1	-1.022	-2.851	-3.863	0	0
68.2	-5.116	-4.741	-4.948	0	0
68.3	-1.183	-5.496	-3.787	0	0
68.4	-5.381	-0.9339	-3.671	0	0
68.5	-4.352	-5.443	-5.249	0	0
68.6	-1.403	-5.124	-1.532	0	0
68.7	-5.325	-5.167	-3.476	0	0
68.8	-1.332	-3.628	-1.98	0	0
68.9	-5.228	-0.8992	-1.505	0	0
69	-0.9365	-4.388	-2.848	0	0
69.1	-3.564	-2.96	-5.288	0	0
69.2	-4.071	-0.9339	-0.8377	0	0
69.3	-3.466	-3.043	-4.473	0	0
69.4	-3.401	-2.527	-3.467	0	0
69.5	-3.39	-3.513	-0.9113	0	0
69.6	-1.186	-4.665	-3.422	0	0
69.7	-1.665	-3.795	-1.238	0	0
69.8	-4.449	-4.98	-1.368	0	0
69.9	-5.129	-2.53	-2.578	0	0
70	-4.277	-3.565	-5.241	0	0
70.1	-4.837	-0.7933	-2.625	0	0
70.2	-4.36	-0.9155	-4.898	0	0
70.3	-1.028	-4.912	-5.031	0	0
70.4	-4.134	-1.307	-2.072	0	0
70.5	-5.449	-5.207	-3.766	0	0
70.6	-4.207	-2.786	-4.974	0	0
70.7	-1.04	-4.611	-5.15	0	0
70.8	-5.593	-3.988	-1.932	0	0
70.9	-2.476	-3.473	-1.778	0	0
71	-4.695	-4.645	-2.99	0	0
71.1	-5.257	-1.608	-4.507	0	0
71.2	-5.368	-1.599	-2.951	0	0
71.3	-5.408	-5.184	-4.152	0	0
71.4	-2.771	-1.291	-1.825	0	0
71.5	-2.222	-2.795	-1.068	0	0
71.6	-3.89	-1.721	-2.814	0	0
71.7	-2.225	-0.8902	-1.45	0	0
71.8	-5.4	-3.982	-1.424	0	0
71.9	-3.98	-1.256	-2.323	0	0
72	-5.011	-5.228	-2.819	0	0
72.1	-5.623	-4.786	-0.8874	0	0
72.2	-1.157	-2.296	-5.219	0	0
72.3	-1.321	-5.289	-1.226	0	0
72.4	-0.9039	-2.913	-4.922	0	0
72.5	-2.11	-4.169	-2.752	0	0
72.6	-3.319	-1.174	-3.306	0	0
72.7	-0.9808	-2.94	-1.463	0	0
72.8	-5.458	-3.992	-2.904	0	0
72.9	-5.445	-2.044	-1.579	0	0
73	-4.214	-2.063	-2.093	0	0
73.1	-5.585	-2.157	-3.524	0	0
73.2	-1.033	-1.833	-4.673	0	0
73.3	-2.259	-3.593	-4.552	0	0
73.4	-5.064	-1.064	-2.614	0	0
73.5	-1.299	-1.603	-5.044	0	0
73.6	-1.398	-4.643	-4.356	0	0
73.7	-3.017	-3.493	-2.844	0	0
73.8	-1.144	-1.041	-5.232	0	0
73.9	-5.572	-5.534	-1.988	0	0
74	-1.204	-2.967	-1.589	0	0
74.1	-1.225	-1.611	-2.573	0	0
74.2	-2.173	-0.8635	-1.04	0	0
74.3	-5.335	-2.903	-3.773	0	0
74.4	-4.052	-1.206	-0.8285	0	0
74.5	-5.207	-1.42	-2.808	0	0
74.6	-4.321	-2.19	-4.701	0	0
74.7	-4.598	-2.229	-0.8096	0	0
74.8	-3.141	-4.939	-0.7868	0	0
74.9	-4.912	-1.467	-0.9808	0	0
75	-1.971	-5.117	-4.386	0	0
75.1	-3.57	-2.056	-5.026	0	0
75.2	-3.188	-1.594	-4.954	0	0
75.3	-1.144	-0.8854	-3.899	0	0
75.4	-5.543	-3.464	-1.393	0	0
75.5	-0.9786	-4.887	-3.081	0	0
75.6	-4.78	-0.9324	-3.333	0	0
75.7	-3.95	-3.849	-3.66	0	0
75.8	-5.477	-4.592	-3.297	0	0
75.9	-4.493	-5.377	-3.437	0	0
76	-5.516	-4.807	-4.295	0	0
76.1	-4.842	-3.76	-3.499	0	0
76.2	-1.393	-3.549	-3.356	0	0
76.3	-1.152	-0.8499	-3.534	0	0
76.4	-4.798	-3.443	-3.963	0	0
76.5	-5.582	-0.8771	-0.661	0	0
76.6	-5.229	-3.725	-2.932	0	0
76.7	-1.937	-5.442	-1.491	0	0
76.8	-2.625	-1.529	-4.416	0	0
76.9	-4.15	-2.9	-2.084	0	0
77	-3.895	-5.219	-1.217	0	0
77.1	-0.9791	-2.649	-0.9831	0	0
77.2	-3.503	-0.8742	-1.811	0	0
77.3	-5.661	-5.421	-1.613	0	0
77.4	-2.333	-5.482	-3.415	0	0
77.5	-3.82	-3.891	-1.141	0	0
77.6	-5.652	-4.35	-2.039	0	0
77.7	-1.18	-5.302	-5.098	0	0
77.8	-0.9338	-1.195	-4.723	0	0
77.9	-2.556	-1.776	-4.13	0	0
78	-0.9493	-4.024	-5.195	0	0
78.1	-5.519	-4.657	-3.907	0	0
78.2	-3.995	-1.077	-5.1	0	0
78.3	-5.652	-1.239	-2.398	0	0
78.4	-5.657	-0.9993	-1.797	0	0
78.5	-5.164	-1.695	-1.009	0	0
78.6	-4.934	-3.999	-0.7911	0	0
78.7	-3.707	-5.129	-0.9414	0	0
78.8	-5.496	-4.39	-2.374	0	0
78.9	-4.941	-0.9907	-2.142	0	0
79	-1.398	-5.538	-0.9508	0	0
79.1	-2.54	-2.337	-5.152	0	0
79.2	-1.007	-0.8602	-2.709	0	0
79.3	-5.619	-5.112	-1.627	0	0
79.4	-5.599	-5.347	-2.81	0	0
79.5	-3.89	-2.15	-3.324	0	0
79.6	-3.097	-5.1	-2.298	0	0
79.7	-3.562	-2.392	-0.9705	0	0
79.8	-4.791	-5.543	-4.183	0	0
79.9	-3.134	-2.17	-0.8685	0	0
80	-1.07	-3.45	-3.003	0	0
80.1	-5.158	-1.474	-4.657	0	0
80.2	-4.739	-5.313	-5.215	0	0
80.3	-2.563	-2.887	-2.596	0	0
80.4	-3.702	-2.45	-4.468	0	0
80.5	-4.691	-1.9	-2.586	0	0
80.6	-3.82	-4.309	-3.18	0	0
80.7	-2.818	-3.815	-3.403	0	0
80.8	-5.168	-0.8919	-5.103	0	0
80.9	-0.9822	-4.122	-4.901	0	0
81	-1.128	-3.68	-2.235	0	0
81.1	-5.509	-1.052	-0.8337	0	0
81.2	-2.246	-1.586	-4.26	0	0
81.3	-3.866	-1.021	-1.298	0	0
81.4	-5.486	-3.064	-5.054	0	0
81.5	-0.9636	-1.39	-1.117	0	0
81.6	-3.945	-2.158	-1.29	0	0
81.7	-1.012	-5.453	-2.674	0	0
81.8	-2.077	-4.153	-5.28	0	0
81.9	-1.552	-1.604	-5.133	0	0
82	-1.195	-4.975	-3.57	0	0
82.1	-5.386	-2.161	-0.9148	0	0
82.2	-2.865	-4.34	-3.261	0	0
82.3	-4.226	-0.9231	-3.085	0	0
82.4	-1.668	-1.123	-4.752	0	0
82.5	-5.26	-5.219	-1.273	0	0
82.6	-3.515	-2.074	-0.8517	0	0
82.7	-1.15	-4.92	-2.535	0	0
82.8	-5.109	-5.003	-2.562	0	0
82.9	-2.647	-4.604	-0.823	0	0
83	-1.154	-5.323	-5.292	0	0
83.1	-2.242	-2.674	-5.278	0	0
83.2	-5.458	-5.193	-2.94	0	0
83.3	-2.974	-4.519	-1.195	0	0
83.4	-0.9977	-5.48	-2.659	0	0
83.5	-4.411	-0.989	-0.9604	0	0
83.6	-1.723	-3.846	-2.14	0	0
83.7	-2.128	-1.016	-4.003	0	0
83.8	-1.507	-4.635	-1.385	0	0
83.9	-2.759	-3.218	-1.696	0	0
84	-1.955	-5.286	-2.034	0	0
84.1	-1.177	-2.756	-5.094	0	0
84.2	-0.9573	-3.022	-3.542	0	0
84.3	-1.115	-2.549	-2.282	0	0
84.4	-1.078	-3.017	-3.687	0	0
84.5	-1.535	-0.9999	-0.7535	0	0
84.6	-1.584	-1.436	-3.763	0	0
84.7	-3.639	-5.189	-5.354	0	0
84.8	-1.606	-2.651	-1.068	0	0
84.9	-2.916	-4.106	-1.009	0	0
85	-3.725	-4.802	-4.917	0	0
85.1	-1.096	-1.502	-0.8736	0	0
85.2	-4.1	-1.288	-1.888	0	0
85.3	-5.083	-5.493	-5.101	0	0
85.4	-4.665	-1.467	-4.1	0	0
85.5	-1.336	-1.089	-4.953	0	0
85.6	-3.796	-2.101	-1.086	0	0
85.7	-5.009	-1.471	-4.015	0	0
85.8	-2.026	-0.9403	-4.62	0	0
85.9	-5.605	-3.346	-0.8222	0	0
86	-4.772	-4.534	-1.538	0	0
86.1	-3.899	-4.272	-1.416	0	0
86.2	-5.036	-5.493	-5.266	0	0
86.3	-4.191	-4.837	-4.517	0	0
86.4	-1.898	-1.586	-3.325	0	0
86.5	-4.168	-0.8834	-1.822	0	0
86.6	-1.207	-4.148	-0.8546	0	0
86.7	-2.587	-4.053	-3.709	0	0
86.8	-3.79	-5.465	-2.622	0	0
86.9	-5.537	-5.011	-1.549	0	0
87	-5.661	-1.988	-4.871	0	0
87.1	-4.598	-2.809	-5.275	0	0
87.2	-2.55	-1.323	-4.75	0	0
87.3	-2.019	-0.8364	-1.896	0	0
87.4	-5.66	-1.36	-1.526	0	0
87.5	-3.803	-1.048	-5.003	0	0
87.6	-5.663	-2.094	-3.779	0	0
87.7	-3.692	-3.387	-0.7919	0	0
87.8	-2.388	-1.239	-5.128	0	0
87.9	-4.937	-2.871	-1.47	0	0
88	-4.465	-0.8664	-3.605	0	0
88.1	-0.9287	-3.572	-3.754	0	0
88.2	-1.461	-4.802	-3.659	0	0
88.3	-1.001	-0.818	-0.902	0	0
88.4	-4.081	-0.8566	-1.482	0	0
88.5	-5.64	-4.98	-2.084	0	0
88.6	-5.331	-0.8527	-2.771	0	0
88.7	-4.473	-2.541	-0.9033	0	0
88.8	-0.896	-5.394	-3.421	0	0
88.9	-4.279	-0.966	-0.8446	0	0
89	-3.527	-5.479	-3.404	0	0
89.1	-2.604	-4.137	-2.222	0	0
89.2	-4.255	-2.689	-4.741	0	0
89.3	-5.572	-5.075	-4.621	0	0
89.4	-3.999	-4.596	-4.883	0	0
89.5	-5.478	-5.094	-5.272	0	0
89.6	-1.174	-1.011	-0.9242	0	0
89.7	-3.511	-4.437	-2.622	0	0
89.8	-5.651	-2.951	-1.403	0	0
89.9	-2.658	-3.386	-0.8616	0	0
90	-4.834	-4.921	-2.288	0	0
90.1	-1.472	-5.016	-1.406	0	0
90.2	-5.57	-4.627	-3.014	0	0
90.3	-4.862	-2.588	-1.051	0	0
90.4	-1.949	-4.836	-2.322	0	0
90.5	-1.312	-1.006	-3.309	0	0
90.6	-0.9658	-0.8619	-5.266	0	0
90.7	-2.4	-0.8951	-1.459	0	0
90.8	-1.015	-4.509	-4.512	0	0
90.9	-1.816	-5.45	-1.664	0	0
91	-5.474	-1.758	-0.8488	0	0
91.1	-5.573	-0.8562	-3.077	0	0
91.2	-1.584	-4.419	-1.407	0	0
91.3	-5.087	-3.821	-0.9193	0	0
91.4	-4.944	-0.8321	-2.661	0	0
91.5	-5.442	-4.426	-1.7	0	0
91.6	-1.182	-2.594	-4.009	0	0
91.7	-4.476	-5.415	-1.76	0	0
91.8	-3.715	-3.144	-5.296	0	0
91.9	-1.033	-4.976	-2.887	0	0
92	-4.388	-3.368	-4.196	0	0
92.1	-5.661	-1.071	-1.468	0	0
92.2	-1.258	-0.8529	-5.174	0	0
92.3	-0.9352	-1.924	-0.9802	0	0
92.4	-5.558	-5.327	-0.8237	0	0
92.5	-5.207	-1.846	-4.902	0	0
92.6	-4.041	-4.891	-4.736	0	0
92.7	-1.139	-0.9164	-3.902	0	0
92.8	-1.744	-4.934	-4.813	0	0
92.9	-5.441	-2.044	-2.132	0	0
93	-4.733	-5.159	-5.372	0	0
93.1	-4.7	-3.961	-1.672	0	0
93.2	-1.009	-4.939	-4.844	0	0
93.3	-1.62	-5.241	-4.468	0	0
93.4	-1.768	-1.302	-5.022	0	0
93.5	-4.813	-3.099	-4.131	0	0
93.6	-1.31	-5.209	-2.379	0	0
93.7	-2.976	-0.8641	-3.393	0	0
93.8	-2.362	-0.8479	-3.521	0	0
93.9	-0.9038	-3.012	-2.26	0	0
94	-1.309	-4.714	-3.084	0	0
94.1	-5.66	-5.492	-1.784	0	0
94.2	-1.737	-5.482	-3.814	0	0
94.3	-5.028	-1.026	-0.96	0	0
94.4	-0.9321	-2.125	-1.313	0	0
94.5	-1.073	-3.855	-5.345	0	0
94.6	-3.453	-2.645	-5.204	0	0
94.7	-4.996	-2.818	-4.822	0	0
94.8	-2.799	-1.664	-4.332	0	0
94.9	-1.425	-2.398	-1.991	0	0
95	-1.521	-4.828	-5.281	0	0
95.1	-5.676	-4.695	-4.987	0	0
95.2	-3.262	-5.151	-4.334	0	0
95.3	-5.181	-0.9275	-3.694	0	0
95.4	-1.709	-1.815	-5.37	0	0
95.5	-1.256	-4.876	-3.616	0	0
95.6	-1.843	-4.785	-3.712	0	0
95.7	-2.824	-2.196	-5.325	0	0
95.8	-1.3	-2.653	-3.51	0	0
95.9	-1.317	-5.443	-1.082	0	0
96	-3.188	-4.578	-4.731	0	0
96.1	-5.613	-4.327	-3.704	0	0
96.2	-3.281	-4.805	-4.873	0	0
96.3	-3.685	-5.24	-2.678	0	0
96.4	-5.551	-3.092	-4.259	0	0
96.5	-5.044	-1.117	-0.8743	0	0
96.6	-4.286	-0.8681	-5.327	0	0
96.7	-0.9333	-1.176	-3.93	0	0
96.8	-4.703	-2.91	-5.309	0	0
96.9	-2.334	-2.89	-1.134	0	0
97	-1.4	-2.834	-3.585	0	0
97.1	-5.61	-1.402	-2.856	0	0
97.2	-1.251	-0.952	-5.213	0	0
97.3	-2.708	-3.517	-5.368	0	0
97.4	-4.26	-2.425	-1.479	0	0
97.5	-5.627	-2.259	-3.008	0	0
97.6	-1.232	-4.423	-3.305	0	0
97.7	-2.428	-2.057	-4.372	0	0
97.8	-2.98	-1.35	-2.22	0	0
97.9	-1.202	-3.421	-3.137	0	0
98	-1.206	-0.8718	-4.705	0	0
98.1	-5.427	-5.236	-1.464	0	0
98.2	-2.816	-4.112	-2.345	0	0
98.3	-4.691	-0.8297	-3.463	0	0
98.4	-1.398	-1.205	-1.715	0	0
98.5	-4.907	-4.951	-0.7491	0	0
98.6	-0.9327	-1.054	-5.354	0	0
98.7	-3.401	-5.476	-0.7827	0	0
98.8	-4.816	-0.8163	-2.197	0	0
98.9	-1.602	-3.523	-3.891	0	0
99	-3.017	-4.833	-3.71	0	0
99.1	-2.515	-4.788	-0.7709	0	0
99.2	-2.158	-4.478	-3.56	0	0
99.3	-5.237	-3.565	-3.212	0	0
99.4	-0.9358	-5.374	-4.594	0	0
99.5	-4.897	-3.538	-1.611	0	0
99.6	-3.349	-3.321	-2.063	0	0
99.7	-1.249	-5.294	-4.451	0	0
99.8	-4.649	-3.025	-3.302	0	0
99.9	-0.9606	-5.492	-5.341	0	0
100	-4.589	-2.73	-1.275	0	0
100.1	-2.061	-2.266	-5.133	0	0
100.2	-1.169	-1.808	-4.798	0	0
100.3	-3.341	-4.23	-0.7552	0	0
100.4	-3.844	-5.495	-5.28	0	0
100.5	-3.128	-1.77	-3.363	0	0
100.6	-3.724	-5.446	-5.114	0	0
100.7	-3.634	-1.139	-4.712	0	0
100.8	-4.563	-5.494	-4.345	0	0
100.9	-1.008	-5.516	-4.105	0	0
101	-5.161	-5.016	-1.285	0	0
101.1	-1.258	-2.942	-2.104	0	0
101.2	-1.69	-3.085	-3.539	0	0
101.3	-5.613	-4.357	-1.028	0	0
101.4	-1.759	-5.357	-2.885	0	0
101.5	-1.026	-0.8706	-5.261	0	0
101.6	-5.597	-1.399	-1.059	0	0
101.7	-5.143	-4.236	-5.358	0	0
101.8	-4.77	-0.9381	-5.109	0	0
101.9	-4.638	-3.544	-1.97	0	0
102	-1.663	-4.67	-4.733	0	0
102.1	-1.469	-1.314	-5.348	0	0
102.2	-4.537	-4.384	-1.197	0	0
102.3	-4.904	-4.718	-1.164	0	0
102.4	-1.654	-5.494	-2.782	0	0
102.5	-4.872	-4.945	-4.474	0	0
102.6	-1.77	-0.7698	-5.303	0	0
102.7	-1.729	-3.27	-3.747	0	0
102.8	-5.622	-2.382	-0.802	0	0
102.9	-5.27	-3.581	-5.146	0	0
103	-1.322	-2.925	-5.337	0	0
103.1	-1.816	-5.416	-3.472	0	0
103.2	-2.192	-0.8615	-1.351	0	0
103.3	-1.54	-3.367	-2.986	0	0
103.4	-5.514	-1.284	-1.123	0	0
103.5	-3.915	-1.344	-0.7687	0	0
103.6	-3.651	-2.234	-5.225	0	0
103.7	-5.606	-1.098	-5.283	0	0
103.8	-5.455	-5.458	-5.326	0	0
103.9	-5.63	-1.319	-1.775	0	0
104	-1.64	-0.8111	-1.533	0	0
104.1	-1.312	-1.297	-2.003	0	0
104.2	-1.775	-0.9091	-1.987	0	0
104.3	-1.619	-1.221	-1.017	0	0
104.4	-3.853	-1.017	-5.248	0	0
104.5	-5.551	-0.9002	-0.7796	0	0
104.6	-1.19	-1.246	-4.208	0	0
104.7	-1.411	-2.749	-5.287	0	0
104.8	-5.637	-5.313	-5.343	0	0
104.9	-3.997	-1.617	-4.24	0	0
105	-0.9488	-1.388	-3.344	0	0
105.1	-1.041	-5.34	-5.316	0	0
105.2	-1.685	-0.7419	-4.493	0	0
105.3	-4.728	-4.775	-5.253	0	0
105.4	-3.08	-4.363	-5.254	0	0
105.5	-1.071	-4.877	-4.575	0	0
105.6	-1.203	-4.377	-5.016	0	0
105.7	-1.857	-0.8168	-3.084	0	0
105.8	-1.102	-3.525	-0.8814	0	0
105.9	-2.312	-5.022	-2.757	0	0
106	-5.655	-5.476	-1.307	0	0
106.1	-3.111	-5.489	-1.708	0	0
106.2	-1.773	-0.766	-3.059	0	0
106.3	-3.853	-4.542	-4.503	0	0
106.4	-1.275	-5.189	-5.372	0	0
106.5	-1.848	-5.478	-4.441	0	0
106.6	-4.551	-1.832	-3.492	0	0
106.7	-4.389	-5.508	-2.334	0	0
106.8	-1.581	-1.33	-1.725	0	0
106.9	-2.704	-5.548	-4.76	0	0
107	-4.458	-1.452	-5.204	0	0
107.1	-5.328	-3.121	-0.7538	0	0
107.2	-1.871	-3.118	-1.234	0	0
107.3	-1.044	-2.145	-5.044	0	0
107.4	-2.925	-1.746	-1.039	0	0
107.5	-1.001	-5.532	-3.147	0	0
107.6	-2.816	-3.979	-0.7347	0	0
107.7	-1.334	-2.644	-3.503	0	0
107.8	-5.564	-0.8938	-4.325	0	0
107.9	-1.309	-3.513	-1.491	0	0
108	-2.647	-4.222	-2.915	0	0
108.1	-3.948	-2.033	-3.017	0	0
108.2	-5.448	-0.9264	-4.298	0	0
108.3	-5.493	-1.242	-5.027	0	0
108.4	-4.494	-5.534	-0.8014	0	0
108.5	-5.05	-1.178	-3.531	0	0
108.6	-4.778	-1.626	-2.339	0	0
108.7	-3.409	-1.325	-4.785	0	0
108.8	-5.314	-0.7758	-1.275	0	0
108.9	-5.066	-5.524	-4.718	0	0
109	-5.591	-5.514	-3.342	0	0
109.1	-3.427	-4.938	-1.767	0	0
109.2	-4.943	-5.539	-4.145	0	0
109.3	-1.366	-5.406	-5.364	0	0
109.4	-5.38	-1.545	-0.7624	0	0
109.5	-1.241	-3.785	-1.118	0	0
109.6	-1.226	-1.813	-4.273	0	0
109.7	-3.59	-2.483	-5.171	0	0
109.8	-5.577	-2.57	-1.956	0	0
109.9	-1.26	-5.333	-5.107	0	0
110	-5.428	-5.498	-0.8197	0	0
110.1	-5.404	-5.028	-2.199	0	0
110.2	-1.978	-2.753	-5.276	0	0
110.3	-4.859	-3.887	-1.473	0	0
110.4	-4.934	-5.318	-3.087	0	0
110.5	-5.581	-1.502	-1.018	0	0
110.6	-5.414	-0.7984	-5.008	0	0
110.7	-4.899	-4.697	-4.877	0	0
110.8	-2.728	-2.098	-4.237	0	0
110.9	-1.952	-5.465	-4.638	0	0
111	-4.811	-2.744	-0.8151	0	0
111.1	-4.268	-4.641	-2.246	0	0
111.2	-5.511	-4.048	-3.341	0	0
111.3	-5.321	-1.013	-0.9786	0	0
111.4	-0.9814	-4.696	-5.247	0	0
111.5	-5.392	-0.9702	-4.213	0	0
111.6	-1.342	-5.462	-1.838	0	0
111.7	-4.224	-2.566	-5.36	0	0
111.8	-5.565	-5.516	-2.804	0	0
111.9	-2.618	-5.07	-1.433	0	0
112	-1.363	-4.926	-0.8278	0	0
112.1	-4.927	-4.713	-5.382	0	0
112.2	-4.414	-1.774	-4.274	0	0
112.3	-2.607	-5.18	-5.333	0	0
112.4	-1.606	-4.797	-2.369	0	0
112.5	-5.604	-1.51	-4.428	0	0
112.6	-1.448	-1.32	-0.9113	0	0
112.7	-3.442	-0.9916	-4.603	0	0
112.8	-1.31	-3.253	-5.338	0	0
112.9	-5.246	-4.611	-4.513	0	0
113	-1.813	-4.881	-3.1	0	0
113.1	-4.494	-1.126	-4.97	0	0
113.2	-3.933	-1.443	-5.13	0	0
113.3	-1.068	-5.43	-2.64	0	0
113.4	-5.482	-4.426	-1.8	0	0
113.5	-0.9653	-4.965	-0.831	0	0
113.6	-1.158	-5.375	-1.722	0	0
113.7	-1.2	-1.886	-0.9894	0	0
113.8	-2.029	-2.895	-2.803	0	0
113.9	-4.491	-0.9855	-3.84	0	0
114	-1.963	-5.277	-1.101	0	0
114.1	-1.086	-1.086	-1.084	0	0
114.2	-5.547	-1.67	-4.447	0	0
114.3	-1.24	-1.632	-4.713	0	0
114.4	-5.119	-0.7925	-2.562	0	0
114.5	-1.264	-4.882	-0.8471	0	0
114.6	-5.698	-5.459	-4.627	0	0
114.7	-3.182	-4.59	-5.142	0	0
114.8	-1.161	-1.841	-2.06	0	0
114.9	-2.305	-4.855	-3.664	0	0
115	-4.89	-3.208	-1.91	0	0
115.1	-3.616	-4.373	-0.8574	0	0
115.2	-4.386	-1.765	-5.189	0	0
115.3	-1.232	-5.227	-1.378	0	0
115.4	-2.1	-2.249	-0.7359	0	0
115.5	-2.807	-3.263	-4.219	0	0
115.6	-1.469	-2.55	-1.362	0	0
115.7	-1.735	-4.047	-0.9247	0	0
115.8	-1.286	-3.472	-3.288	0	0
115.9	-2.246	-0.8528	-1.024	0	0
116	-4.913	-4.242	-0.7233	0	0
116.1	-1.359	-3.672	-1.973	0	0
116.2	-4.833	-2.94	-2.924	0	0
116.3	-4.742	-2.487	-3.387	0	0
116.4	-4.837	-1.23	-1.774	0	0
116.5	-1.856	-3.364	-0.7827	0	0
116.6	-3.959	-3.07	-2.387	0	0
116.7	-1.448	-4.923	-2.362	0	0
116.8	-1.201	-3.221	-1.184	0	0
116.9	-3.022	-0.7705	-5.335	0	0
117	-0.9725	-5.44	-5.362	0	0
117.1	-4.515	-3.625	-4.971	0	0
117.2	-5.299	-4.642	-2.872	0	0
117.3	-5.552	-4.407	-1.415	0	0
117.4	-5.582	-4.165	-5.217	0	0
117.5	-5.428	-2.046	-4.626	0	0
117.6	-3.22	-5.365	-4.504	0	0
117.7	-2.112	-1.26	-1.41	0	0
117.8	-5.055	-5.392	-5.335	0	0
117.9	-2.756	-5.29	-0.7467	0	0
118	-2.295	-5.341	-0.8875	0	0
118.1	-5.555	-4.614	-2.082	0	0
118.2	-1.788	-2.857	-5.28	0	0
118.3	-5.187	-1.09	-3.201	0	0
118.4	-3.76	-1.136	-1.515	0	0
118.5	-4.855	-4.732	-1.244	0	0
118.6	-5.222	-5.441	-4.938	0	0
118.7	-4.418	-0.803	-0.9218	0	0
118.8	-4.27	-4.857	-3.104	0	0
118.9	-5.464	-2.711	-5.208	0	0
119	-1.637	-4.06	-4.446	0	0
119.1	-5.516	-4.164	-3.152	0	0
119.2	-5.259	-0.7931	-4.207	0	0
119.3	-2.533	-4.22	-5.074	0	0
119.4	-1.019	-5.523	-5.241	0	0
119.5	-2.327	-5.5	-3.484	0	0
119.6	-4.804	-0.8496	-4.2	0	0
119.7	-0.9745	-4.288	-1.617	0	0
119.8	-1.744	-2.273	-1.022	0	0
119.9	-4.484	-5.196	-4.012	0	0
120	-5.394	-4.391	-3.928	0	0
