# SCAN started at: 2019-02-12 09:23:54
# Mass_Scan Elen: _70
# ----------------------------------------
# 
10	-5.724	-3.987	-2.009	-3.039	-3.466
10.1	-5.214	-3.851	-1.673	-4.876	-5.564
10.2	-5.162	-5.052	-1.312	-2.406	-1.265
10.3	-1.55	-3.515	-1.818	-4.061	-0.8809
10.4	-5.794	-1.053	-5.416	-3.393	-1.082
10.5	-1.238	-4.543	-1.002	-2.504	-3.84
10.6	-3.046	-1.413	-2.117	-2.109	-3.275
10.7	-4.533	-2.123	-1.025	-4.351	-1.828
10.8	-3.466	-2.886	-1.062	-5.48	-2.556
10.9	-5.803	-1.937	-0.9234	-5.531	-4.644
11	-5.807	-1.306	-5.564	-3.117	-5.39
11.1	-3.57	-2.627	-5.289	-5.003	-0.8891
11.2	-1.931	-2.293	-5.044	-1.536	-2.103
11.3	-2.287	-3.171	-4.84	-4.721	-1.232
11.4	-5.802	-2.159	-0.9306	-2.319	-5.204
11.5	-2.1	-1.729	-5.586	-0.8941	-5.23
11.6	-4.275	-2.678	-2.803	-3.762	-3.883
11.7	-5.739	-1.493	-4.586	-5.421	-4.644
11.8	-4.815	-4.197	-5.385	-5.065	-4.664
11.9	-5.583	-1.634	-5.49	-1.324	-5.629
12	-2.859	-2.928	-3.36	-3.983	-3.41
12.1	-1.43	-2.945	-5.071	-5.034	-2.402
12.2	-1.268	-5.488	-3.618	-1.539	-5.316
12.3	-1.655	-5.642	-3.934	-1.256	-5.473
12.4	-3.67	-1.235	-1.975	-1.619	-2.747
12.5	-4.092	-1.338	-2.567	-5.501	-5.545
12.6	-5.235	-5.648	-2.343	-4.599	-2.903
12.7	-1.764	-4.641	-1.177	-1.819	-5.628
12.8	-1.522	-4.975	-0.9892	-5.001	-5.647
12.9	-5.664	-1.572	-3.254	-4.957	-2.974
13	-5.599	-1.738	-4.453	-4.5	-3.31
13.1	-5.814	-5.69	-1.896	-1.086	-5.031
13.2	-1.187	-5.662	-3.102	-4.52	-1.698
13.3	-1.134	-1.048	-0.933	-3.992	-4.779
13.4	-5.809	-2.592	-4.757	-1.076	-0.8942
13.5	-3.279	-4.95	-2.505	-1.353	-0.8814
13.6	-2.577	-1.712	-3.849	-1.025	-4.483
13.7	-1.566	-4.462	-5.402	-1.583	-5.601
13.8	-2.54	-1.009	-4.039	-3.925	-5.512
13.9	-4.829	-2.061	-5.036	-0.8903	-2.198
14	-1.546	-2.548	-4.52	-2.984	-2.882
14.1	-5.789	-2.863	-5.596	-2.556	-2.457
14.2	-4.958	-4.584	-5.618	-4.857	-2.182
14.3	-5.819	-5.249	-4.953	-4.261	-4.813
14.4	-1.274	-4.354	-1.091	-4.928	-0.9634
14.5	-5.422	-1.05	-1.329	-1.552	-0.9311
14.6	-1.551	-3.456	-3.606	-2.807	-5.6
14.7	-2.111	-1.134	-5.619	-3.401	-1.256
14.8	-5.406	-5.612	-5.536	-1.094	-4.817
14.9	-3.013	-4.815	-5.193	-5.365	-4.576
15	-1.297	-3.67	-1.591	-1.624	-5.119
15.1	-1.151	-3.162	-4.21	-2.121	-3.122
15.2	-1.187	-5.25	-5.613	-1.251	-2.163
15.3	-4.027	-2	-4.605	-5.559	-1.216
15.4	-1.387	-3.936	-3.26	-2.816	-5.165
15.5	-3.69	-5.064	-0.9553	-2.39	-3.355
15.6	-1.4	-1.407	-5.466	-5.475	-2.263
15.7	-3.244	-5.618	-3.66	-5.536	-0.9158
15.8	-4.444	-5.41	-3.256	-1.228	-0.9107
15.9	-1.238	-2.481	-5.326	-5.554	-1.468
16	-2.493	-4.059	-3.884	-4.602	-3.501
16.1	-1.611	-2.727	-4.768	-2.226	-5.642
16.2	-1.13	-5.085	-3.924	-3.718	-3.947
16.3	-5.008	-2.021	-3.492	-5.291	-4.995
16.4	-5.001	-3.652	-2.178	-3.855	-4.951
16.5	-1.172	-2.413	-4.394	-2.033	-1.593
16.6	-2.748	-4.683	-1.026	-5.314	-1.003
16.7	-3.82	-4.602	-2.219	-1.962	-5.41
16.8	-3.644	-5.591	-2.857	-1.51	-4.913
16.9	-2.965	-5.337	-3.929	-3.45	-3.304
17	-1.556	-2.561	-1.017	-3.073	-0.9185
17.1	-3.711	-5.11	-1.767	-0.9112	-1.38
17.2	-2.333	-5.327	-2.088	-1.551	-1.95
17.3	-2.552	-5.118	-1.228	-4.139	-2.916
17.4	-5.771	-2.083	-1.313	-5.568	-0.8982
17.5	-2.76	-5.236	-4.854	-1.398	-5.281
17.6	-1.465	-3.922	-2.535	-2.175	-2.848
17.7	-3.753	-4.794	-4.249	-5.233	-2.8
17.8	-1.979	-3.208	-4.697	-1.031	-0.9323
17.9	-1.107	-4.591	-4.918	-3.315	-2.429
18	-4.694	-5.37	-5.531	-3.309	-3.754
18.1	-5.603	-4.651	-1.103	-5.484	-3.426
18.2	-2.083	-1.951	-4.327	-1.398	-5.072
18.3	-5.55	-1.174	-2.528	-1.225	-1.188
18.4	-1.426	-4.564	-1.882	-4.653	-5.521
18.5	-5.488	-2.528	-1.287	-2.819	-5.613
18.6	-5.782	-2.652	-4.069	-5.45	-2.056
18.7	-2.5	-1.429	-3.75	-2.442	-4.483
18.8	-4.449	-2.442	-4.707	-1.509	-3.032
18.9	-3.274	-5.648	-3.828	-3.071	-1.152
19	-1.184	-1.204	-1.862	-4.283	-1.84
19.1	-3.168	-5.565	-1.108	-1.721	-3.366
19.2	-1.212	-4.669	-3.845	-4.956	-5.662
19.3	-4.125	-1.415	-5.587	-2.311	-4.099
19.4	-5.448	-3.102	-5.259	-2.787	-1.324
19.5	-5.744	-5.016	-5.461	-5.152	-1.241
19.6	-3.212	-4.067	-1.973	-4.602	-3.702
19.7	-1.688	-4.187	-3.157	-2.255	-5.547
19.8	-3.156	-3.341	-1.072	-3.411	-1.313
19.9	-1.281	-4.604	-4.21	-2.417	-4.21
20	-5.732	-1.637	-2.811	-5.461	-2.795
20.1	-1.914	-2.046	-1.527	-3.106	-4.373
20.2	-3.877	-3.379	-3.83	-1.029	-5.583
20.3	-3.862	-5.61	-2.252	-5.346	-2.532
20.4	-2.536	-1.359	-5.537	-1.225	-3.316
20.5	-3.918	-1.25	-4.651	-0.9195	-4.979
20.6	-3.744	-5.269	-2.363	-2.537	-1.391
20.7	-3.449	-2.252	-4.809	-3.342	-1.896
20.8	-3.389	-1.157	-5.645	-2.153	-1.344
20.9	-3.271	-5.522	-2.014	-0.9239	-5.531
21	-4.029	-1.092	-2.544	-1.985	-5.47
21.1	-5.489	-4.051	-1.04	-1.187	-1.271
21.2	-1.163	-4.884	-1.64	-4.346	-2.569
21.3	-5.728	-4.727	-4.981	-1.187	-1.877
21.4	-1.246	-1.945	-3.069	-3.397	-5.249
21.5	-2.103	-5.472	-4.471	-2.142	-5.426
21.6	-1.16	-1.788	-5.494	-1.685	-2.484
21.7	-1.637	-5.396	-5.622	-1.029	-5.402
21.8	-3.801	-5.619	-3.759	-2.943	-1.003
21.9	-5.706	-2.403	-1.956	-3.425	-2.019
22	-1.081	-3.916	-1.987	-5.538	-5.349
22.1	-3.948	-1.075	-0.9608	-1.73	-3.885
22.2	-5.814	-1.577	-0.9853	-5.45	-0.8704
22.3	-4.862	-4.05	-5.621	-4.018	-5.536
22.4	-1.183	-3.283	-5.505	-2.119	-1.243
22.5	-1.161	-5.479	-5.3	-5.558	-3.622
22.6	-1.492	-3.537	-5.624	-5.308	-0.834
22.7	-2.645	-5.554	-5.585	-1.723	-5.662
22.8	-3.967	-2.062	-5.362	-3.643	-4.133
22.9	-4.314	-1.552	-3.863	-2.004	-3.26
23	-5.748	-1.057	-5.533	-5.5	-1.025
23.1	-1.293	-4.921	-2.139	-5.326	-1.35
23.2	-4.784	-1.051	-5.584	-5.203	-3.274
23.3	-1.123	-1.022	-4.874	-3.215	-2.491
23.4	-1.261	-4.024	-0.9269	-2.561	-5.643
23.5	-2.272	-4.546	-1.082	-5.258	-0.9718
23.6	-1.463	-5.595	-1.288	-3.936	-3.357
23.7	-5.302	-5.609	-5.664	-3.77	-5.611
23.8	-2.836	-5.531	-5.65	-5.327	-3.894
23.9	-1.463	-5.563	-3.945	-5.358	-4.485
24	-5.777	-1.011	-0.9241	-1.646	-3.244
24.1	-1.269	-5.622	-3.773	-2.958	-3.041
24.2	-1.317	-1.103	-1.985	-4.429	-0.8885
24.3	-4.111	-2.099	-1.189	-1.91	-2.365
24.4	-5.694	-3.383	-4.465	-4.254	-1.439
24.5	-2.178	-2.418	-5.585	-1.137	-1.651
24.6	-5.595	-5.063	-5.289	-2.795	-1.375
24.7	-5.58	-3.291	-4.058	-5.134	-0.9722
24.8	-4.695	-1.499	-5.588	-4.703	-5.71
24.9	-5.763	-2.291	-1.981	-5.116	-3.589
25	-3.632	-4.967	-1.946	-3.659	-1.817
25.1	-1.551	-1.038	-3.574	-4.353	-4.971
25.2	-5.164	-2.587	-3.816	-4.582	-5.394
25.3	-1.113	-3.755	-1.347	-0.9475	-2.153
25.4	-3.654	-1.527	-1.056	-0.9348	-1.054
25.5	-5.201	-1.955	-2.135	-4.684	-5.638
25.6	-1.35	-5.586	-5.421	-4.161	-1.038
25.7	-5.048	-1.61	-4.31	-3.593	-5.05
25.8	-5.68	-5.063	-2.915	-1.497	-5.578
25.9	-5.497	-5.015	-5.536	-4.76	-3.999
26	-4.256	-4.16	-4.568	-5.535	-0.8654
26.1	-2.707	-1.042	-0.9216	-4.652	-1.669
26.2	-3.885	-3.671	-1.12	-1.879	-1.856
26.3	-3.396	-5.601	-1.028	-4.612	-2.899
26.4	-3.207	-1.037	-3.658	-4.971	-5.653
26.5	-4.669	-5.235	-3.718	-2.67	-2.216
26.6	-2.086	-1.471	-1.447	-4.088	-1.17
26.7	-1.112	-5.623	-0.9976	-4.289	-2.158
26.8	-5.273	-1.3	-4.477	-3.673	-0.9
26.9	-1.747	-5.096	-5.692	-5.578	-3.03
27	-3.644	-1.062	-1.678	-3.312	-2.436
27.1	-5.749	-3.403	-1.257	-2.699	-3.693
27.2	-2.747	-5.629	-3.732	-2.206	-4.154
27.3	-5.657	-1.018	-1.927	-3.28	-4.15
27.4	-2.065	-1.689	-2.626	-3.961	-1.139
27.5	-2.65	-2.275	-3.707	-2.258	-2.698
27.6	-4.371	-4.862	-3.496	-4.645	-1.117
27.7	-2.041	-1.485	-1.744	-3.639	-5.398
27.8	-4.663	-3.831	-3.532	-1.319	-4.054
27.9	-1.473	-1.073	-2.763	-1.481	-5.321
28	-2.797	-1.63	-0.9616	-4.34	-3.097
28.1	-5.268	-5.455	-5.627	-3.387	-1.36
28.2	-3.701	-2.486	-1.317	-5.141	-3.067
28.3	-5.741	-1.127	-5.627	-3.983	-2.907
28.4	-1.131	-3.798	-1.853	-4.261	-4.32
28.5	-3.868	-1.266	-1.762	-5.548	-0.9597
28.6	-2.959	-4.103	-4.452	-5.568	-4.83
28.7	-5.469	-3.942	-2.954	-2.23	-5.637
28.8	-5.498	-4.563	-4.463	-5.384	-3.19
28.9	-3.602	-2.483	-4.501	-5.187	-5.509
29	-1.324	-4.452	-5.621	-2.139	-4.705
29.1	-3.322	-1.101	-5.401	-5.561	-5.528
29.2	-4.445	-2.368	-5.55	-2.232	-2.164
29.3	-5.731	-2.598	-3.756	-3.62	-4.778
29.4	-3.906	-2.613	-5.191	-0.9181	-4.767
29.5	-3.613	-1.178	-2.709	-5.308	-2.252
29.6	-1.389	-5.193	-4.107	-3.829	-1.205
29.7	-3.741	-2.945	-1.026	-4.925	-0.9252
29.8	-5.78	-3.883	-1.136	-5.39	-3.723
29.9	-5.654	-1.551	-5.315	-3.027	-0.916
30	-5.685	-1.108	-1.254	-1.828	-1.995
30.1	-1.87	-5.515	-3.713	-1.161	-5.632
30.2	-4.996	-1.543	-2.292	-3.801	-5.07
30.3	-2.153	-1.401	-4.095	-1.606	-3.176
30.4	-1.586	-5.459	-5.224	-4.467	-2.924
30.5	-4.456	-2.368	-5.045	-1.385	-2.621
30.6	-1.315	-2.951	-1.633	-3.84	-1.748
30.7	-4.415	-1.402	-1.371	-4.201	-1.127
30.8	-5.76	-5.485	-2.585	-4.285	-0.8505
30.9	-5.405	-5.397	-1.494	-1.102	-2.651
31	-3.72	-5.386	-5.588	-2.04	-0.8801
31.1	-5.795	-2.558	-1.692	-4.268	-4.195
31.2	-5.761	-1.756	-4.4	-5.4	-3.038
31.3	-3.608	-4.051	-0.9749	-4.367	-5.186
31.4	-3.813	-1.611	-1.701	-4.369	-1.562
31.5	-5.062	-2.957	-1.994	-5.017	-1.725
31.6	-4.261	-5.358	-0.8735	-1.745	-4.49
31.7	-2.651	-1.752	-1.392	-1.054	-2.25
31.8	-1.706	-4.888	-2.294	-4.558	-1.723
31.9	-2.748	-1.243	-5.431	-0.9409	-4.401
32	-1.871	-5.385	-5.387	-5.233	-0.8361
32.1	-5.097	-3.042	-0.8888	-5.573	-1.407
32.2	-4.985	-1.038	-4.539	-1.459	-1.173
32.3	-5.493	-1.115	-5.687	-0.884	-2.944
32.4	-4.88	-2.655	-2.315	-4.607	-2.695
32.5	-4.607	-4.722	-1.398	-3.168	-4.895
32.6	-2.346	-3.415	-0.8959	-4.363	-2.589
32.7	-4.727	-1.698	-1.095	-1.068	-2.372
32.8	-1.146	-1.34	-5.672	-5.077	-1.686
32.9	-2.954	-2.196	-5.13	-4.36	-3.464
33	-1.071	-1.772	-2.538	-4.378	-3.1
33.1	-5.788	-1.484	-5.653	-0.9421	-5.497
33.2	-1.612	-3.748	-3.8	-1.552	-5.019
33.3	-2.352	-4.89	-4.351	-3.335	-1.062
33.4	-1.856	-4.924	-3.254	-5.596	-5.618
33.5	-1.56	-1.645	-5.646	-3.938	-5.367
33.6	-5.754	-5.45	-5.058	-1.227	-5.326
33.7	-1.167	-2.881	-1.004	-0.8594	-3.617
33.8	-4.707	-5.265	-5.674	-5.135	-2.344
33.9	-2.938	-5.103	-3.111	-5.482	-1.005
34	-1.145	-1.82	-5.119	-2.958	-5.406
34.1	-1.072	-1.841	-2.142	-1.524	-5.64
34.2	-4.288	-1.066	-5.393	-5.095	-3.848
34.3	-5.636	-1.169	-3.95	-3.033	-1.048
34.4	-1.38	-3.262	-0.8982	-5.57	-4.357
34.5	-3.903	-5.304	-5.549	-3.831	-3.64
34.6	-4.403	-3.153	-2.2	-4.773	-5.086
34.7	-1.632	-1.035	-1.036	-5.577	-4.507
34.8	-1.076	-5.215	-1.012	-4.725	-4.43
34.9	-1.337	-2.23	-0.9757	-5.47	-4.341
35	-1.948	-5.565	-3.396	-5.538	-0.9342
35.1	-1.725	-5.586	-1.063	-5.005	-2.922
35.2	-4.735	-3.752	-3.59	-2.65	-0.8979
35.3	-1.93	-4.913	-3.74	-4.92	-4.493
35.4	-3.702	-4.94	-1.049	-3.893	-1.463
35.5	-5.712	-2.272	-5.032	-1.845	-1.256
35.6	-5.481	-1.016	-5.652	-4.561	-5.38
35.7	-1.423	-2.542	-1.195	-1.515	-5.516
35.8	-2.359	-1.166	-0.9138	-1.499	-5.588
35.9	-2.738	-2.327	-5.64	-1.038	-2.277
36	-2.428	-4.239	-1.636	-4.775	-3.913
36.1	-5.503	-3.995	-1.03	-1.65	-4.161
36.2	-4.63	-1.398	-0.876	-1.749	-0.9431
36.3	-1.168	-5.611	-0.944	-1.866	-2.851
36.4	-3.398	-2.256	-4.37	-1.803	-1.031
36.5	-4.015	-3.484	-5.614	-3.333	-1.346
36.6	-3.736	-2.983	-2.051	-5.272	-1.047
36.7	-5.702	-4.253	-2.117	-3.691	-3.877
36.8	-5.691	-4.209	-4.266	-3.344	-1.496
36.9	-4.149	-4.587	-1.009	-4.887	-1.743
37	-5.01	-1.052	-4.798	-1.476	-5.593
37.1	-5.102	-4.607	-1.539	-1.097	-0.8649
37.2	-4.327	-4.161	-5.505	-2.955	-3.925
37.3	-5.689	-5.466	-1.185	-3.079	-1.906
37.4	-2.56	-1.684	-3.612	-3.044	-5.628
37.5	-1.191	-4.803	-3.474	-2.256	-4.429
37.6	-1.256	-5.628	-5.656	-2.958	-1.708
37.7	-5.253	-1.675	-5.643	-3.004	-2.086
37.8	-1.785	-4.52	-0.8865	-5.556	-1.545
37.9	-1.597	-2.544	-3.67	-1.658	-1.033
38	-1.299	-0.9838	-2.551	-3.568	-3.086
38.1	-5.445	-4.357	-4.42	-5.302	-5.061
38.2	-4.681	-2.462	-1.335	-3.907	-3.859
38.3	-2.499	-2.862	-2.659	-4.015	-3.669
38.4	-3.343	-1.599	-2.206	-1.541	-4.32
38.5	-3.431	-5.453	-1.618	-2.668	-2.908
38.6	-1.188	-3.694	-5.486	-1.998	-5.184
38.7	-2.062	-4.624	-4.981	-3.531	-3.715
38.8	-2.491	-4.752	-4.04	-0.9414	-1.982
38.9	-4.509	-1.904	-1.37	-2.604	-4.67
39	-1.664	-4.779	-5.26	-2.314	-5.541
39.1	-2.344	-4.297	-1.011	-1.034	-3.762
39.2	-1.157	-1.182	-3.803	-2.427	-3.174
39.3	-3.836	-1.887	-1.081	-0.9298	-1.527
39.4	-5.535	-5.549	-1.61	-2.855	-1.803
39.5	-3.201	-1.901	-5.233	-0.9085	-3.371
39.6	-1.757	-1.114	-5.662	-4.059	-2.612
39.7	-3.748	-5.179	-5.583	-4.987	-4.369
39.8	-5.742	-3.338	-4.255	-5.521	-5.61
39.9	-1.163	-5.67	-0.9389	-2.751	-5.427
40	-4.008	-5.623	-5.404	-4.368	-4
40.1	-2.101	-5.429	-1.384	-5.516	-5.341
40.2	-2.779	-1.628	-0.9698	-5.451	-1.184
40.3	-3.225	-5.658	-5.531	-3.426	-5.53
40.4	-1.073	-1.052	-2.117	-3.728	-2.115
40.5	-1.218	-1.962	-1.002	-2.861	-0.927
40.6	-1.191	-1.625	-3.307	-2.334	-4.017
40.7	-1.572	-5.439	-5.299	-4.139	-5.365
40.8	-5.529	-1.612	-5.247	-3.907	-1.993
40.9	-1.575	-3.84	-3.1	-1.511	-3.991
41	-1.872	-2.447	-4.032	-1.012	-2.073
41.1	-4.454	-4.379	-5.204	-5.203	-5.586
41.2	-4.91	-5.031	-1.213	-3.69	-2.759
41.3	-5.581	-1.664	-1.493	-3.862	-5.296
41.4	-5.43	-5.316	-3.461	-5.505	-3.14
41.5	-5.366	-1.03	-5.559	-5.232	-1.222
41.6	-2.752	-2.718	-2.634	-1.031	-4.626
41.7	-4.618	-1.504	-1.675	-3.108	-2.067
41.8	-4.319	-4.538	-3.092	-1.137	-4.292
41.9	-5.203	-2.079	-3.796	-4.684	-4.74
42	-2.636	-1.304	-1.342	-5.536	-5.311
42.1	-2.388	-1.888	-1.075	-4.393	-2.092
42.2	-5.221	-2.889	-3.069	-0.7422	-4.142
42.3	-4.043	-1.961	-5.615	-5.33	-0.939
42.4	-4.781	-5.625	-3.861	-1.233	-0.8836
42.5	-1.118	-5.639	-1.693	-1.413	-5.633
42.6	-3.771	-2.507	-1.516	-5.561	-1.29
42.7	-5.424	-5.641	-2.018	-5.479	-5.488
42.8	-3.976	-4.911	-3.794	-0.8793	-5.583
42.9	-3.73	-1.152	-2.76	-1.41	-4.038
43	-1.121	-5.643	-3.996	-1.083	-0.8881
43.1	-4.196	-1.021	-5.099	-4.799	-0.9806
43.2	-1.106	-4.965	-5.538	-4.836	-5.185
43.3	-4.236	-4.377	-4.368	-5.414	-2.698
43.4	-1.072	-3.345	-5.059	-2.645	-1.599
43.5	-5.177	-2.258	-5.625	-2.85	-2.334
43.6	-1.105	-4.074	-5.604	-4.438	-3.077
43.7	-2.162	-1.001	-1.045	-1.571	-3.931
43.8	-3.396	-2.839	-2.938	-0.8855	-2.615
43.9	-3.715	-3.911	-2.165	-5.235	-1.259
44	-5.425	-3.741	-5.379	-4.911	-1.288
44.1	-5.056	-4.474	-2.143	-2.944	-1.733
44.2	-4.8	-1.266	-2.424	-5.452	-0.9048
44.3	-1.22	-2.933	-5.561	-4.61	-3.933
44.4	-1.91	-5.443	-3.192	-1.08	-5.528
44.5	-5.265	-2.227	-1.119	-0.9477	-5.227
44.6	-5.189	-5.439	-1.371	-1.814	-5.324
44.7	-2.492	-1.53	-2.228	-5.591	-4.231
44.8	-4.39	-1.649	-5.049	-0.8826	-5.286
44.9	-5.641	-0.9985	-5	-1.858	-5.117
45	-3.935	-1.092	-3.48	-0.9056	-5.373
45.1	-5.627	-5.46	-2.982	-5.421	-1.395
45.2	-1.134	-1.055	-1.37	-1.053	-5.492
45.3	-3.062	-1.056	-0.9428	-5.378	-4.842
45.4	-1.192	-2.997	-4.127	-2.001	-5.543
45.5	-4.642	-1.218	-3.154	-5.038	-3.62
45.6	-4.081	-0.9926	-4.726	-0.9233	-2.934
45.7	-2.497	-0.9941	-5.212	-1.015	-5.182
45.8	-4.895	-1.003	-1.568	-5.39	-2.637
45.9	-1.322	-2.092	-5.604	-5.44	-1.868
46	-2.54	-1.062	-0.9346	-5.535	-3.882
46.1	-5.103	-1.594	-5.557	-5.195	-0.9537
46.2	-5.608	-5.072	-1.539	-4.467	-5.573
46.3	-1.074	-2.671	-1.749	-3.52	-2.71
46.4	-4.806	-5.217	-3.175	-4.88	-1.477
46.5	-5.006	-3.164	-4.357	-3.448	-0.9496
46.6	-2.862	-1.678	-5.331	-1.543	-3.735
46.7	-1.225	-5.138	-3.371	-1.19	-5.216
46.8	-1.816	-1.04	-3.074	-4.031	-4.477
46.9	-5.723	-3.589	-5.435	-1.851	-3.857
47	-5.675	-1.786	-4.761	-1.664	-5.421
47.1	-1.769	-5.53	-4.864	-4.378	-1.044
47.2	-4.215	-5.573	-3.108	-1.358	-4.362
47.3	-1.248	-4.336	-2.509	-1.275	-3.037
47.4	-4.473	-1.825	-5.036	-2.284	-5.135
47.5	-3.421	-2.875	-1.958	-5.08	-4.877
47.6	-3.288	-2.154	-4.824	-4.716	-2.608
47.7	-4.833	-2.521	-5.451	-2.829	-4.245
47.8	-1.405	-1.06	-4.784	-2.161	-2.192
47.9	-1.382	-3.749	-1.539	-3.929	-1.428
48	-3.372	-5.657	-3.817	-1.818	-0.981
48.1	-3.414	-1.437	-1.068	-5.615	-5.476
48.2	-4.76	-5.31	-5.229	-1.807	-1.506
48.3	-5.617	-1.802	-0.8857	-1.76	-4.554
48.4	-2.761	-4.574	-2.829	-4.081	-3.076
48.5	-5.333	-4.631	-5.019	-2.791	-2.383
48.6	-4.993	-4.234	-3.034	-1.496	-4.857
48.7	-5.398	-4.294	-1.097	-2.325	-5.594
48.8	-1.76	-2.606	-5.498	-1.039	-2.707
48.9	-2.535	-2.497	-3.984	-5.051	-5.315
49	-5.675	-4.586	-5.387	-4.623	-5.08
49.1	-4.902	-0.9989	-5.074	-3.605	-4.038
49.2	-1.59	-1.082	-4.98	-1.032	-4.293
49.3	-5.618	-1.855	-1.053	-5.584	-5.135
49.4	-4.11	-1.516	-2.52	-0.9842	-1.787
49.5	-2.748	-5.591	-1.539	-2.752	-4.664
49.6	-1.586	-4.882	-1.117	-1.815	-5.561
49.7	-4.951	-0.998	-4.637	-5.596	-3.432
49.8	-4.556	-2.807	-5.618	-3.663	-2.353
49.9	-5.044	-5.562	-5.612	-4.846	-4.517
50	-1.227	-2.442	-3.656	-4.476	-4.695
50.1	-4.601	-2.182	-4.777	-4.098	-4.55
50.2	-4.404	-1.096	-1.486	-5.635	-2.04
50.3	-1.546	-1.935	-0.9284	-5.581	-3.817
50.4	-1.972	-3.205	-1.02	-4.566	-5.323
50.5	-2.843	-3.113	-1.228	-2.712	-1.304
50.6	-4.057	-1.553	-5.07	-5.428	-5.293
50.7	-3.316	-5.259	-1.391	-5.63	-2.352
50.8	-2.419	-1.687	-1.494	-3.547	-3.381
50.9	-3.185	-5.254	-3.891	-2.491	-5.324
51	-5.688	-4.821	-4.261	-3.772	-1.647
51.1	-3.005	-2.55	-1.035	-5.598	-1.994
51.2	-3.358	-2.218	-5.113	-5.561	-2.958
51.3	-5.691	-5.31	-3.933	-1.022	-5.121
51.4	-1.089	-5.688	-3.275	-5.557	-5.741
51.5	-1.983	-4.914	-5.574	-1.243	-4.062
51.6	-1.435	-1.442	-4.72	-2.41	-5.179
51.7	-4.573	-5.618	-3.283	-1.913	-0.9714
51.8	-5.691	-1.018	-1.046	-4.656	-1.445
51.9	-1.076	-3.031	-2.97	-3.215	-4.623
52	-5.564	-4.26	-0.9153	-1.677	-3.507
52.1	-1.29	-0.9951	-1.63	-4.419	-5.125
52.2	-4.3	-5.359	-5.287	-5.512	-4.988
52.3	-5.267	-2.791	-2.913	-5.525	-4.45
52.4	-4.272	-0.9813	-2.47	-3.05	-2.952
52.5	-3.082	-0.9646	-1.873	-5.203	-3.732
52.6	-5.581	-1.442	-5.218	-4.874	-1.402
52.7	-2.917	-1.615	-4.679	-4.206	-3.278
52.8	-1.194	-5.438	-5.557	-4.577	-5.191
52.9	-1.264	-1.661	-2.378	-5.558	-1.838
53	-4.128	-5.66	-1.206	-4.104	-1.315
53.1	-1.077	-5.339	-5.047	-4.96	-3.95
53.2	-4.057	-5.673	-4.183	-1.319	-1.364
53.3	-3.901	-4.845	-1.155	-2.404	-3.664
53.4	-4.975	-5.085	-1.374	-1.246	-1.95
53.5	-5.703	-2.765	-5.007	-5.391	-4.858
53.6	-2.805	-4.018	-4.502	-3.393	-1.972
53.7	-3.168	-3.383	-5.433	-5.269	-4.678
53.8	-3.605	-1.043	-2.211	-5.616	-5.285
53.9	-5.231	-4.853	-4.767	-1.584	-1.726
54	-1.305	-3.82	-1.78	-4.805	-1.045
54.1	-4.329	-3.102	-1.191	-3.575	-1.13
54.2	-1.568	-2.667	-2.843	-2.651	-4.372
54.3	-3.137	-3.159	-5.476	-5.599	-3.437
54.4	-1.393	-1.865	-2.002	-5.191	-1.077
54.5	-1.398	-0.9652	-3.188	-4.233	-5.129
54.6	-1.081	-5.59	-2.44	-5.074	-1.228
54.7	-3.123	-1.11	-5.393	-5.631	-1.534
54.8	-3.598	-5.491	-1.719	-0.9134	-1.815
54.9	-4.56	-2.101	-1.358	-0.8657	-4.078
55	-1.087	-5.307	-2.744	-4.405	-5.497
55.1	-5.665	-5.61	-2.994	-4.973	-1.411
55.2	-5.204	-1.255	-1.394	-1.096	-5.088
55.3	-1.817	-3.502	-5.638	-5.173	-2.443
55.4	-3.289	-2.516	-2.635	-5.168	-5.579
55.5	-1.473	-3.593	-1.598	-0.8547	-3.578
55.6	-1.968	-2.222	-3.672	-1.786	-3.088
55.7	-4.916	-5.616	-4.546	-3.141	-0.9698
55.8	-5.498	-5.451	-4.756	-3.392	-5.432
55.9	-3.197	-5.029	-5.063	-5.069	-5.163
56	-5.215	-1.446	-3.173	-0.9224	-1.077
56.1	-5.635	-4.428	-1.791	-5.03	-0.8054
56.2	-5.711	-1.706	-1.922	-1.439	-3.916
56.3	-1.354	-3.335	-2.246	-5.425	-5.551
56.4	-5.737	-2.993	-2.002	-1.385	-1.008
56.5	-5.458	-4.771	-3.067	-0.9978	-5.566
56.6	-5.363	-1.662	-2.562	-1.832	-5.186
56.7	-1.08	-2.207	-5.633	-3.586	-3.2
56.8	-5.014	-0.9929	-2.649	-2.266	-2.883
56.9	-5.159	-5.613	-4.151	-4.865	-5.27
57	-5.75	-4.448	-4.454	-5.231	-1.271
57.1	-1.168	-1.151	-2.153	-5.361	-5.14
57.2	-1.706	-5.492	-2.217	-0.7956	-4.745
57.3	-1.033	-5.123	-2.062	-2.336	-0.9072
57.4	-1.616	-2.036	-4.837	-5.141	-5.485
57.5	-5.435	-2.973	-2.968	-3.871	-5.317
57.6	-5.643	-5.217	-2.972	-5.605	-5.001
57.7	-1.464	-5.217	-5.362	-2.865	-5.541
57.8	-5.543	-5.504	-2.027	-2.089	-3.404
57.9	-5.149	-5.619	-4.142	-4.709	-4.03
58	-4.816	-5.45	-2.264	-5.487	-5.208
58.1	-5.49	-3.336	-1.487	-1.423	-4.734
58.2	-1.198	-1.026	-5.502	-5.578	-3.804
58.3	-4.15	-4.915	-1.082	-3.015	-0.9753
58.4	-1.262	-5.646	-2.502	-2.509	-0.9206
58.5	-5.556	-3.787	-1.07	-2.814	-0.914
58.6	-1.521	-3.846	-5.308	-4.305	-4.418
58.7	-1.617	-5.607	-3.191	-2.605	-5.573
58.8	-3.882	-5.589	-1.693	-1.083	-3.102
58.9	-1.894	-0.9752	-2.393	-4.604	-3.51
59	-2.851	-2.112	-3.353	-1.422	-2.787
59.1	-2.827	-0.9718	-3.703	-2.801	-1.098
59.2	-1.223	-0.9769	-1.149	-1.729	-2.09
59.3	-5.362	-5.675	-1.915	-2.15	-4.781
59.4	-5.693	-5.21	-1.138	-1.667	-1.638
59.5	-5.368	-1.396	-1.015	-5.221	-5.362
59.6	-4.797	-4.236	-4.084	-4.173	-5.532
59.7	-1.028	-5.642	-4.454	-2.96	-0.9613
59.8	-4.846	-3.95	-5.152	-0.8073	-3.698
59.9	-2.93	-1.399	-0.9739	-3.252	-0.9272
60	-1.09	-3.472	-2.574	-1.141	-5.35
60.1	-4.538	-1.03	-4.125	-1.366	-1.618
60.2	-1.556	-4.423	-2.452	-4.198	-2.424
60.3	-1.05	-2.266	-5.531	-4.263	-1.348
60.4	-1.575	-4.657	-5.587	-2.36	-0.881
60.5	-2.758	-4.876	-3.025	-5.465	-3.756
60.6	-2.876	-2.819	-1.873	-5.511	-1.712
60.7	-5.013	-4.559	-1.383	-3.308	-5.388
60.8	-1.938	-5.478	-1.548	-5.366	-2.064
60.9	-1.027	-3.992	-5.555	-3.745	-5.111
61	-5.678	-4.328	-5.272	-1.95	-5.603
61.1	-2.872	-2.479	-5.472	-4.029	-5.489
61.2	-4.526	-5.421	-2.871	-1.151	-5.553
61.3	-5.739	-2.656	-3.877	-0.938	-5.044
61.4	-5.626	-5.648	-0.9238	-2.457	-1.292
61.5	-1.822	-2.192	-3.824	-3.167	-5.292
61.6	-4.01	-3.431	-1.358	-5.492	-1.072
61.7	-2.017	-5.159	-0.9482	-4.743	-1.381
61.8	-5.506	-2.81	-5.192	-4.511	-5.572
61.9	-5.278	-4.616	-4.552	-4.091	-0.8999
62	-4.698	-5.612	-2.978	-3.739	-3.794
62.1	-3.932	-4.708	-4.707	-0.9292	-4.366
62.2	-1.068	-1.275	-4.355	-4.494	-3.403
62.3	-1.157	-3.463	-4.404	-2.848	-1.717
62.4	-2.703	-3.152	-2.047	-3.592	-0.9755
62.5	-3.592	-1.856	-4.245	-0.9239	-1.069
62.6	-1.047	-1.448	-0.8934	-2.569	-1.592
62.7	-1.74	-1.267	-4.286	-5.013	-1.182
62.8	-5.705	-1.191	-5.562	-0.9847	-3.071
62.9	-2.903	-5.464	-5.148	-5.613	-1.867
63	-1.609	-3.961	-3.737	-3.264	-0.9275
63.1	-5.165	-4.935	-1.083	-3.242	-3.541
63.2	-3.65	-5.654	-4.822	-1.702	-3.395
63.3	-5.752	-5.515	-3.337	-3.745	-2.192
63.4	-5.099	-4.763	-1.065	-4.202	-3.121
63.5	-5.285	-5.558	-5.506	-0.9161	-3.209
63.6	-3.499	-5.101	-4.86	-1.139	-4.87
63.7	-2.057	-4.639	-2.222	-3.16	-5.446
63.8	-1.746	-4	-1.338	-1.007	-5.672
63.9	-3.686	-4.195	-5.563	-2.322	-1.074
64	-5.373	-5.592	-5.473	-1.043	-4.38
64.1	-5.684	-2.376	-1.209	-4.965	-5.336
64.2	-5.37	-4.589	-5.601	-5.273	-3.632
64.3	-5.429	-1.974	-4.924	-4.51	-4.397
64.4	-4.645	-4.288	-1.854	-1.699	-4.578
64.5	-2.617	-5.602	-4.698	-0.8896	-1.239
64.6	-5.689	-4.35	-4.481	-3.099	-2.268
64.7	-4.213	-1.359	-1.709	-1.966	-2.275
64.8	-1.048	-1.394	-5.469	-5.502	-5.489
64.9	-4.85	-5.637	-1.033	-5.616	-0.9904
65	-5.627	-5.191	-5.204	-1.084	-3.992
65.1	-2.946	-4.044	-1.081	-4.014	-3.097
65.2	-5.416	-1.1	-1.556	-1.682	-4.031
65.3	-2.406	-4.596	-2.432	-0.8552	-2.419
65.4	-3.652	-1.761	-4.732	-5.574	-1.896
65.5	-5.5	-1.752	-4.116	-0.8656	-2.213
65.6	-2.278	-5.679	-4.121	-0.9498	-5.346
65.7	-3.788	-5.607	-1.554	-5.106	-5.422
65.8	-5.278	-1.476	-4.713	-2.888	-2.879
65.9	-1.424	-1.082	-4.959	-3.716	-3.638
66	-5.492	-5.204	-5.414	-4.914	-4.986
66.1	-1.299	-3.613	-3.413	-2.286	-4.658
66.2	-2.51	-5.563	-1.312	-1.308	-0.9707
66.3	-1.14	-1.79	-5.547	-4.792	-5.583
66.4	-1.035	-3.302	-2.075	-0.9384	-5.532
66.5	-4.909	-5.25	-1.192	-4.403	-2.665
66.6	-5.336	-5.522	-5.549	-5.524	-1.509
66.7	-1.403	-5.328	-3.715	-1.308	-1.386
66.8	-5.764	-5.204	-2.201	-4.378	-1.834
66.9	-2.332	-3.067	-1.102	-4.232	-2.218
67	-5.74	-2.342	-1.96	-0.963	-1.471
67.1	-1.37	-0.9457	-2.108	-4.096	-2.857
67.2	-2.243	-4.364	-2.982	-3.17	-1.584
67.3	-4.344	-4.803	-2.977	-5.344	-1.384
67.4	-3.503	-2.496	-4.592	-2.065	-1.366
67.5	-1.661	-1.55	-0.9089	-0.7357	-5.181
67.6	-5.684	-1.708	-4.762	-3.265	-1.068
67.7	-1.268	-4.34	-1.903	-2.457	-2.373
67.8	-4.954	-5.621	-5.429	-3.002	-5.616
67.9	-1.036	-1.163	-3.515	-5.522	-5.621
68	-1.129	-5.631	-1.484	-5.174	-5.151
68.1	-4.296	-5.556	-0.905	-4.74	-5.422
68.2	-3.822	-4.877	-1.648	-4.567	-1.001
68.3	-5.628	-4.192	-3.705	-2.86	-2.699
68.4	-1.131	-3.684	-1.928	-1.311	-4.003
68.5	-1.073	-4.932	-5.222	-1.868	-3.489
68.6	-2.626	-1.123	-1.575	-5.392	-4.196
68.7	-2.105	-2.775	-1.611	-5.473	-5.27
68.8	-1.989	-4.085	-5.255	-3.912	-3.256
68.9	-5.043	-5.04	-5.022	-1.328	-5.652
69	-5.424	-5.593	-3.632	-1.372	-4.299
69.1	-4.178	-5.663	-3.621	-3.521	-0.9401
69.2	-4.8	-2.481	-1.08	-2.232	-4.724
69.3	-4.982	-5.658	-5.253	-2.559	-4.583
69.4	-5.614	-1.957	-3.102	-3.948	-4.683
69.5	-5.433	-3.674	-3.65	-5.472	-1.545
69.6	-4.608	-2.71	-5.307	-3.301	-3.073
69.7	-5.264	-1.223	-5.525	-1.741	-1.2
69.8	-1.087	-5.64	-4.482	-3.325	-5.623
69.9	-1.128	-1.574	-0.9822	-3.038	-4.297
70	-1.883	-4.918	-0.9342	-4.912	-1.071
70.1	-5.482	-1.627	-1.488	-2.691	-2.523
70.2	-1.921	-5.495	-3.266	-0.8942	-3.844
70.3	-4.24	-4.789	-3.412	-0.9058	-1.256
70.4	-5.261	-1.702	-5.47	-2.082	-2.082
70.5	-3.315	-3.349	-4.2	-3.004	-1.456
70.6	-1.863	-4.271	-3.396	-2.226	-1.211
70.7	-5.629	-1.438	-1.077	-5.339	-5.329
70.8	-3.677	-4.49	-3.173	-2.78	-1.65
70.9	-1.452	-2.682	-2.936	-1.336	-2.237
71	-2.262	-1.987	-5.423	-5.477	-2.773
71.1	-4.796	-5.402	-4.353	-4.34	-0.9482
71.2	-2.157	-3.77	-5.29	-3.153	-2.531
71.3	-3.87	-0.977	-1.089	-3.763	-1.685
71.4	-1.45	-2.056	-4.374	-5.579	-0.8603
71.5	-4.074	-1.121	-1.056	-0.8782	-5.027
71.6	-1.748	-1.208	-5.222	-4.535	-4.718
71.7	-5.594	-1.997	-5.1	-1.38	-3.189
71.8	-5.62	-1.694	-2.355	-0.8601	-3.76
71.9	-2.499	-5.028	-4.056	-1.041	-1.889
72	-5.338	-0.9652	-5.086	-5.204	-0.853
72.1	-5.7	-4.786	-5.047	-4.936	-5.281
72.2	-2.458	-3.396	-1.253	-5.401	-1.149
72.3	-4.745	-1.033	-4.809	-4.328	-4.107
72.4	-2.362	-2.256	-1.524	-2.194	-5.173
72.5	-1.305	-1.184	-3.9	-2.208	-4.661
72.6	-5.214	-4.667	-4.026	-4.715	-4.029
72.7	-2.778	-1.076	-3.141	-1.267	-4.203
72.8	-1.46	-2.531	-0.8773	-0.9353	-4.447
72.9	-2.395	-5.49	-5.074	-1.443	-3.659
73	-1.042	-3.121	-2.846	-3.254	-1.164
73.1	-1.027	-3.657	-1.718	-5.616	-0.9964
73.2	-2.945	-2.604	-1.601	-5.272	-5.236
73.3	-3.244	-4.024	-5.475	-4.199	-4.868
73.4	-2.217	-1.025	-1.056	-0.9818	-0.9914
73.5	-2.312	-4.649	-5.534	-5.202	-5.588
73.6	-1.627	-1.289	-5.479	-2.379	-2.884
73.7	-3.99	-0.9861	-5.012	-3.266	-1.1
73.8	-4.701	-3.529	-5.512	-1.362	-5.563
73.9	-1.011	-1.008	-5.542	-0.9594	-4.623
74	-1.854	-4.825	-4.814	-3.707	-3.609
74.1	-5.531	-2.802	-4.924	-2.652	-2.522
74.2	-2.785	-5.553	-1.195	-4.156	-5.402
74.3	-1.07	-2.214	-5.327	-4.918	-2.899
74.4	-1.138	-1.85	-5.368	-1.457	-3.93
74.5	-4.451	-1.112	-1.251	-3.036	-1.875
74.6	-3.358	-1.317	-5.46	-2.274	-2.416
74.7	-3.214	-3.701	-5.492	-5.601	-1.97
74.8	-5.534	-1.768	-5.508	-5.227	-5.138
74.9	-1.041	-5.508	-4.915	-1.3	-5.588
75	-1.145	-4.573	-3.731	-3.341	-5.205
75.1	-5.672	-1.006	-5.457	-5.543	-4.228
75.2	-1.935	-0.9827	-3.116	-0.9649	-5.585
75.3	-5.08	-5.423	-2.134	-5.449	-1.582
75.4	-2.164	-4.242	-3.766	-1.008	-1.935
75.5	-5.527	-4.935	-5.108	-1.41	-5.495
75.6	-4.496	-2.005	-1.827	-2.587	-3.381
75.7	-3.718	-3.168	-3.699	-0.8901	-2.261
75.8	-2.887	-5.196	-1.483	-3.685	-1.132
75.9	-3.766	-1.01	-4.303	-0.977	-5.393
76	-3.795	-3.818	-5.34	-5.501	-5.404
76.1	-1.11	-1.044	-1.671	-5.221	-5.518
76.2	-1.082	-3.609	-1.778	-1.13	-5.547
76.3	-5.42	-5.012	-2.587	-4.219	-0.8726
76.4	-4.857	-5.469	-5.224	-1.056	-1.089
76.5	-3.028	-2.381	-4.747	-5.456	-1.194
76.6	-1.392	-1.339	-2.776	-2.902	-1.345
76.7	-2.858	-2.611	-5.066	-3.471	-5.493
76.8	-2.991	-3.233	-4.427	-5.453	-1.514
76.9	-2.892	-5.57	-5.403	-5.133	-5.414
77	-5.711	-4.187	-5.393	-2.793	-4.863
77.1	-4.894	-2.163	-3.78	-0.8859	-3.687
77.2	-3.191	-1.177	-4.143	-1.918	-2.108
77.3	-2.538	-4.972	-3.806	-4.367	-2.85
77.4	-1.858	-3.782	-5.032	-5.568	-3.52
77.5	-5.711	-0.9792	-4.033	-3.304	-4.742
77.6	-4.728	-3.759	-1.953	-2.867	-0.9442
77.7	-4.83	-2.201	-5.478	-1.463	-4.364
77.8	-3.561	-2.892	-1.976	-4.864	-3.746
77.9	-3.88	-1.105	-5.227	-1.331	-4.097
78	-0.9683	-5.157	-1.526	-2.955	-1.064
78.1	-1.624	-5.278	-2.089	-4.056	-2.179
78.2	-4.233	-4.324	-1.868	-1.551	-4.234
78.3	-1.967	-1.984	-5.197	-1.434	-4.197
78.4	-1.464	-3.94	-3.563	-4.957	-1.517
78.5	-3.183	-2.89	-4.256	-5.247	-5.167
78.6	-3.424	-1.285	-3.126	-1.034	-5.57
78.7	-3.007	-3.465	-1.496	-3.378	-2.442
78.8	-2.766	-2.214	-1.793	-1.139	-0.8886
78.9	-1.985	-2.572	-0.9596	-5.545	-3.782
79	-4.967	-2.16	-5.114	-1.189	-5.172
79.1	-3.654	-3.777	-2.008	-4.473	-3.527
79.2	-5.199	-3.297	-5.46	-3.928	-3.004
79.3	-1.313	-3.387	-0.9136	-0.8894	-5.469
79.4	-2.374	-5.165	-4.208	-3.883	-0.95
79.5	-1.741	-0.9878	-1.599	-3.64	-5.36
79.6	-5.423	-3.919	-3.604	-4.197	-0.9218
79.7	-1.003	-0.9378	-1.044	-0.9164	-0.894
79.8	-5.717	-1.614	-3.304	-2.455	-5.392
79.9	-1.234	-1.885	-0.9627	-0.9313	-1.32
80	-1.97	-3.193	-4.086	-3.491	-4.325
80.1	-5.085	-4.665	-1.532	-4.295	-0.901
80.2	-1.692	-2.772	-0.9725	-1.072	-1.069
80.3	-2.361	-3.231	-1.383	-5.495	-2.477
80.4	-4.647	-2.411	-1.441	-2.254	-3.278
80.5	-3.456	-5.535	-5.496	-5.365	-3.498
80.6	-5.753	-3.845	-4.316	-4.136	-3.983
80.7	-5.569	-5.299	-4.969	-4.848	-0.963
80.8	-4.369	-4.256	-3.232	-1.626	-0.8465
80.9	-1.078	-4.775	-4.754	-4.41	-2.291
81	-5.264	-3.955	-3.955	-3.165	-0.8294
81.1	-3.708	-5.293	-1.294	-5.561	-1.131
81.2	-3.107	-5.617	-3.838	-2.969	-2.421
81.3	-2.661	-1.432	-2.198	-5.526	-0.8468
81.4	-4.688	-2.729	-3.115	-3.587	-1.111
81.5	-1.079	-5.612	-1.524	-5.166	-1.099
81.6	-4.473	-4.927	-5.264	-1.402	-5.417
81.7	-5.109	-3.757	-4.338	-4.308	-2.111
81.8	-4.798	-4.494	-1.042	-5.383	-5.372
81.9	-5.534	-4.968	-4.599	-3.371	-5.498
82	-5.097	-1.852	-0.8879	-1.56	-1.484
82.1	-4.693	-1.407	-2.37	-3.68	-5.336
82.2	-5.742	-4.495	-0.9347	-3.637	-4.866
82.3	-1.256	-5.248	-1.804	-5.571	-4.79
82.4	-1.473	-4.887	-5.426	-4.983	-1.102
82.5	-5.652	-1.964	-1.423	-3.878	-5.334
82.6	-1.154	-0.9438	-2.921	-2.212	-4.511
82.7	-5.381	-3.353	-5.595	-2.223	-5.55
82.8	-5.255	-4.987	-3.282	-2.348	-1.072
82.9	-0.9845	-3.728	-4.884	-1.538	-4.733
83	-3.444	-4.219	-4.971	-4.622	-4.989
83.1	-2.439	-5.076	-5.07	-5.334	-5.041
83.2	-1.574	-5.479	-1.985	-1.333	-2.746
83.3	-5.309	-2.573	-4.39	-4.635	-5.555
83.4	-2.438	-5.613	-4.948	-4.849	-5.551
83.5	-2.632	-3.062	-2.31	-3.321	-1.734
83.6	-2.349	-2.183	-2.336	-5.549	-1.169
83.7	-5.073	-4.463	-0.925	-2.089	-1.758
83.8	-5.64	-3.541	-2.94	-5.389	-0.9084
83.9	-4.045	-2.576	-5.522	-5.497	-3.758
84	-3.906	-4.927	-4.824	-0.9304	-5.576
84.1	-1.451	-4.769	-0.8836	-5.231	-3.839
84.2	-5.7	-3.333	-2.22	-5.542	-2.146
84.3	-1.063	-1.176	-0.8738	-4.709	-2.12
84.4	-0.9434	-4.841	-5.573	-2.454	-5.598
84.5	-5.562	-1.786	-0.9395	-5.605	-2.645
84.6	-2.985	-3.691	-4.289	-1.025	-2.9
84.7	-1.463	-1.947	-1.248	-2.516	-3.422
84.8	-4.92	-3.113	-1.776	-5.589	-5.509
84.9	-5.108	-2.913	-5.239	-5.607	-5.542
85	-4.808	-5.596	-5.416	-2.594	-5.38
85.1	-2.172	-0.9776	-3.341	-1.906	-4.753
85.2	-2.438	-3.825	-4.635	-4.819	-2.845
85.3	-1.385	-5.319	-4.247	-5.531	-0.9013
85.4	-2.9	-2.959	-4.164	-2.937	-1.598
85.5	-1.469	-4.263	-5.513	-1.899	-4.88
85.6	-5.732	-0.9781	-1.237	-5.631	-5.442
85.7	-2.756	-0.9742	-4.013	-5.43	-5.454
85.8	-3.434	-4.839	-5.252	-4.429	-4.932
85.9	-1.136	-3.301	-5.53	-3.273	-3.894
86	-1.016	-5.58	-5.229	-4.709	-1.367
86.1	-4.794	-5.634	-1.165	-3.392	-1.274
86.2	-1.607	-4.854	-5.46	-1.279	-1.171
86.3	-1.199	-2.95	-5.269	-3.893	-5.44
86.4	-0.9533	-2.013	-1.494	-4.712	-5.588
86.5	-5.022	-2.288	-5.296	-3.906	-2.616
86.6	-5.62	-4.454	-5.546	-2.567	-3.994
86.7	-2.865	-4.5	-2.595	-5.353	-1.365
86.8	-2.074	-4.754	-2.251	-3.618	-0.937
86.9	-0.9783	-4.913	-2.981	-2.771	-5.448
87	-4.576	-4.449	-1.617	-5.208	-0.8417
87.1	-2.054	-3.973	-4.692	-0.854	-2.713
87.2	-1.003	-3.095	-5.324	-4.582	-2.16
87.3	-5.634	-3.157	-1.187	-4.595	-2.816
87.4	-5.089	-1.835	-3.926	-0.8033	-3.227
87.5	-4.976	-5.395	-1.708	-2.787	-4.467
87.6	-4.915	-3.246	-4.483	-1.643	-5.357
87.7	-4.211	-0.9455	-5.472	-1.696	-5.408
87.8	-2.879	-1.654	-5.395	-5.481	-3.701
87.9	-1.068	-1.422	-5.566	-5.106	-0.8647
88	-5.742	-4.534	-1.733	-1.818	-5.372
88.1	-4.831	-2.493	-4.381	-2.029	-1.152
88.2	-4.802	-1.615	-3.958	-5.506	-2.754
88.3	-5.652	-0.9753	-5.624	-5.165	-1.677
88.4	-3.094	-5.461	-1.354	-4.63	-4.984
88.5	-1.861	-2.235	-2.962	-1.994	-4.675
88.6	-5.479	-1.282	-5.358	-3.763	-3.363
88.7	-3.487	-4.52	-4.098	-5.44	-1.62
88.8	-4.48	-5.629	-4.372	-5.684	-5.059
88.9	-5.678	-1.248	-0.8711	-5.523	-1.117
89	-1.428	-0.9434	-1.374	-4.371	-2.701
89.1	-1.773	-1.07	-2.593	-2.217	-5.565
89.2	-4.452	-5.096	-0.9578	-1.907	-3.254
89.3	-3.773	-4.069	-3.569	-1.167	-0.9192
89.4	-0.9469	-1.493	-4.405	-3.326	-0.8758
89.5	-5.418	-3.405	-2.206	-3.424	-4.389
89.6	-5.455	-5.588	-1.796	-4.315	-5.442
89.7	-5.731	-1.967	-2.36	-2.888	-2.142
89.8	-2.942	-5.616	-5.584	-5.503	-4.428
89.9	-1.922	-4.687	-5.524	-1.106	-2.013
90	-3.461	-1.066	-1.836	-2.519	-4.556
90.1	-5.741	-3.098	-1.173	-0.9862	-4.842
90.2	-5.078	-4.376	-5.517	-1.061	-2.582
90.3	-5.675	-2.038	-3.291	-3.243	-2.449
90.4	-5.225	-0.9862	-1.031	-4.908	-5.479
90.5	-5.345	-5.616	-2.11	-2.358	-3.713
90.6	-2.101	-4.204	-2.691	-5.577	-4.3
90.7	-5.383	-5.62	-4.745	-3.07	-5.402
90.8	-1.367	-1.716	-5.544	-4.175	-1.618
90.9	-3.247	-2.186	-4.958	-5.612	-2.783
91	-1.631	-1.441	-4.097	-5.11	-1.055
91.1	-5.744	-1.265	-0.8907	-5.625	-2.979
91.2	-5.761	-1.528	-2.806	-5.136	-5.318
91.3	-1.858	-2.853	-5.576	-5.611	-5.562
91.4	-1.804	-0.9451	-5.095	-5.638	-1.652
91.5	-5.444	-1.429	-5.015	-4.39	-5.644
91.6	-2.782	-3.02	-1.754	-3.036	-1.182
91.7	-4.203	-3.705	-2.768	-1.622	-0.8381
91.8	-1.496	-2.661	-0.9942	-2.546	-1.729
91.9	-5.631	-4.558	-0.8993	-1.927	-0.8482
92	-5.517	-1.669	-1.107	-1.727	-5.111
92.1	-5.557	-1.334	-3.845	-0.9081	-2.473
92.2	-1.228	-1.56	-4.049	-4.981	-2.026
92.3	-0.9783	-5.636	-4.754	-5.53	-0.9217
92.4	-1.714	-2.411	-3.345	-5.487	-1.439
92.5	-4.548	-5.546	-0.9221	-5.412	-5.129
92.6	-5.755	-3.967	-5.468	-1.188	-2.132
92.7	-3.659	-2.14	-1.735	-4.262	-5.541
92.8	-4.505	-4.096	-5.079	-2.35	-1.992
92.9	-1.228	-4.51	-2.442	-0.9365	-5.007
93	-3.42	-2.215	-0.9362	-3.732	-4.57
93.1	-5.576	-4.4	-2.366	-1.476	-3.71
93.2	-3.179	-1.399	-5.424	-2.572	-2.489
93.3	-4.506	-5.619	-5.526	-1.246	-3.368
93.4	-1.307	-1.088	-5.47	-4.901	-0.8674
93.5	-1.761	-5.645	-4.477	-1.136	-5.09
93.6	-3.379	-4.115	-2.162	-4.121	-4.578
93.7	-0.952	-5.163	-3.741	-4.914	-2.389
93.8	-2.338	-3.688	-5.386	-1.403	-5.211
93.9	-4.917	-1.489	-5.397	-4.864	-4.189
94	-3.477	-1.191	-5.337	-1.044	-2.478
94.1	-3.539	-3.732	-2.937	-1.146	-1.33
94.2	-1.023	-1.786	-5.285	-4.707	-4.02
94.3	-2.809	-5.519	-4.82	-3.901	-1.115
94.4	-2.392	-4.897	-2.468	-1.207	-1.135
94.5	-2.609	-1.736	-4.049	-5.604	-1.418
94.6	-1.523	-4.193	-1.17	-3.674	-5.169
94.7	-4.585	-5.307	-4.828	-3.547	-2.106
94.8	-2.809	-5.556	-1.256	-4.402	-5.506
94.9	-1.881	-5.488	-2.25	-1.742	-4.688
95	-1.332	-5.334	-0.9186	-2.441	-3.878
95.1	-2.446	-5.337	-0.9154	-1.002	-3.348
95.2	-3.668	-1.898	-0.9204	-1.913	-1.982
95.3	-1.04	-1.197	-5.101	-1.587	-5.615
95.4	-4.813	-5.606	-2.47	-1.865	-1.632
95.5	-1.006	-3.68	-2.934	-4.259	-1.343
95.6	-4.897	-1.576	-5.515	-3.588	-3.355
95.7	-3.141	-5.14	-3.659	-3.041	-1.968
95.8	-3.298	-1.921	-1.936	-3.615	-4.639
95.9	-4.98	-5.392	-2.207	-4.959	-1.141
96	-3.839	-4.945	-0.9667	-2.668	-1.532
96.1	-1.668	-1.648	-1.674	-2.957	-1.346
96.2	-2.516	-1.176	-5.531	-5.402	-4.192
96.3	-4.692	-1.852	-2.117	-3.889	-2.862
96.4	-3.361	-3.808	-2.485	-5.126	-3.417
96.5	-5.434	-5.414	-5.046	-2	-5.174
96.6	-4.401	-1.148	-2.493	-1.786	-1.273
96.7	-2.16	-2.964	-0.9924	-2.686	-4.114
96.8	-1.398	-4.485	-4.989	-2.789	-5.625
96.9	-5.752	-5.368	-0.9081	-5.497	-3.06
97	-2.074	-5.015	-3.696	-5.205	-4.757
97.1	-5.734	-1.314	-2.228	-0.9842	-3.463
97.2	-4.111	-4.196	-1.032	-5.571	-4.657
97.3	-1.076	-2.884	-1.022	-4.741	-0.8539
97.4	-1.587	-4.221	-4.427	-5.465	-1.35
97.5	-4.705	-2.457	-1.786	-3.703	-3.527
97.6	-3.232	-1.41	-2.943	-2.221	-0.8963
97.7	-3.593	-5.257	-3.168	-5.588	-5.247
97.8	-4.806	-1.09	-5.52	-1.2	-5.021
97.9	-1.587	-1.89	-2.791	-1.078	-3.049
98	-1.421	-3.432	-1.681	-3.736	-2.568
98.1	-0.9504	-1.935	-2.219	-4.7	-1.752
98.2	-4.396	-2.747	-0.9178	-0.8566	-3.839
98.3	-1.922	-3.019	-0.9489	-4.472	-1.841
98.4	-2.688	-3.991	-5.546	-5.245	-1.077
98.5	-1.145	-3.409	-3.202	-1.838	-3.172
98.6	-5.572	-4.363	-1.159	-5.325	-2.675
98.7	-4.567	-4.03	-1.61	-3.702	-1.034
98.8	-5.252	-1.803	-3.473	-4.274	-0.9016
98.9	-4.687	-5.063	-2.69	-0.8962	-0.9088
99	-1.676	-1.541	-3.804	-3.981	-5.346
99.1	-4.318	-4.621	-4.082	-1.984	-2.53
99.2	-5.414	-2.203	-1.249	-2.902	-1.2
99.3	-1.102	-5.269	-4.624	-4.224	-5.018
99.4	-5.661	-0.9973	-3.367	-1.615	-5.184
99.5	-1.586	-1.285	-2.83	-5.557	-2.915
99.6	-1.668	-1.598	-3.05	-1.197	-5.598
99.7	-3.13	-1.022	-2.761	-0.8737	-1.052
99.8	-3.408	-1.157	-5.537	-3.259	-3.177
99.9	-5.53	-1.368	-5.529	-3.45	-5.359
100	-5.777	-4.742	-1.371	-3.622	-5.306
100.1	-5.381	-5.599	-0.9311	-2.189	-3.343
100.2	-1.078	-1.203	-1.085	-5.516	-5.513
100.3	-5.689	-4.873	-5.429	-3.426	-3.947
100.4	-5.036	-1.844	-5.191	-0.923	-2.369
100.5	-0.9544	-1.442	-3.504	-1.474	-5.425
100.6	-2.508	-5.338	-3.658	-0.9581	-5.134
100.7	-0.9673	-4.203	-1.003	-2.039	-3.652
100.8	-5.191	-5.241	-4.052	-0.9579	-1.373
100.9	-4.028	-5.638	-4.595	-2.973	-5.668
101	-0.9367	-4.157	-0.96	-5.551	-4.816
101.1	-1.382	-3.098	-5.406	-3.066	-2.621
101.2	-4.174	-3.606	-5.007	-1.29	-4.218
101.3	-3.233	-5.555	-1.559	-4.612	-3.539
101.4	-3.214	-4.519	-2.728	-1.295	-4.578
101.5	-2.219	-0.9987	-1.291	-3.939	-4.182
101.6	-4.761	-5.367	-0.9214	-0.8995	-2.315
101.7	-1.991	-3.937	-3.341	-5.614	-2.888
101.8	-1.637	-4.453	-5.531	-4.256	-5.642
101.9	-4.53	-1.798	-4.933	-1.376	-5.433
102	-5.275	-4.676	-1.573	-2.872	-2.181
102.1	-4.091	-1.958	-5.533	-4.133	-2.115
102.2	-0.9708	-1.051	-2.721	-2.207	-3.255
102.3	-5.728	-1.161	-3.873	-1.529	-3.491
102.4	-3.934	-5.227	-2.512	-4.582	-4.466
102.5	-4.846	-1.724	-4.404	-5.51	-3.427
102.6	-5.543	-5.27	-1.221	-4.01	-4.488
102.7	-5.09	-4.257	-2.408	-5.568	-5.652
102.8	-4.315	-3.745	-5.032	-2.824	-4.484
102.9	-4.448	-5.6	-4.357	-3.803	-5.161
103	-0.9688	-1.374	-1.06	-0.9843	-0.8475
103.1	-2.266	-5.235	-5.519	-4.174	-5.056
103.2	-1.752	-5.633	-3.449	-4.222	-3.253
103.3	-5.713	-2.945	-1.165	-1.924	-0.9154
103.4	-5.091	-2.21	-2.727	-4.817	-1.912
103.5	-2.322	-0.971	-0.9396	-3.29	-1.032
103.6	-4.645	-1.797	-2.882	-5.224	-3.614
103.7	-1.011	-1.722	-0.963	-1.338	-2.748
103.8	-1.074	-4.807	-4.928	-2.626	-5.608
103.9	-3.979	-4.074	-5.441	-1.847	-5.365
104	-3.94	-1.03	-4.088	-1.556	-5.439
104.1	-1.145	-5.604	-5.551	-0.9526	-2.137
104.2	-5.519	-4.187	-1.257	-4.518	-1
104.3	-0.977	-3.132	-5.47	-4.585	-5.028
104.4	-3.326	-0.9836	-5.357	-2.354	-3.734
104.5	-5.59	-5.459	-1.293	-1.796	-2.303
104.6	-4.644	-1.563	-5.371	-2.612	-2.095
104.7	-5.426	-2.913	-2.003	-5.054	-0.8606
104.8	-5.74	-0.991	-4.034	-5.275	-5.62
104.9	-4.821	-1.177	-4.178	-3.506	-3.536
105	-1.531	-0.9469	-3.959	-0.8917	-1.198
105.1	-3.773	-1.422	-5.472	-4.641	-0.8138
105.2	-1.129	-5.458	-1.273	-0.8885	-5.507
105.3	-5.756	-5.399	-5.528	-1.026	-3.41
105.4	-1.885	-2.488	-3.235	-0.8705	-1.21
105.5	-5.712	-1.485	-2.027	-1.262	-5.581
105.6	-4.189	-1.573	-2.192	-5.398	-2.351
105.7	-5.708	-2.343	-3.927	-3.5	-3.407
105.8	-2.311	-1.109	-5.32	-5.084	-5.659
105.9	-1.42	-5.144	-1.872	-5.66	-5.578
106	-4.696	-1.984	-3.917	-1.355	-5.179
106.1	-4.922	-1.555	-5.571	-5.129	-4.975
106.2	-1.349	-2.164	-1.207	-5.259	-1.875
106.3	-5.644	-2.507	-1.106	-2.71	-4.682
106.4	-1.234	-5.039	-1.087	-5.576	-1.796
106.5	-3.597	-1.007	-3.296	-5.526	-1.137
106.6	-2.662	-5.184	-1.304	-3.007	-1.139
106.7	-1.136	-5.522	-0.986	-5.521	-3.971
106.8	-2.39	-5.242	-0.9694	-1.049	-3.62
106.9	-5.231	-4.763	-4.29	-3.312	-3.645
107	-4.715	-0.9321	-4.364	-1.901	-3.484
107.1	-3.152	-3.255	-2.895	-1.396	-0.94
107.2	-4.842	-0.9333	-4.555	-1.899	-1.065
107.3	-3.04	-5.324	-0.9613	-2.146	-0.9265
107.4	-1.334	-1.734	-1.022	-5.305	-3.969
107.5	-5.008	-4.666	-3.296	-2.099	-0.8507
107.6	-1.073	-3.952	-1.081	-5.262	-5.184
107.7	-2.626	-4.258	-1.212	-4.435	-1.765
107.8	-3.004	-4.506	-2.649	-5.452	-2.022
107.9	-5.607	-4.93	-1.166	-5.194	-4.38
108	-1.943	-1.889	-5.551	-5.326	-3.508
108.1	-4.651	-5.429	-5.23	-3.298	-1.396
108.2	-0.9886	-5.118	-1.802	-2.615	-0.9231
108.3	-3.077	-5.388	-2.071	-5.571	-1.682
108.4	-4.043	-1.161	-4.133	-1.144	-5.529
108.5	-5.015	-4.209	-1.872	-1.307	-5.304
108.6	-5.295	-1.772	-1.007	-5.512	-3.553
108.7	-0.9475	-3.872	-4.217	-5.134	-1.479
108.8	-3.694	-2.52	-5.501	-1.583	-1.044
108.9	-5.411	-1.752	-1.49	-4.649	-1.929
109	-1.781	-1.894	-1.539	-0.9016	-4.153
109.1	-5.049	-4.912	-1.051	-3.036	-1.577
109.2	-2.655	-0.982	-4.377	-5.493	-1.092
109.3	-5.065	-3.338	-5.578	-0.9846	-1.514
109.4	-4.576	-1.839	-4.012	-1.424	-4.184
109.5	-2.648	-2.29	-2.547	-1.148	-0.9943
109.6	-5.012	-1.321	-1.648	-3.557	-1.124
109.7	-1.447	-1.168	-5.249	-0.8602	-1.592
109.8	-1.271	-1.352	-1.467	-4.115	-2.404
109.9	-1.024	-2.692	-5.595	-3.885	-4.84
110	-2.085	-2.748	-5.611	-2.867	-0.8493
110.1	-5.606	-3.537	-4.562	-5.62	-0.9542
110.2	-4.741	-4.952	-5.627	-5.169	-0.8671
110.3	-1.904	-1.438	-5.615	-3.17	-4.305
110.4	-2.056	-2.288	-0.9436	-5.578	-0.8535
110.5	-3.948	-3.869	-3.477	-5.625	-1.128
110.6	-3.674	-1.055	-5.47	-1.201	-4.386
110.7	-2.354	-1.042	-2.737	-1.789	-3.539
110.8	-5.494	-5.056	-1.397	-1.317	-2.382
110.9	-3.647	-4.519	-4.847	-5.204	-5.569
111	-3.681	-1.128	-1.594	-4.756	-2.304
111.1	-4.362	-4.466	-1.28	-5.443	-4.256
111.2	-5.468	-3.346	-1.316	-3.778	-0.976
111.3	-1.306	-1.431	-1.856	-1.674	-5.363
111.4	-2.586	-4.993	-5.564	-3.914	-3.643
111.5	-0.9778	-3.36	-1.446	-5.552	-4.944
111.6	-3.657	-5.126	-1.019	-1.215	-5.589
111.7	-2.14	-2.612	-1.229	-3.856	-5.634
111.8	-2.665	-4.212	-1.358	-3.322	-4.971
111.9	-2.111	-2.271	-5.653	-3.185	-4.54
112	-3.873	-1.407	-1.586	-1.317	-1.089
112.1	-1.744	-5.137	-5.614	-1.184	-5.58
112.2	-5.257	-0.9513	-1.065	-5.526	-3.38
112.3	-4.532	-1.904	-4.115	-3.291	-5.49
112.4	-4.907	-1.438	-1.104	-1.033	-1.711
112.5	-5.613	-2.203	-2.351	-1.277	-1.154
112.6	-5.346	-5.471	-2.366	-0.8747	-5.434
112.7	-1.005	-1.321	-5.019	-3.68	-3.471
112.8	-5.281	-2.908	-5.152	-0.9568	-2.713
112.9	-2.386	-1.695	-4.836	-5.087	-4.763
113	-4.18	-5.562	-4.311	-1.814	-2.505
113.1	-5.646	-3.436	-4.844	-1.381	-3.668
113.2	-1.205	-3.553	-5.654	-0.9535	-5.607
113.3	-1.511	-1.002	-4.295	-1.443	-1.627
113.4	-1.006	-0.9916	-5.585	-1.808	-5.414
113.5	-5.636	-2.243	-0.968	-5.134	-5.206
113.6	-0.9761	-3.293	-1.987	-1.249	-1.253
113.7	-5.31	-2.228	-1.228	-1.322	-4.239
113.8	-4.984	-1.316	-1.806	-2.391	-5.641
113.9	-3.347	-5.434	-2.005	-0.9853	-0.8699
114	-1.153	-5.124	-5.521	-5.592	-1.618
114.1	-2.4	-1.125	-5.068	-4.096	-4.848
114.2	-1.03	-5.44	-5.225	-5.586	-1.737
114.3	-3.108	-4.414	-2.082	-4.663	-5.652
114.4	-1.003	-3.376	-5.045	-3.363	-1.535
114.5	-2.394	-5.511	-3.494	-1.567	-1.035
114.6	-1.093	-2.753	-1.288	-3.911	-4.791
114.7	-1.088	-1.569	-1.046	-1.627	-3.793
114.8	-1.138	-1.283	-4.057	-5.6	-1.015
114.9	-5.27	-2.295	-5.174	-0.8476	-3.461
115	-3.805	-2.798	-4.16	-0.9213	-5.485
115.1	-4.482	-4.645	-3.868	-2.54	-4.498
115.2	-2.323	-1.017	-1.002	-0.8821	-1.682
115.3	-1.116	-2.427	-3.34	-4.202	-5.085
115.4	-1.165	-3.311	-1.794	-4.021	-5.25
115.5	-2.902	-5.547	-3.899	-3.835	-4.571
115.6	-5.653	-2.019	-4.57	-1.413	-1.899
115.7	-4.037	-4.435	-5.452	-0.9698	-4.548
115.8	-3.069	-4.055	-0.979	-5.488	-5.173
115.9	-1.736	-3.626	-2.349	-5.281	-2.82
116	-2.544	-3.328	-1.003	-1.29	-5.424
116.1	-5.687	-2.611	-3.241	-5.219	-1.548
116.2	-4.681	-4.595	-1.42	-1.538	-2.341
116.3	-4.705	-5.645	-5.581	-4.982	-2.264
116.4	-5.126	-2.07	-5.466	-1.834	-5.38
116.5	-4.978	-1.227	-4.334	-5.235	-4.164
116.6	-1.502	-2.256	-3.403	-3.889	-4.554
116.7	-2.875	-5.104	-1.025	-3.573	-5.377
116.8	-5.543	-3.939	-2.687	-1.15	-4.536
116.9	-4.777	-5.594	-1.989	-5.577	-5.403
117	-1.514	-2.198	-3.723	-1.36	-2.308
117.1	-3.797	-5.591	-3.271	-3.446	-0.8614
117.2	-1.463	-4.413	-1.413	-2.533	-4.259
117.3	-5.585	-0.9684	-2.03	-1.787	-4.411
117.4	-0.9697	-1.068	-5.06	-0.8727	-5.418
117.5	-5.197	-2.613	-2.297	-4.382	-2.08
117.6	-1.119	-1.365	-1.168	-1.788	-2.858
117.7	-5.689	-5.52	-3.345	-4.647	-3.006
117.8	-3.502	-3.476	-4.245	-2.142	-5.296
117.9	-3.222	-2.541	-3.799	-1.992	-1.212
118	-4.841	-3.819	-3.32	-4.913	-3.934
118.1	-4.925	-3.976	-2.223	-0.9162	-5.563
118.2	-1.016	-0.9607	-1.518	-5.546	-0.9555
118.3	-3.037	-4.436	-1.407	-3.964	-2.007
118.4	-1.762	-5.151	-3.476	-1.589	-3.405
118.5	-1.385	-0.9465	-0.9929	-4.231	-1.06
118.6	-5.163	-2.611	-1.25	-4.714	-2.984
118.7	-5.411	-5.596	-1.167	-5.383	-1.697
118.8	-4.846	-1.272	-2.68	-3.472	-1.619
118.9	-5.638	-4.127	-2.234	-5.333	-2.747
119	-4.06	-4.614	-4.071	-5.099	-4.256
119.1	-4.629	-5.545	-2.692	-5.681	-2.21
119.2	-4.965	-3.039	-3.38	-5.334	-4.062
119.3	-4.204	-4.845	-1.428	-2.25	-5.356
119.4	-5.208	-5.471	-1.856	-5.517	-2.277
119.5	-3.582	-1.84	-4.113	-3.493	-4.2
119.6	-2.822	-1.73	-3.936	-3.856	-0.9728
119.7	-2.8	-5.233	-1.654	-3.006	-4.386
119.8	-1.251	-3.166	-5.023	-5.476	-1.949
119.9	-1.16	-4.685	-0.9805	-3.265	-2.452
120	-1.396	-4.638	-1.009	-3.044	-3.969
