# SCAN started at: 2019-02-12 09:08:50
# Elen_Scan Mass: 146 Resolution: 100
# ----------------------------------------
# 
0	-0.4695	-0.09906	-4.572
0.01	1	1	-0.8275
0.02	-2.031	1	1
0.03	-1.612	1	-0.293
0.04	1	1	-0.3527
0.05	-1.483	-1.104	-0.1014
0.06	-2.119	-1.378	-0.2331
0.07	-2.179	1	-0.08485
0.08	1	1	-0.4477
0.09	-2.178	1	-0.3136
0.1	1	1	-0.0216
0.11	-1.999	1	-0.001393
0.12	-1.97	-1.664	-0.147
0.13	-1.3	-2.124	-0.01508
0.14	-1.634	-1.619	-0.2657
0.15	-2.275	1	-0.05395
0.16	1	1	1
0.17	1	1	1
0.18	1	1	-0.0282
0.19	1	1	1
0.2	-2.157	-1.821	-0.1189
0.21	1	1	-1.019
0.22	1	-1.983	1
0.23	-1.562	-2.327	-0.4305
0.24	-2.1	-2.065	-0.5215
0.25	-2.119	-1.939	-0.3241
0.26	1	1	1
0.27	1	1	-0.03387
0.28	1	1	-0.007288
0.29	1	1	1
0.3	1	1	-0.05537
0.31	1	-0.05243	-0.9147
0.32	-1.711	1	-0.0002875
0.33	-1.909	1	1
0.34	-1.512	1	1
0.35	-2.199	1	-0.5769
0.36	1	1	-0.519
0.37	1	1	-1.303
0.38	-1.136	-2.019	1
0.39	-1.92	-0.7059	1
0.4	-1.579	1	-0.5791
0.41	-2.234	-1.438	-1.333
0.42	-0.0546	1	1
0.43	1	1	-0.1267
0.44	1	-1.691	1
0.45	-2.09	-1.965	-0.2439
0.46	-2.01	-1.657	-0.3367
0.47	-2.139	-1.822	-0.06803
0.48	-0.3327	-0.2106	-0.1893
0.49	-0.0496	-0.4248	-0.5031
0.5	-2.321	-0.6155	-1.968
0.51	-0.713	-1.201	-0.02376
0.52	-2.072	-2.766	-2.27
0.53	-2.725	-3.059	-2.412
0.54	-2.693	-2.052	-0.8784
0.55	-2.655	-0.8101	-1.101
0.56	-1.356	-1.299	-1.319
0.57	-1.651	-1.459	-1.037
0.58	-1.758	-1.528	-3.67
0.59	-2.317	-3.802	-2.536
0.6	-2.434	-2.946	-1.097
0.61	-1.834	-2.652	-3.199
0.62	-2.6	-1.674	-1.13
0.63	-2.334	-1.337	-0.8994
0.64	-2.217	-2.975	-1.695
0.65	-2.326	-3.186	-3.612
0.66	-4.264	-3.753	-3.438
0.67	-4.798	-3.033	-3.722
0.68	-2.049	-3.427	-1.285
0.69	-0.921	-1.059	-1.199
0.7	-2.803	-1.887	-0.6833
0.71	-4.409	-2.076	-1.459
0.72	-4.453	-3.201	-3.946
0.73	-4.626	-3.803	-3.937
0.74	-1.693	-3.767	-3.987
0.75	-1.994	-1.568	-1.074
0.76	-1.233	-1.952	-1.125
0.77	-0.2094	-1.814	-4.107
0.78	-1.907	-3.207	-4.146
0.79	-3.211	-2.96	-0.6684
0.8	-3.853	-3.5	-1.431
0.81	-1.888	-2.503	-1.162
0.82	-3.62	-2.015	-3.977
0.83	-4.509	-1.787	-4.035
0.84	-0.683	-2.003	-4.103
0.85	-0.6595	-1.934	-4.063
0.86	-4.452	-1.772	-3.938
0.87	-4.547	-3.009	-0.666
0.88	-4.363	-3.12	-0.6037
0.89	-4.582	-1.657	-0.8562
0.9	-4.672	-1.257	-0.4563
0.91	-4.397	-3.21	-3.928
0.92	-0.4086	-2.148	-0.6589
0.93	-0.5962	-1.915	-0.9128
0.94	-4.52	-2.818	-0.5313
0.95	-4.687	-2.973	-1.047
0.96	-4.704	-3.674	-4.003
0.97	-4.57	-3.021	-3.989
0.98	-0.4414	-2.991	-4.03
0.99	-0.5674	-2.449	-0.9528
1	-4.674	-1.8	-0.7112
1.01	-0.3475	-2.965	-1.298
1.02	-0.692	-2.6	-4.436
1.03	-3.351	-2.464	-3.648
1.04	-1.229	-1.87	-0.9211
1.05	-1.952	-1.45	-4.181
1.06	-1.587	-2.766	-0.201
1.07	-1.464	-2.532	-0.2976
1.08	-3.531	-2.534	-0.2361
1.09	-3.43	-1.759	-0.1844
1.1	-3.641	-2.43	-0.1316
1.11	-1.817	-2.813	-4.508
1.12	-3.287	-3.606	-0.1132
1.13	-3.351	-1.239	-0.1755
1.14	-3.645	-1.511	-4.594
1.15	-1.688	-3.725	-4.465
1.16	-3.374	-3.958	-4.713
1.17	-3.105	-1.316	-0.114
1.18	-1.575	-0.6384	-0.0913
1.19	-3.145	-1.509	-4.705
1.2	-1.548	-3.362	-4.615
1.21	-3.01	-1.106	-4.607
1.22	-1.571	-3.624	-0.0227
1.23	-1.956	-3.222	-0.06149
1.24	-2.23	-2.853	-0.0875
1.25	-3.327	-1.123	1
1.26	-1.866	-1.586	-0.07638
1.27	-1.503	-1.406	-4.722
1.28	-3.137	-1.62	-4.695
1.29	-3.996	-1.435	-0.2435
1.3	-1.748	-3.039	-1.278
1.31	-2.173	-1.279	1
1.32	-3.12	-3.404	-4.686
1.33	-2.876	-2.467	-4.597
1.34	-2.942	-1.104	-4.635
1.35	-1.019	-2.346	-4.658
1.36	-2.398	-3.617	-4.644
1.37	-2.821	-2.807	-0.09376
1.38	-2.859	-2.73	-0.03071
1.39	-2.83	-3.26	-0.03579
1.4	-3.248	-1.992	-0.119
1.41	-1.415	-2.234	-4.685
1.42	-3.591	-3.201	-0.06138
1.43	-2.759	-2.635	-1.5
1.44	-3.215	-2.597	-4.464
1.45	-2.859	-2.757	-0.253
1.46	-2.993	-2.481	-0.3874
1.47	-1.718	-2.666	-1.488
1.48	-1.724	-2.184	-0.2345
1.49	-1.954	-1.981	-0.2008
1.5	-3.344	-2.032	-0.1584
1.51	-1.78	-2.873	-0.08054
1.52	-2.952	-2.305	-4.324
1.53	-3.482	-2.247	-4.523
1.54	-3.796	-3.188	-4.614
1.55	-1.459	-1.028	-0.124
1.56	-1.239	-1.237	-0.8883
1.57	-1.637	-0.7171	-4.419
1.58	-1.372	-3.596	-4.316
1.59	-3.977	-3.981	-4.57
1.6	-0.2365	-3.022	-4.613
1.61	-4.367	-2.966	-4.663
1.62	-0.2229	-1.376	-0.07052
1.63	1	-1.158	-0.5254
1.64	-0.4562	-1.486	1
1.65	-4.413	-3.638	-4.232
1.66	-4.349	-2.768	-4.693
1.67	-0.1659	-1.133	-0.2788
1.68	-0.03342	-1.517	-0.147
1.69	-0.1032	-0.1248	-0.2021
1.7	-4.454	-3.155	-4.593
1.71	-0.07094	-1.46	-0.1648
1.72	-4.569	-3.518	-4.477
1.73	-4.576	-3.27	-4.602
1.74	-4.64	-3.209	-4.476
1.75	-0.04903	-1.412	-4.606
1.76	-0.007589	-1.701	-4.564
1.77	1	-3.042	-4.574
1.78	1	-3.147	-4.576
1.79	-4.626	-3.099	-4.543
1.8	-4.631	-0.7445	-4.597
1.81	-4.641	-3.146	-2.967
1.82	-0.2708	-1.493	-3.042
1.83	-0.023	-1.484	-0.7726
1.84	-4.616	-2.005	-3.589
1.85	-4.625	-3.637	-1.908
1.86	-0.1475	-2.923	-4.705
1.87	-0.1404	-2.903	-3.464
1.88	-0.3072	-2.591	-2.037
1.89	-4.429	-1.756	-3.748
1.9	-4.478	-1.944	-3.301
1.91	-4.425	-2.308	-4.046
1.92	-0.7219	-2.721	-1.707
1.93	-0.8115	-2.708	-1.087
1.94	-1.534	-3.239	-0.9625
1.95	-4.066	-1.593	-1.197
1.96	-3.976	-2.007	-1.252
1.97	-1.586	-2.862	-1.527
1.98	-0.8853	-3.03	-3.712
1.99	-2.905	-2.953	-3.483
2	-2.262	-2.148	-3.803
