# SCAN started at: 2019-02-14 08:41:30
# Elen_Scan Mass: 20.3 Resolution: 30
# ----------------------------------------
# 
19	-10.85	-6.27	-4.873	-8.556	-10.18	-6.415	-5.879	-8.754	-9.846	-5.124	-10.16	-6.727	-7.689	-10.36	-10.08	-9.476	-5.051	-9.846	-7.465	-7.573	-5.48	-4.856	-4.698	-8.963	-6.105	-5.292	-5.063	-5.285	-8.254	-10.54
19.01	-4.888	-6.668	-4.58	-10.26	-9.592	-5.643	-5.441	-8.07	-9.114	-4.962	-7.298	-6.42	-6.368	-6.85	-10.19	-10.35	-4.861	-10.52	-5.335	-5.388	-5.189	-4.793	-9.334	-9.577	-7.026	-8.964	-5.586	-7.023	-5.03	-8.155
19.02	-4.432	-2.202	-9.887	-10.3	-9.462	-9.029	-9.458	-6.331	-5.999	-9.997	-7.293	-8.11	-9.588	-8.284	-5.478	-5.099	-10.01	-5.253	-5.344	-10.53	-10.19	-9.271	-5.982	-5.284	-7.264	-8.891	-10.36	-7.462	-5.347	-7.518
19.03	-9.928	-6.855	-9.943	-10.35	-9.74	-5.835	-9.225	-6.538	-9.056	-9.911	-7.841	-7.058	-9.681	-8.353	-10.38	-5.193	-5.245	-5.281	-10.28	-5.438	-9.719	-5.023	-9.43	-9.281	-8.369	-9.195	-10.46	-8.257	-10.11	-7.869
19.04	-5.092	-7.038	-9.917	-10.42	-9.865	-9.553	-5.739	-8.046	-9.23	-5.356	-6.524	-6.952	-5.915	-7.709	-5.723	-5.221	-5.248	-5.32	-10.26	-5.505	-5.145	-5.105	-9.382	-8.848	-7.638	-6.101	-5.261	-8.552	-5.633	-8.012
19.05	-10.64	-7.238	-9.807	-10.43	-4.73	-9.787	-5.714	-6.751	-5.714	-9.605	-8.587	-6.885	-5.894	-7.771	-10.1	-10.52	-10.15	-10.68	-5.564	-10.34	-5.727	-9.771	-4.888	-6.814	-7.958	-5.805	-10.46	-8.766	-9.755	-7.986
19.06	-5.341	-2.191	-9.641	-10.4	-4.771	-5.27	-5.612	-8.467	-5.623	-5.839	-8.982	-8.28	-5.886	-8.254	-10.01	-5.343	-10.18	-10.69	-5.483	-10.23	-9.487	-9.892	-4.739	-7.353	-8.412	-9.987	-10.39	-6.569	-5.889	-7.764
19.07	-10.97	-10.11	-9.474	-10.31	-4.737	-5.116	-5.637	-8.271	-5.589	-9.061	-5.454	-8.261	-9.519	-8.151	-6.082	-10.49	-5.176	-5.298	-5.464	-5.924	-9.054	-4.599	-4.749	-7.255	-7.077	-5.495	-5.311	-9.302	-9.632	-7.701
19.08	-11.05	-10.34	-9.19	-5.331	-4.817	-10.22	-5.56	-8.139	-9.618	-6.423	-9.578	-6.953	-10.04	-7.904	-6.286	-5.497	-5.122	-5.365	-5.373	-6.034	-6.405	-4.637	-10.03	-6.669	-6.879	-5.397	-5.709	-9.591	-9.438	-8.072
19.09	-5.66	-4.802	-5.984	-5.694	-4.904	-10.31	-5.519	-8.02	-5.429	-8.496	-5.065	-6.964	-5.725	-7.907	-6.452	-10.32	-5.144	-10.71	-10.58	-6.217	-6.71	-9.724	-5.081	-9.006	-9.302	-10.47	-9.931	-5.85	-9.362	-7.656
19.1	-11.07	-4.97	-6.143	-5.879	-9.894	-4.918	-5.492	-8.133	-5.349	-7.129	-9.97	-8.312	-10.14	-8.065	-9.431	-10.26	-10.27	-10.69	-10.61	-9.647	-7.857	-10.17	-9.536	-9.364	-10.1	-10.5	-9.7	-5.685	-6.408	-7.668
19.11	-11.07	-4.705	-8.153	-8.609	-5.695	-4.952	-5.267	-7.458	-5.431	-7.448	-10.14	-7.874	-5.49	-8.137	-7.033	-5.909	-10.2	-10.64	-5.313	-9.666	-7.647	-9.717	-8.964	-9.727	-9.901	-10.55	-8.751	-5.257	-6.95	-8.078
19.12	-10.79	-5.29	-6.903	-6.53	-9.247	-10.12	-9.948	-8.065	-5.199	-8.212	-10.02	-8.281	-5.466	-8.225	-7.28	-5.913	-10.34	-10.67	-5.3	-9.191	-6.867	-9.925	-8.094	-10.18	-10.34	-10.56	-8.782	-5.331	-6.835	-7.663
19.13	-6.521	-9.662	-7.098	-6.897	-8.984	-9.959	-10.04	-8.205	-5.071	-6.638	-9.471	-6.981	-10.34	-7.849	-8.686	-9.869	-5.079	-5.393	-5.27	-7.089	-6.483	-6.295	-7.406	-10.33	-5.676	-5.218	-7.503	-10.43	-8.869	-7.595
19.14	-6.742	-9.33	-7.266	-7.226	-8.692	-5.55	-10.08	-8.355	-10.04	-8.923	-5.468	-7.063	-5.381	-7.795	-7.644	-6.09	-4.978	-10.7	-10.72	-7.218	-8.625	-6.555	-7.938	-4.979	-5.513	-5.361	-7.983	-10.4	-8.693	-8.373
19.15	-10.46	-9.11	-7.525	-7.702	-8.319	-5.841	-10.1	-6.809	-5.024	-6.007	-5.799	-6.913	-5.127	-8.423	-8.2	-6.229	-5.026	-10.7	-10.76	-7.453	-8.926	-9.14	-6.583	-5.211	-10.68	-10.22	-8.354	-10.49	-8.591	-7.588
19.16	-7.36	-6.705	-8.31	-7.936	-7.926	-9.213	-10.15	-8.733	-4.98	-9.47	-8.918	-8.281	-5.255	-7.651	-7.918	-9.697	-10.43	-5.411	-5.287	-8.449	-5.432	-8.651	-6.082	-9.713	-5.434	-10.21	-7.289	-5.27	-7.227	-7.534
19.17	-10.15	-8.708	-8.004	-8.261	-7.682	-8.905	-5.212	-8.869	-4.922	-9.696	-6.501	-8.8	-10.45	-8.228	-8.105	-9.593	-10.42	-5.39	-5.279	-7.903	-5.166	-8.379	-9.27	-6.038	-5.418	-6.373	-9.016	-10.41	-7.263	-7.57
19.18	-7.556	-8.566	-6.685	-8.65	-7.742	-6.85	-10.23	-9.071	-10.18	-9.902	-8.174	-7.27	-5.264	-7.622	-7.871	-6.489	-5.08	-5.432	-5.328	-8.035	-9.582	-7.818	-9.545	-6.636	-10.63	-5.965	-9.352	-10.25	-8.306	-8.424
19.19	-7.807	-8.247	-6.551	-8.91	-8.161	-7.105	-10.38	-9.222	-4.937	-5.249	-7.561	-8.138	-5.279	-7.528	-8.451	-6.619	-10.49	-10.71	-10.77	-8.282	-10.03	-8.088	-4.999	-8.172	-10.52	-6.107	-6.234	-5.416	-7.428	-7.46
19.2	-9.644	-8.425	-6.335	-5.968	-8.471	-7.481	-5.09	-6.032	-4.961	-10.11	-7.861	-8.068	-5.285	-7.542	-7.524	-9.264	-10.57	-5.42	-10.73	-7.636	-4.856	-7.434	-4.88	-7.577	-5.631	-9.516	-5.904	-5.713	-7.577	-7.553
19.21	-9.515	-8.792	-9.144	-9.872	-5.642	-7.066	-10.38	-9.697	-4.961	-5.093	-8.515	-7.494	-10.56	-6.967	-9.048	-9.282	-10.52	-10.74	-10.75	-7.658	-4.775	-6.922	-4.753	-6.746	-5.757	-9.517	-5.356	-6.477	-8.082	-7.814
19.22	-9.037	-9.359	-5.699	-5.385	-9.315	-8.576	-5.05	-5.558	-5.068	-5.142	-9.107	-8.021	-10.63	-7.316	-9.126	-8.89	-10.58	-10.78	-10.75	-7.042	-4.758	-6.221	-4.938	-5.844	-6.23	-8.98	-5.393	-6.407	-7.635	-7.399
19.23	-8.818	-6.8	-5.611	-5.195	-9.608	-8.843	-5.033	-5.43	-5.141	-9.894	-5.457	-8.004	-10.68	-7.358	-6.85	-8.702	-10.57	-5.356	-5.423	-9.305	-4.877	-5.931	-9.78	-9.789	-6.526	-7.073	-10.61	-9.169	-7.754	-8.585
19.24	-8.824	-6.528	-5.448	-5.049	-9.82	-9.16	-5.04	-5.398	-10.06	-9.788	-5.22	-7.039	-5.353	-8.81	-6.679	-7.449	-5.24	-10.75	-10.76	-9.422	-5.022	-5.789	-9.469	-10.05	-9.134	-7.194	-10.58	-8.827	-7.968	-8.539
19.25	-9.297	-10.15	-4.965	-4.944	-9.999	-9.414	-10.47	-10.13	-5.339	-5.749	-5.073	-7.999	-10.62	-7.27	-9.521	-7.562	-10.54	-10.74	-10.77	-6.01	-9.783	-5.579	-5.916	-4.927	-8.835	-8.453	-5.466	-8.615	-7.999	-7.405
19.26	-8.359	-10.4	-5.178	-4.897	-4.986	-9.624	-10.44	-5.189	-5.42	-6.142	-10.13	-8.135	-10.53	-7.368	-9.661	-7.728	-10.58	-5.338	-10.76	-6.341	-5.466	-10.3	-6.407	-4.939	-8.611	-8.315	-5.589	-7.469	-7.914	-6.885
19.27	-9.682	-5.907	-9.845	-4.9	-4.958	-5.474	-5.054	-10.21	-5.714	-8.751	-10.21	-8.054	-10.6	-7.313	-6.294	-8.117	-5.14	-5.372	-5.387	-9.856	-5.68	-10.48	-8.151	-10.21	-8.348	-7.789	-10.19	-7.793	-7.963	-7.453
19.28	-8.007	-5.791	-9.932	-4.931	-4.923	-5.297	-10.47	-5.065	-9.554	-8.506	-10.22	-7.115	-5.537	-8.81	-9.867	-7.984	-5.282	-5.409	-10.76	-10.01	-6.055	-10.52	-7.717	-10.06	-8.019	-7.882	-9.928	-7.733	-7.826	-8.541
19.29	-10.06	-11	-10.06	-5.036	-4.931	-5.014	-10.43	-10.32	-9.415	-7.269	-10.06	-7.022	-5.565	-8.847	-6.056	-8.129	-10.61	-10.79	-8.805	-5.94	-8.872	-5.238	-8.425	-5.707	-7.646	-8.018	-6.326	-8.294	-7.797	-7.459
19.3	-10.22	-11	-10.05	-10.15	-4.964	-5.078	-10.42	-5.055	-6.027	-7.582	-5.225	-8.12	-10.51	-8.843	-10.09	-7.629	-10.58	-10.81	-5.355	-5.565	-8.612	-10.5	-8.31	-6.219	-8.717	-7.667	-6.653	-8.579	-7.973	-7.519
19.31	-10.32	-11	-4.81	-9.71	-5.634	-5.064	-10.43	-5.033	-6.117	-8.035	-5.522	-7.728	-10.16	-7.623	-9.996	-7.763	-10.79	-10.64	-5.412	-5.827	-7.742	-10.3	-8.86	-7.057	-8.871	-7.886	-8.061	-9.542	-8.444	-7.557
19.32	-10.77	-11.03	-10.19	-5.73	-9.681	-10.1	-5.233	-10.24	-6.709	-8.867	-6.191	-8.224	-10.3	-7.589	-10.38	-7.126	-10.6	-10.78	-10.75	-5.59	-7.887	-9.88	-9.502	-8.05	-9.513	-7.425	-8.098	-9.432	-7.991	-7.61
19.33	-7.06	-10.9	-10.26	-5.968	-9.476	-10.23	-5.268	-10.2	-7.489	-6.208	-8.664	-6.909	-5.718	-7.515	-5.629	-6.964	-5.506	-5.462	-10.73	-10.56	-6.997	-9.504	-9.803	-6.624	-9.8	-9.214	-7.518	-6.068	-7.631	-8.356
19.34	-6.941	-5.688	-10.23	-9.126	-9.069	-5.286	-10.26	-10.15	-8.177	-5.858	-7.137	-6.75	-5.74	-7.61	-5.604	-9.046	-5.546	-10.7	-10.76	-10.67	-6.484	-6.564	-4.998	-6.185	-9.898	-8.645	-7.11	-9.882	-8.85	-7.693
19.35	-6.788	-10.49	-10.18	-8.761	-8.734	-9.874	-10.21	-5.349	-7.305	-9.602	-7.834	-8.37	-5.929	-7.598	-10.6	-6.658	-10.54	-10.7	-10.76	-5.426	-6.133	-7.01	-10.11	-9.61	-5.757	-8.73	-9.366	-5.616	-7.592	-8.286
19.36	-6.653	-10.21	-4.839	-8.436	-8.435	-5.732	-5.319	-5.454	-7.527	-10.05	-7.452	-8.999	-10.3	-8.553	-10.75	-9.297	-10.44	-10.68	-9.122	-5.398	-8.91	-8.367	-10.21	-9.966	-5.603	-7.139	-9.765	-10.28	-8.066	-7.82
19.37	-11.48	-6.311	-4.883	-8.231	-8.022	-6.084	-5.415	-9.884	-7.763	-9.982	-7.809	-8.476	-10.23	-7.772	-10.7	-6.414	-5.706	-5.47	-7.371	-10.77	-5.524	-7.971	-4.879	-10.34	-10.36	-8.789	-5.949	-10.38	-7.597	-7.914
19.38	-6.518	-6.575	-4.91	-7.973	-7.575	-8.926	-10.05	-5.695	-7.351	-5.173	-6.352	-6.586	-5.955	-7.859	-10.72	-9.534	-5.738	-10.63	-7.741	-10.82	-5.244	-8.197	-5.057	-4.971	-10.51	-8.731	-5.658	-5.248	-7.559	-8.125
19.39	-11.66	-9.565	-4.953	-7.575	-7.86	-8.674	-5.56	-5.806	-8.09	-10.19	-8.887	-6.501	-10.24	-7.872	-5.337	-6.164	-5.816	-10.61	-7.366	-5.343	-9.704	-8.581	-5.376	-4.981	-5.341	-7.158	-5.494	-5.191	-8.118	-8.041
19.4	-11.85	-9.209	-5.07	-7.388	-8.173	-7.104	-9.932	-6.049	-8.328	-5.054	-8.87	-8.728	-10.26	-7.76	-10.76	-9.802	-10.17	-10.59	-10.71	-5.404	-9.789	-8.979	-9.177	-10.2	-5.251	-7.189	-10.63	-5.152	-8.111	-8
19.41	-11.84	-8.832	-5.242	-6.995	-9.323	-7.407	-5.862	-6.558	-8.285	-5.129	-5.317	-8.461	-10.01	-8.071	-10.73	-9.775	-6.158	-10.28	-5.505	-5.378	-9.885	-6.022	-8.59	-9.623	-5.309	-7.748	-10.33	-5.361	-8.657	-7.479
19.42	-11.87	-8.249	-9.688	-8.955	-6.13	-8.291	-9.678	-8.934	-8.825	-5.46	-5.047	-8.851	-10.25	-8.087	-10.79	-10.22	-6.188	-10.49	-10.7	-5.568	-10.07	-5.836	-7.683	-8.943	-5.378	-7.386	-10.35	-5.323	-8.218	-7.792
19.43	-6.35	-7.689	-9.569	-9.247	-5.869	-8.675	-9.568	-8.739	-9.012	-5.69	-9.825	-6.208	-5.977	-8.203	-10.73	-10.25	-6.213	-5.786	-10.69	-5.652	-4.669	-10.03	-7.76	-8.377	-5.485	-8.422	-5.791	-10.26	-8.198	-8.4
19.44	-6.563	-9.017	-9.406	-9.464	-9.621	-8.97	-9.469	-8.455	-6.143	-6.089	-9.945	-6.139	-5.989	-8.307	-5.377	-5.533	-9.826	-10.7	-10.67	-10.46	-4.785	-10.24	-8.302	-7.551	-5.621	-8.322	-6.118	-5.544	-7.448	-8.341
19.45	-11.81	-9.24	-9.231	-9.713	-9.779	-6.074	-6.192	-7.061	-9.209	-8.953	-4.739	-6.029	-5.926	-7.724	-10.71	-10.45	-9.745	-10.35	-10.22	-10.35	-9.94	-5.259	-8.804	-7.2	-10.16	-7.72	-9.659	-5.679	-8.325	-7.674
19.46	-11.74	-7.003	-9.105	-9.873	-9.979	-5.852	-6.345	-7.363	-9.779	-8.64	-4.689	-9.122	-10.34	-7.093	-10.77	-10.55	-9.63	-10.28	-10.12	-5.858	-10.12	-5.188	-5.559	-6.648	-10	-7.903	-9.287	-10.16	-8.401	-7.561
19.47	-6.613	-9.362	-8.885	-10.11	-10.09	-9.765	-9.135	-7.432	-9.511	-7.198	-9.95	-9.23	-5.924	-8.626	-10.64	-10.55	-6.631	-6.088	-5.821	-6.125	-10	-10.54	-5.021	-6.214	-6.097	-7.92	-7.1	-9.666	-7.288	-8.589
19.48	-11.59	-9.272	-8.76	-10.39	-4.982	-5.418	-9.041	-7.621	-5.573	-7.863	-9.917	-5.908	-5.925	-8.652	-5.585	-5.267	-6.731	-10.11	-10.34	-9.936	-6.347	-10.33	-9.932	-9.589	-6.35	-7.807	-7.541	-6.48	-7.22	-8.699
19.49	-6.876	-5.945	-8.522	-10.3	-4.911	-10.13	-8.95	-7.621	-5.429	-7.474	-4.739	-9.31	-10.43	-7.326	-10.53	-5.25	-9.271	-10.01	-6.051	-9.687	-9.346	-10.19	-4.981	-5.491	-6.647	-8.402	-8.149	-6.489	-8.642	-7.337
19.5	-11.34	-5.261	-8.353	-10.39	-4.882	-10.24	-8.813	-7.489	-9.906	-7.094	-4.973	-9.383	-10.53	-7.224	-5.708	-5.224	-7.026	-9.987	-9.938	-6.628	-9.055	-5.688	-10.09	-5.277	-9.061	-8.552	-7.786	-9.096	-7.254	-8.871
19.51	-7.54	-6.175	-7.311	-10.24	-10.21	-4.956	-7.166	-8.43	-9.932	-6.674	-9.159	-9.19	-10.39	-7.273	-5.565	-10.6	-8.881	-9.454	-10.07	-6.595	-8.28	-5.974	-9.802	-5.016	-8.991	-9.416	-6.498	-8.19	-6.659	-9.27
19.52	-7.626	-5.679	-7.66	-5.501	-5.193	-10.36	-7.785	-6.243	-10.13	-5.977	-8.919	-9.532	-10.58	-6.749	-5.902	-10.56	-8.773	-9.688	-9.833	-7.282	-7.55	-6.768	-5.387	-5.308	-8.329	-9.284	-6.579	-8.283	-7.032	-9.017
19.53	-10.62	-5.861	-7.435	-5.354	-5.349	-10.3	-8.223	-6.785	-10.28	-9.567	-6.152	-5.624	-10.57	-9.571	-10.16	-5.433	-7.59	-6.679	-9.722	-8.802	-7.55	-8.366	-5.81	-5.172	-7.877	-6.511	-6.272	-7.99	-6.934	-9.041
19.54	-8.074	-10.71	-7.105	-10.08	-5.615	-10.14	-8.218	-6.564	-5.025	-9.815	-6.329	-5.566	-5.693	-6.498	-10.15	-5.583	-8.469	-6.783	-10.11	-8.73	-8.117	-7.883	-6.44	-9.983	-8.289	-6.302	-10.1	-8.061	-9.145	-7.092
19.55	-10.19	-5.269	-6.904	-9.935	-5.765	-5.42	-7.638	-9.019	-10.26	-5.142	-7.966	-5.585	-10.66	-6.396	-6.101	-10.26	-8.222	-9.822	-9.307	-7.658	-7.042	-8.263	-8.156	-5.828	-8.442	-9.942	-5.772	-8.369	-9.202	-6.986
19.56	-8.566	-5.315	-6.541	-5.617	-6.027	-5.637	-7.968	-9.209	-10.29	-5.234	-6.963	-9.64	-10.82	-6.217	-9.956	-5.9	-8.24	-9.2	-9.413	-7.8	-6.774	-8.59	-7.638	-6.273	-7.221	-10.11	-6.392	-8.677	-9.319	-9.211
19.57	-9.8	-10.9	-6.322	-5.801	-6.283	-9.46	-7.733	-9.204	-10.22	-10.17	-7.363	-9.716	-10.76	-10.1	-9.927	-6.005	-8.099	-7.226	-9.155	-8.167	-9.045	-8.98	-8.047	-8.696	-7.048	-5.707	-5.499	-7.063	-6.413	-8.649
19.58	-8.961	-10.25	-6.072	-9.394	-6.611	-6.203	-7.883	-9.343	-5.197	-5.131	-6.961	-5.458	-5.575	-10.15	-9.872	-9.803	-8.26	-9.05	-8.921	-8.066	-9.336	-5.849	-8.618	-8.291	-9.244	-10.44	-10.66	-9.248	-9.562	-9.314
19.59	-9.338	-5.196	-5.921	-9.144	-7.928	-6.481	-7.727	-6.023	-10.11	-5.114	-8.099	-9.759	-5.571	-5.932	-9.837	-6.4	-7.869	-8.832	-8.938	-8.367	-9.197	-9.625	-6.011	-7.676	-6.489	-10.56	-10.66	-9.535	-9.674	-6.914
19.6	-9.089	-9.898	-5.664	-8.836	-7.851	-8.544	-7.586	-9.449	-10.06	-5.2	-8.42	-9.733	-5.534	-10.35	-9.751	-9.409	-8.537	-8.719	-8.718	-8.496	-5.35	-9.859	-5.502	-8.121	-6.345	-5.379	-5.53	-6.157	-6.1	-6.83
19.61	-8.446	-5.728	-9.783	-7.26	-8.403	-7.649	-8.289	-5.579	-9.947	-5.303	-8.764	-9.532	-10.82	-5.713	-9.926	-9.376	-7.433	-7.884	-8.837	-8.501	-5.117	-9.997	-5.129	-8.683	-6.184	-10.73	-5.833	-5.444	-9.919	-6.335
19.62	-8.305	-6.07	-5.175	-8.069	-6.833	-7.516	-7.4	-9.67	-9.698	-5.81	-9.224	-9.812	-10.84	-5.642	-9.509	-8.798	-7.255	-7.914	-9.985	-9.102	-4.767	-10.33	-4.841	-9.399	-5.702	-10.7	-5.811	-5.593	-10.13	-6.692
19.63	-10.32	-9.227	-5.013	-7.753	-6.441	-6.765	-7.31	-5.716	-5.843	-9.258	-9.424	-9.821	-5.56	-10.62	-9.361	-7.934	-9.079	-8.282	-5.986	-6.885	-10.07	-10.35	-10.2	-5.628	-5.61	-5.296	-5.827	-5.396	-5.68	-9.504
19.64	-8.044	-6.67	-10.22	-7.452	-6.177	-8.062	-8.485	-9.8	-5.963	-8.974	-9.662	-5.336	-5.601	-10.64	-6.982	-8.175	-9.12	-8.303	-7.928	-6.738	-10.13	-5.1	-10.05	-5.333	-10.53	-10.57	-9.866	-10.51	-5.582	-6.647
19.65	-10.7	-6.911	-10.23	-7.185	-5.824	-8.419	-7.196	-5.532	-6.102	-8.561	-9.757	-5.296	-10.78	-5.588	-9.212	-8.217	-6.483	-8.099	-7.591	-9.742	-4.723	-10.3	-9.71	-5.133	-5.401	-10.46	-6.507	-10.56	-10.35	-6.658
19.66	-7.679	-8.656	-4.829	-6.894	-5.698	-8.529	-8.53	-5.551	-9.117	-8.22	-4.742	-10.1	-5.708	-10.8	-9.094	-8.018	-6.934	-8.35	-6.73	-9.951	-4.784	-10.22	-5.8	-10.37	-5.405	-10.63	-6.886	-10.47	-10.41	-9.51
19.67	-7.516	-7.775	-4.861	-8.754	-9.809	-5.588	-6.634	-9.945	-8.758	-7.836	-10.02	-9.937	-5.726	-10.76	-9.036	-7.875	-9.468	-8.48	-9.559	-6.228	-9.974	-5.481	-6.273	-10.44	-5.411	-5.745	-8.998	-5.354	-5.38	-9.553
19.68	-11.21	-7.669	-10.28	-9.089	-5.144	-9.413	-8.568	-5.528	-6.555	-7.916	-4.633	-5.248	-5.848	-5.495	-7.378	-8.315	-9.462	-7.781	-7.167	-6.111	-9.451	-5.778	-8.3	-4.981	-10.74	-10.01	-8.563	-5.46	-5.352	-9.519
19.69	-7.2	-7.887	-10.13	-6.128	-5	-5.662	-7.084	-5.446	-8.651	-7.158	-4.677	-5.236	-10.56	-5.528	-7.456	-8.475	-6.377	-8.738	-9.383	-10.28	-5.406	-9.484	-7.816	-10.24	-10.65	-9.815	-8.353	-10.19	-10.49	-6.725
19.7	-11.52	-7.884	-5.072	-5.904	-4.866	-9.862	-8.626	-10.08	-8.506	-6.61	-4.78	-10.02	-5.985	-5.481	-8.763	-7.485	-6.484	-8.787	-10.14	-10.39	-5.615	-9.206	-7.963	-10.04	-5.612	-6.427	-8.26	-10.02	-5.361	-6.666
19.71	-11.81	-7.669	-5.16	-5.225	-10.3	-9.967	-8.38	-10.11	-8.561	-6.388	-4.916	-5.074	-10.07	-5.488	-8.907	-7.447	-9.671	-9.333	-6.779	-10.4	-5.86	-8.55	-8.75	-9.527	-5.715	-7.44	-9.345	-9.289	-5.501	-9.429
19.72	-11.94	-9.108	-9.593	-10.08	-5.732	-5.158	-6.916	-10.24	-7.994	-5.763	-5.396	-5.093	-10.1	-5.395	-8.495	-6.949	-9.795	-9.032	-9.9	-10.63	-6.695	-8.287	-9.454	-8.802	-6.069	-7.306	-9.348	-9.378	-5.495	-9.524
19.73	-6.672	-7.02	-9.372	-10.21	-5.017	-5.056	-6.882	-10.28	-7.9	-5.485	-5.607	-5.044	-6.439	-10.79	-7.999	-9.241	-6.207	-9.057	-6.26	-10.75	-8.136	-7.909	-9.751	-7.228	-9.944	-7.728	-6.493	-6.575	-5.578	-6.697
19.74	-6.631	-9.128	-9.073	-5.121	-10.74	-5.044	-6.821	-5.179	-7.668	-10.02	-8.937	-4.973	-6.642	-10.77	-7.989	-9.338	-6.137	-7.368	-6.288	-5.444	-7.817	-8.168	-5.124	-7.668	-9.67	-8.005	-6.164	-8.931	-5.668	-6.739
19.75	-12.07	-8.906	-8.896	-5.066	-9.796	-4.971	-8.845	-5.079	-7.809	-5.215	-8.575	-10.22	-9.086	-5.455	-8.21	-6.129	-10.07	-7.286	-6.198	-10.82	-7.508	-7.179	-4.928	-7.311	-8.79	-7.664	-5.957	-8.638	-10.2	-7.278
19.76	-12.12	-6.743	-8.492	-5.02	-6.418	-5.03	-6.787	-5.106	-7.365	-5.08	-7.09	-10.28	-9.552	-5.48	-8.202	-6.436	-10.2	-9.143	-10.4	-10.85	-8.009	-6.899	-10.28	-6.85	-7.668	-8.817	-10.47	-7.465	-5.879	-9.425
19.77	-6.581	-9.34	-8.377	-5.092	-5.617	-5.057	-8.951	-10.4	-7.21	-5.077	-6.796	-4.944	-7.081	-10.73	-8.07	-9.684	-5.944	-9.151	-10.36	-5.383	-6.867	-9.245	-4.962	-9.067	-8.867	-9.085	-5.508	-7.734	-6.01	-6.962
19.78	-12.09	-6.097	-7.032	-5.159	-8.56	-10.22	-8.99	-5.097	-8.052	-10.3	-6.967	-10.31	-9.417	-10.74	-7.972	-9.769	-5.877	-7.268	-5.743	-5.429	-6.615	-9.329	-5.17	-9.538	-8.599	-6.689	-5.431	-7.981	-9.838	-6.842
19.79	-6.655	-9.535	-7.314	-10.16	-8.455	-5.44	-9.17	-5.136	-8.565	-10.23	-7.383	-10.3	-9.26	-5.572	-7.855	-9.81	-5.819	-9.167	-5.822	-10.48	-6.333	-6.105	-5.536	-5.65	-7.988	-6.345	-10.76	-8.155	-9.743	-6.832
19.8	-12.08	-6.077	-7.657	-5.573	-6.769	-9.923	-8.915	-5.121	-8.793	-5.39	-7.822	-4.96	-7.357	-10.68	-8.46	-9.946	-10.46	-9.179	-5.656	-10.62	-8.961	-5.872	-9.316	-5.352	-8.281	-6.113	-10.67	-7.274	-9.543	-9.196
19.81	-11.92	-9.555	-6.728	-5.818	-7.307	-6.63	-8.83	-10.36	-6.129	-5.575	-8.047	-10.23	-7.25	-5.711	-8.349	-9.848	-10.34	-9.511	-5.616	-10.62	-9.099	-5.602	-8.572	-5.133	-7.25	-5.419	-10.28	-6.325	-8.864	-9.52
19.82	-11.65	-4.872	-8.508	-9.083	-6.643	-9.223	-6.797	-10.38	-5.976	-6.229	-8.789	-10.23	-7.745	-6.17	-8.685	-10.21	-10.61	-9.061	-5.483	-10.4	-9.633	-5.347	-7.646	-4.988	-7.001	-5.453	-10.24	-6.478	-9.025	-9.232
19.83	-7.249	-4.805	-8.887	-8.728	-6.259	-8.99	-6.775	-5.23	-9.577	-6.552	-5.841	-5.176	-7.853	-5.83	-8.784	-5.786	-10.71	-9.019	-5.476	-6.028	-5.243	-10.45	-7.034	-10.32	-6.651	-10.75	-6.033	-9.65	-6.557	-8.877
19.84	-11.37	-9.759	-9.122	-8.45	-5.897	-8.752	-6.777	-5.321	-9.754	-8.59	-5.494	-5.285	-8.539	-5.864	-7.537	-5.764	-5.446	-8.972	-5.58	-6.163	-5.178	-10.49	-8.796	-10.19	-6.355	-5.311	-6.336	-6.015	-8.684	-7.084
19.85	-7.636	-5.823	-9.285	-7.984	-5.561	-8.426	-9.037	-10.25	-9.917	-7.846	-5.42	-10	-8.424	-5.955	-9.446	-10.42	-5.49	-8.88	-5.517	-9.786	-5.032	-5.202	-9.236	-5.461	-10.1	-5.3	-9.629	-5.758	-8.413	-9.084
19.86	-7.832	-9.976	-9.515	-7.647	-5.236	-8.142	-6.935	-10.18	-5.413	-7.57	-9.604	-9.924	-8.139	-10.35	-8.98	-5.606	-10.86	-8.83	-10.72	-6.461	-10.12	-5.296	-5.526	-6.262	-5.999	-5.404	-9.257	-10.24	-8.295	-9.091
19.87	-10.83	-4.639	-9.84	-7.319	-4.994	-7.709	-8.7	-5.515	-5.311	-7.509	-9.809	-5.447	-8.187	-6.046	-7.278	-5.519	-5.409	-7.638	-8.571	-5.591	-4.919	-10.37	-9.932	-6.169	-5.826	-10.56	-7.244	-10.39	-7.915	-7.142
19.88	-10.59	-4.793	-9.954	-8.602	-4.774	-8.355	-7.047	-5.612	-10.22	-7.203	-4.93	-5.553	-8.063	-6.12	-7.182	-10.63	-10.89	-7.713	-10.67	-5.645	-4.866	-10.22	-10.13	-8.806	-10.64	-10.41	-7.636	-5.312	-7.869	-7.262
19.89	-9.073	-9.964	-10.11	-8.922	-4.701	-8.675	-7.109	-5.786	-5.108	-8.586	-4.784	-9.657	-7.902	-10.2	-7.088	-10.67	-10.87	-7.74	-5.719	-8.03	-4.792	-5.839	-4.893	-6.957	-10.69	-5.881	-8.024	-5.272	-7.712	-9.006
19.9	-8.701	-9.969	-10.31	-9.203	-4.69	-6.845	-8.527	-9.898	-5.005	-8.909	-10.06	-9.537	-7.87	-10.12	-7.029	-5.448	-10.86	-7.818	-6.427	-10.67	-10.31	-6.043	-4.98	-7.439	-5.491	-6.061	-7.711	-5.261	-7.51	-8.95
19.91	-8.896	-9.999	-4.866	-5.728	-5.247	-9.635	-7.342	-5.985	-5.037	-9.176	-10.12	-9.551	-8.757	-10.28	-9.536	-5.444	-5.42	-7.503	-6.106	-5.541	-10.63	-6.472	-5.324	-7.937	-5.435	-9.579	-6.502	-5.485	-6.87	-9.266
19.92	-9.666	-10.02	-10.28	-10.08	-9.771	-6.086	-8.266	-9.608	-5.13	-9.674	-10.04	-9.117	-8.767	-9.959	-9.517	-5.385	-5.434	-8.015	-9.555	-7.394	-10.48	-7.179	-6.018	-8.769	-5.746	-9.309	-6.544	-5.471	-7.038	-8.827
19.93	-9.238	-4.602	-10.12	-10.15	-9.446	-5.882	-8.128	-6.147	-5.279	-9.808	-4.988	-5.958	-8.749	-9.918	-6.69	-5.408	-10.85	-8.068	-9.901	-8.805	-5.452	-8.101	-8.64	-9.396	-5.97	-9.084	-6.217	-10.22	-9.158	-7.548
19.94	-9.977	-9.039	-10.05	-5.174	-5.595	-5.382	-8.049	-6.258	-10.17	-5.444	-5.166	-6.478	-7.5	-6.594	-6.626	-5.399	-10.84	-8.193	-9.698	-9.955	-5.648	-7.764	-7.414	-5.937	-9.904	-7.36	-10.12	-10.07	-6.459	-7.591
19.95	-8.715	-4.919	-9.876	-10.41	-5.936	-10.32	-7.768	-9.326	-5.909	-10.15	-9.509	-6.564	-8.967	-9.157	-6.511	-10.67	-5.511	-8.33	-6.883	-6.473	-10.17	-8.269	-7.364	-9.789	-9.49	-8.572	-5.672	-5.677	-6.407	-7.643
19.96	-10.42	-5.057	-9.68	-10.5	-8.444	-5.413	-7.863	-6.167	-5.625	-10.27	-9.252	-6.543	-8.994	-9.625	-6.468	-5.56	-5.589	-8.187	-7.093	-7.148	-10.04	-8.733	-8.897	-10.04	-9.15	-8.266	-5.526	-6.134	-9.588	-8.469
19.97	-8.251	-5.136	-9.372	-10.48	-8	-10.54	-8.077	-9.484	-9.748	-5.178	-5.936	-6.747	-7.381	-9.626	-6.367	-5.673	-10.68	-8.205	-8.966	-10.23	-9.918	-8.982	-8.961	-5.204	-7.652	-8.031	-10.64	-9.481	-9.611	-8.5
19.98	-10.89	-5.271	-9.104	-10.34	-7.154	-5.233	-8.267	-6.253	-8.39	-5.101	-6.246	-6.837	-7.406	-7.05	-10.01	-5.871	-10.59	-8.278	-7.487	-9.214	-6.212	-9.292	-5.811	-5.098	-7.948	-7.838	-10.68	-6.661	-9.616	-7.94
19.99	-7.789	-5.434	-8.902	-10.24	-7.538	-10.64	-7.5	-9.328	-9.452	-10.4	-8.368	-6.964	-7.418	-7.098	-10.09	-10.2	-10.59	-8.276	-7.778	-5.786	-9.442	-6.002	-5.449	-5.032	-7.734	-8.807	-10.6	-6.917	-9.546	-7.884
20	-11.29	-5.594	-6.711	-9.803	-7.999	-5.367	-8.445	-7.223	-6.314	-10.37	-8.043	-7.035	-9.152	-9.245	-6.187	-10.07	-5.8	-8.377	-6.094	-5.636	-9.331	-5.757	-10.06	-10.37	-7.268	-7.247	-5.538	-7.133	-10.13	-8.291
20.01	-11.58	-6.525	-7.412	-6.642	-5.815	-5.439	-9.025	-7.166	-6.228	-10.35	-7.768	-7.319	-8.695	-9.376	-6.256	-9.993	-10.32	-7.979	-8.476	-10.59	-9.414	-5.742	-10.31	-10.25	-6.699	-6.27	-6.116	-8.251	-10.53	-8.641
20.02	-11.8	-6.083	-7.807	-9.059	-9.112	-10.24	-6.827	-7.334	-6.705	-10.09	-6.927	-7.417	-9.138	-8.905	-5.91	-9.376	-10.29	-8.485	-7.885	-10.26	-8.908	-5.423	-10.2	-9.722	-6.083	-6.43	-6.075	-8.11	-10.4	-8.207
20.03	-7.057	-8.337	-8.047	-8.743	-9.358	-9.995	-6.707	-7.508	-8.751	-9.882	-8.334	-7.516	-9.108	-7.67	-5.837	-7.126	-10.18	-8.519	-7.513	-6.096	-7.172	-5.325	-9.79	-9.346	-10.34	-10.04	-9.813	-7.618	-10.58	-8.217
20.04	-12	-8.167	-8.367	-8.101	-5.03	-9.821	-6.574	-8.048	-8.598	-5.872	-8.677	-7.741	-7.346	-7.735	-5.77	-8.963	-6.513	-7.35	-7.476	-5.971	-7.382	-10.69	-5.697	-6.624	-10.49	-10.25	-9.482	-8.691	-5.366	-8.395
20.05	-6.815	-6.663	-8.637	-7.851	-9.937	-6.454	-9.356	-7.832	-8.525	-6.066	-8.977	-7.606	-9.529	-7.882	-5.516	-8.61	-6.398	-7.975	-9.229	-10.49	-8.41	-5.421	-6.367	-7.219	-5.52	-10.39	-9.61	-8.932	-10.65	-8.371
20.06	-12.17	-6.819	-6.318	-7.336	-9.916	-9.235	-6.328	-7.935	-7.384	-9.269	-5.614	-7.914	-9.055	-8.455	-10.63	-7.85	-9.767	-8.625	-9.415	-5.617	-8.232	-5.522	-6.96	-7.972	-5.522	-5.543	-7.238	-6.729	-10.64	-7.955
20.07	-6.738	-7.003	-5.991	-8.603	-10.01	-7.059	-6.253	-8.072	-7.362	-9.078	-5.379	-7.964	-8.99	-8.32	-10.73	-8.054	-9.703	-8.665	-6.836	-5.611	-8.087	-6.146	-7.783	-8.073	-10.69	-10.57	-8.558	-6.478	-5.402	-7.876
20.08	-12.26	-7.158	-5.863	-8.921	-10.07	-7.444	-9.779	-8.299	-8.19	-6.842	-9.717	-8.053	-7.567	-8.22	-5.58	-7.843	-6.858	-7.815	-5.863	-5.533	-7.975	-9.829	-7.183	-8.522	-5.614	-10.69	-8.215	-6.225	-5.545	-8.477
20.09	-12.01	-7.428	-5.652	-9.336	-10.01	-8.155	-9.802	-7.275	-8.067	-7.107	-9.886	-8.126	-8.828	-8.181	-5.55	-7.603	-7.046	-7.083	-9.942	-10.77	-7.844	-6.314	-6.648	-6.633	-5.946	-10.85	-7.874	-10.01	-10.55	-7.829
20.1	-6.801	-7.622	-5.479	-9.623	-9.897	-8.037	-5.827	-8.504	-7.685	-8.27	-4.97	-8.212	-8.771	-8.059	-5.505	-8.908	-9.264	-8.898	-10.2	-10.85	-7.663	-6.627	-9.189	-6.225	-6.22	-5.326	-8.577	-5.824	-10.55	-7.827
20.11	-6.938	-6.599	-5.091	-5.423	-9.687	-6.968	-9.008	-6.872	-7.494	-8.126	-4.871	-7.046	-8.227	-8.177	-5.571	-6.718	-7.434	-8.624	-5.936	-5.416	-7.805	-7.227	-9.765	-5.78	-6.634	-5.568	-9.721	-5.399	-10.43	-8.13
20.12	-7.138	-8.095	-10.29	-10.31	-5.496	-8.845	-5.621	-6.799	-7.968	-7.419	-4.897	-6.948	-8.58	-7.696	-5.513	-6.553	-7.44	-9.181	-10.57	-5.529	-7.136	-8.055	-10.22	-5.33	-7.471	-5.535	-9.667	-5.444	-10.11	-7.662
20.13	-12.03	-8.274	-10.34	-10.56	-5.801	-9.188	-10.2	-9.026	-8.06	-7.159	-10.07	-6.782	-8.069	-7.54	-5.487	-9.775	-8.755	-7.169	-10.76	-5.619	-6.459	-7.218	-4.986	-5.213	-8.254	-10.55	-9.926	-5.337	-10.05	-8.668
20.14	-11.91	-6.345	-10.37	-10.49	-8.695	-9.454	-5.473	-6.592	-7.493	-8.656	-9.936	-8.619	-8.098	-9.055	-5.501	-6.177	-8.391	-7.042	-5.714	-10.7	-9.135	-6.966	-4.974	-10.45	-8.343	-10.44	-6.013	-5.317	-10.16	-8.72
20.15	-11.79	-6.184	-10.32	-5.14	-6.471	-5.89	-5.847	-6.516	-8.258	-6.656	-9.718	-9.214	-8.222	-9.058	-10.89	-5.986	-7.892	-6.943	-10.91	-5.847	-9.285	-9.272	-10.11	-10.43	-8.782	-5.614	-10.38	-10.61	-10.08	-7.658
20.16	-11.63	-6.01	-10.25	-10.45	-6.757	-9.898	-5.359	-9.278	-8.339	-6.39	-5.467	-6.536	-8.152	-7.253	-10.85	-10.32	-7.99	-9.722	-10.94	-5.967	-6.541	-6.107	-9.825	-5.142	-9.187	-10.06	-10.56	-5.426	-6.324	-7.639
20.17	-11.09	-5.886	-5.217	-5.364	-7.716	-5.626	-5.702	-9.34	-8.457	-6.194	-5.8	-6.524	-8.426	-7.206	-10.84	-10.5	-8.301	-9.792	-5.564	-6.123	-5.982	-5.826	-9.347	-5.744	-6.633	-5.903	-5.514	-5.502	-6.243	-7.581
20.18	-10.7	-5.792	-5.413	-5.499	-7.322	-10.35	-10.45	-6.287	-7.046	-9.518	-8.987	-6.261	-8.443	-9.322	-5.491	-10.55	-8.284	-6.507	-10.94	-10.01	-9.733	-5.505	-6.534	-5.558	-9.893	-6.517	-5.378	-5.634	-9.652	-8.726
20.19	-8.704	-9	-9.62	-5.778	-7.008	-5.226	-10.37	-6.161	-8.873	-5.796	-8.641	-6.292	-7.899	-9.338	-10.83	-5.481	-8.265	-10.02	-11	-6.5	-9.891	-5.433	-8.56	-5.896	-10.12	-9.453	-5.358	-10.22	-9.455	-8.814
20.2	-10.21	-9.116	-9.418	-6.04	-6.59	-10.43	-5.234	-6.108	-8.791	-5.333	-6.758	-9.268	-7.814	-6.924	-10.77	-10.78	-8.429	-10.09	-10.92	-6.732	-5.838	-5.313	-7.983	-9.319	-5.795	-7.025	-10.79	-10.1	-6.933	-7.688
20.21	-9.5	-9.323	-6.834	-8.37	-8.834	-5.043	-10.44	-9.739	-8.687	-10.08	-7.017	-5.921	-7.263	-7.116	-10.79	-5.369	-7.777	-9.987	-6.144	-6.707	-5.891	-10.49	-7.196	-7.049	-5.579	-8.125	-10.5	-9.449	-7.582	-7.949
20.22	-9.23	-5.135	-8.306	-7.055	-5.632	-10.37	-5.192	-9.742	-6.528	-10.2	-7.805	-5.921	-7.546	-6.597	-10.54	-5.392	-7.687	-10.45	-10.55	-7.437	-5.535	-5.479	-6.361	-7.67	-5.456	-7.998	-10.33	-9.645	-7.263	-6.924
20.23	-10.11	-5.138	-8.023	-8.373	-5.313	-10.36	-10.47	-5.817	-6.493	-10.33	-8.201	-9.603	-9.121	-9.749	-10.51	-10.71	-8.84	-10.48	-6.085	-8.839	-10.23	-10.35	-5.943	-7.609	-5.435	-8.373	-6.025	-6.58	-7.559	-7.542
20.24	-8.522	-5.092	-7.682	-8.031	-5.074	-10.12	-10.46	-5.805	-6.342	-10.4	-6.548	-5.806	-8.569	-9.852	-5.994	-5.85	-8.944	-5.963	-10.22	-8.555	-10.36	-9.694	-9.757	-8.381	-10.74	-7.671	-6.202	-9.297	-8.53	-9.28
20.25	-8.516	-4.981	-7.36	-7.974	-9.618	-5.3	-10.49	-5.707	-6.193	-5.166	-9.276	-5.758	-9.222	-6.459	-10.17	-5.646	-8.974	-5.816	-6.534	-8.004	-5.311	-9.456	-5.377	-8.775	-10.24	-7.383	-9.525	-9.013	-8.384	-7.554
20.26	-8.162	-9.91	-6.954	-8.275	-9.832	-9.831	-5.155	-10	-9.483	-5.185	-9.035	-5.649	-7.22	-6.461	-10.2	-10.51	-7.428	-10.68	-6.74	-8.379	-5.326	-6.951	-5.146	-9.127	-10.28	-9.186	-9.205	-8.752	-8.041	-7.581
20.27	-11.17	-4.956	-6.679	-8.644	-10.02	-9.715	-5.233	-5.668	-9.627	-10.34	-9.304	-9.905	-9.338	-6.459	-9.918	-10.37	-9.155	-10.77	-9.559	-9.249	-10.66	-8.678	-5.022	-6.099	-6.152	-9.511	-7.169	-7.479	-8.002	-7.526
20.28	-7.863	-4.898	-6.318	-8.855	-10.05	-6.082	-5.208	-5.605	-9.673	-5.275	-5.506	-9.987	-9.437	-10.25	-6.598	-6.693	-9.204	-5.732	-7.19	-7.454	-10.67	-8.311	-10.39	-9.683	-9.668	-6.528	-7.577	-7.753	-8.014	-8.817
20.29	-11.57	-4.891	-6.088	-9.144	-4.692	-9.315	-5.188	-10.22	-5.783	-5.377	-5.219	-5.577	-7.092	-10.1	-9.641	-6.292	-9.274	-10.81	-9.131	-7.2	-5.215	-8.435	-5.088	-9.987	-9.298	-6.282	-8.161	-8.078	-7.58	-7.55
20.3	-7.482	-9.734	-5.792	-5.978	-4.749	-8.515	-5.245	-10.18	-5.744	-5.462	-9.828	-5.503	-7.054	-6.229	-9.501	-6.438	-7.068	-10.85	-7.657	-9.587	-5.253	-8.532	-5.243	-5.347	-7.26	-10.21	-7.752	-7.877	-7.631	-8.948
20.31	-7.18	-10.03	-10.22	-6.157	-9.521	-7.44	-10.59	-10.05	-10.27	-5.495	-10.02	-5.422	-6.593	-6.368	-9.256	-6.463	-7.41	-10.83	-7.879	-9.631	-5.191	-6.305	-5.655	-5.178	-7.564	-10.68	-6.581	-6.903	-7.208	-8.363
20.32	-7.044	-4.658	-5.262	-10.08	-5.597	-7.063	-5.235	-10.29	-10.15	-5.917	-10.19	-5.241	-6.917	-6.081	-8.832	-7.012	-6.871	-10.82	-7.434	-10.16	-5.419	-6.21	-6.475	-5.185	-8.363	-10.66	-6.599	-7.077	-7.351	-8.672
20.33	-6.906	-4.652	-5.176	-10.19	-5.813	-7.224	-5.213	-10.32	-5.425	-9.537	-10.18	-10.21	-9.74	-6.005	-7.926	-9.046	-6.697	-10.91	-7.963	-10.33	-10.46	-5.718	-6.938	-5.315	-8.748	-10.74	-9.724	-9.247	-7.215	-8.499
20.34	-12.35	-4.683	-10.49	-10.34	-6.213	-7.772	-10.56	-5.35	-5.383	-6.816	-4.929	-10.25	-9.817	-10.39	-8.854	-8.893	-9.768	-5.648	-7.625	-5.571	-10.34	-5.661	-7.933	-5.548	-9.013	-5.53	-10.09	-6.633	-9.214	-8.07
20.35	-6.849	-4.716	-5.112	-5.384	-8.285	-7.677	-5.29	-10.35	-10.34	-6.515	-4.982	-5.211	-9.71	-10.49	-8.452	-7.624	-6.616	-10.86	-9.173	-5.391	-5.852	-10.39	-7.978	-9.981	-6.634	-5.524	-10.28	-6.449	-8.797	-8.408
20.36	-12.43	-4.642	-5.196	-5.306	-7.271	-7.276	-10.62	-10.35	-10.36	-6.759	-9.887	-10.29	-6.721	-5.902	-7.767	-7.704	-6.53	-10.87	-9.394	-10.31	-6.066	-5.455	-8.452	-6.073	-6.302	-10.68	-5.613	-9.831	-6.465	-8.262
20.37	-6.881	-10.04	-10.33	-5.289	-7.327	-8.16	-5.339	-5.304	-5.212	-8.617	-9.814	-10.29	-9.877	-5.906	-9.071	-8.34	-10.06	-5.74	-7.008	-5.573	-9.678	-10.57	-6.4	-6.398	-10.08	-10.57	-10.62	-10.07	-6.998	-8.203
20.38	-7.216	-4.758	-10.19	-5.226	-6.906	-6.818	-10.54	-5.318	-5.201	-8.439	-5.492	-10.35	-9.935	-5.807	-9.264	-8.182	-10.1	-5.843	-10.01	-5.518	-9.068	-10.57	-6.028	-9.424	-5.823	-10.46	-10.66	-5.931	-9.22	-8.333
20.39	-7.079	-4.769	-5.821	-5.262	-6.473	-6.634	-10.59	-10.39	-10.42	-7.461	-9.222	-5.097	-9.984	-5.758	-9.476	-8.157	-10.16	-5.941	-10.12	-10.37	-8.825	-5.378	-5.637	-8.916	-5.701	-5.989	-10.69	-5.769	-9.227	-8.285
20.4	-12.18	-9.885	-6.131	-5.293	-8.245	-8.745	-5.324	-10.51	-10.41	-7.954	-8.822	-5.153	-6.607	-5.679	-6.729	-7.9	-6.244	-10.62	-6.489	-10.52	-6.723	-5.507	-10.01	-7.722	-5.414	-10.17	-5.471	-10.58	-6.35	-8.464
20.41	-11.97	-9.84	-8.87	-10.44	-5.931	-5.938	-5.306	-10.3	-10.44	-8.221	-8.349	-10.36	-6.179	-5.751	-6.535	-8.055	-6.326	-10.62	-11.03	-10.51	-6.89	-9.606	-10.26	-7.288	-10.71	-6.801	-5.617	-5.495	-9.113	-8.59
20.42	-11.64	-4.997	-7.252	-5.541	-9.877	-9.232	-10.56	-10.48	-10.31	-8.496	-7.582	-10.39	-6.425	-5.577	-6.086	-7.541	-6.011	-10.3	-6.012	-10.39	-7.61	-6.235	-10.43	-6.955	-10.67	-7.162	-10.04	-5.43	-9.142	-7.803
20.43	-11.35	-9.358	-7.629	-5.66	-5.884	-9.405	-10.52	-5.316	-5.413	-6.898	-6.582	-5.105	-10.12	-10.93	-10.59	-7.517	-10.53	-10.09	-10.67	-10.21	-7.816	-8.801	-10.31	-9.626	-5.514	-9.011	-9.975	-10.82	-9.229	-7.971
20.44	-8.34	-5.252	-8.041	-5.889	-5.75	-9.536	-5.327	-5.303	-5.875	-6.651	-8.346	-5.112	-10.3	-5.627	-10.73	-7.28	-10.57	-10	-5.771	-5.41	-7.104	-8.422	-5.259	-9.971	-5.773	-8.643	-6.331	-5.599	-6.731	-8.511
20.45	-10.86	-5.311	-7.476	-6.071	-5.627	-5.576	-5.369	-10.45	-5.592	-9.197	-8.649	-10.37	-6.302	-5.522	-10.83	-8.93	-10.65	-9.842	-5.721	-9.818	-6.849	-7.356	-9.374	-5.827	-6.035	-8.278	-6.592	-5.519	-6.674	-8.582
20.46	-8.914	-8.842	-7.117	-6.328	-5.458	-9.8	-10.54	-10.44	-9.913	-6.233	-6.136	-10.34	-6.292	-5.585	-5.584	-7.273	-5.798	-9.624	-5.675	-9.699	-8.45	-6.81	-9.435	-5.583	-9.869	-7.975	-9.123	-10.63	-9.532	-10.92
20.47	-10.26	-5.736	-9.171	-9.332	-5.456	-9.889	-5.336	-5.315	-5.906	-6.062	-5.74	-10.38	-10.4	-10.87	-10.93	-7.205	-5.73	-6.98	-5.629	-5.874	-6.294	-7.272	-6.485	-10.72	-9.462	-7.427	-8.729	-10.49	-6.529	-7.684
20.48	-9.692	-6.389	-9.458	-9.148	-5.341	-5.206	-10.53	-5.279	-6.089	-9.754	-9.526	-5.077	-10.41	-10.9	-10.96	-7.097	-10.8	-7.078	-5.595	-6.09	-6.177	-8.641	-6.945	-10.76	-7.101	-9.328	-8.379	-10.29	-6.415	-8.767
20.49	-9.776	-8.515	-9.782	-7.004	-5.393	-10.12	-5.31	-10.46	-9.331	-9.91	-9.734	-5.143	-10.47	-5.659	-5.565	-9.141	-10.89	-7.233	-11.02	-6.098	-5.925	-8.875	-7.447	-5.492	-7.575	-9.688	-8.204	-5.923	-6.611	-9.035
20.5	-9.346	-8.394	-5.948	-8.713	-5.458	-5.05	-5.345	-10.43	-9.183	-10.07	-5.058	-10.35	-5.993	-5.729	-5.599	-7.035	-5.592	-7.313	-5.603	-8.649	-9.298	-6.152	-7.461	-5.721	-8.123	-10.08	-7.601	-10.08	-9.797	-7.49
20.51	-10.83	-7.901	-10.56	-8.013	-5.766	-4.957	-10.54	-10.45	-6.875	-10.11	-4.914	-10.34	-5.771	-10.81	-5.753	-9.247	-10.96	-7.181	-10.94	-8.827	-9.343	-5.804	-6.695	-9.717	-7.65	-5.828	-6.439	-9.292	-9.929	-6.895
20.52	-11	-6.896	-5.376	-8.057	-10.38	-10.31	-5.319	-10.51	-7.119	-10.41	-4.832	-10.38	-5.913	-10.73	-6.068	-9.25	-10.93	-7.938	-5.706	-7.956	-9.732	-10.01	-5.975	-9.223	-6.826	-5.63	-6.433	-9.466	-9.683	-7.218
20.53	-8.232	-6.854	-10.59	-8.334	-10.2	-10.35	-5.417	-5.284	-7.375	-5.221	-4.924	-5.109	-10.71	-10.64	-10.42	-9.364	-10.93	-8.445	-5.829	-7.42	-5.143	-10.2	-9.77	-8.632	-9.704	-10.73	-6.131	-9.242	-6.501	-7.999
20.54	-11.42	-6.879	-5.229	-8.633	-9.945	-10.34	-5.364	-5.31	-8.291	-5.186	-9.987	-5.09	-10.4	-6.094	-10.28	-9.388	-5.529	-8.006	-5.967	-7.63	-5.125	-10.26	-9.961	-8.187	-10	-10.78	-9.89	-7.231	-6.42	-9.606
20.55	-11.66	-7.257	-10.49	-7.034	-9.717	-5.009	-10.58	-10.49	-8.04	-10.44	-9.874	-5.096	-10.74	-6.238	-6.525	-6.869	-5.47	-8.048	-10.52	-6.635	-5.005	-5.122	-5.158	-7.473	-10.29	-5.543	-10.52	-7.571	-9.802	-9.532
20.56	-7.617	-7.238	-10.61	-6.802	-9.524	-10.23	-5.33	-10.49	-7.735	-10.41	-5.511	-10.37	-5.815	-6.302	-6.658	-6.877	-10.97	-8.15	-5.828	-7.111	-10.08	-5.146	-5.092	-6.908	-5.633	-5.633	-5.467	-8.546	-9.749	-7.18
20.57	-7.468	-7.345	-5.447	-6.607	-9.274	-10.15	-10.64	-10.5	-8.319	-5.451	-9.287	-10.43	-5.805	-6.43	-6.825	-9.441	-10.94	-8.383	-10.15	-8.361	-4.844	-5.231	-5.023	-6.355	-10.63	-10.42	-5.407	-8.244	-6.435	-7.061
20.58	-12.15	-7.223	-5.631	-6.299	-8.945	-5.262	-5.46	-5.309	-8.539	-10.15	-8.977	-5.116	-10.84	-6.596	-9.564	-9.528	-5.51	-8.22	-6.287	-8.668	-4.927	-5.428	-10.34	-10.19	-10.75	-10.2	-10.73	-7.965	-6.585	-9.565
20.59	-12.28	-7.366	-10.17	-9.753	-8.789	-5.818	-10.6	-10.49	-6.976	-9.999	-8.541	-5.164	-10.82	-10.08	-7.139	-9.477	-5.575	-8.52	-6.534	-8.744	-4.907	-5.725	-5.621	-5.682	-10.79	-6.381	-10.67	-8.568	-9.781	-9.559
20.6	-12.38	-6.915	-6.169	-10.04	-8.43	-9.77	-5.427	-10.5	-6.779	-6.037	-6.957	-10.43	-5.733	-6.715	-7.316	-6.558	-5.611	-8.63	-9.57	-6.201	-10.36	-9.249	-5.52	-5.531	-5.496	-9.623	-10.57	-8.88	-9.435	-6.928
20.61	-12.51	-6.77	-8.758	-5.595	-8.457	-5.945	-10.66	-10.42	-9.456	-9.08	-7.463	-10.44	-5.683	-9.576	-7.492	-7.027	-10.85	-7.528	-7.259	-6.319	-10.31	-8.82	-5.954	-5.451	-5.692	-8.351	-5.891	-9.725	-10.05	-6.607
20.62	-12.55	-8.087	-7.16	-10.51	-7.592	-9.326	-5.392	-10.51	-10.01	-8.665	-8.296	-10.41	-5.732	-9.626	-8.116	-6.593	-10.81	-7.447	-8.807	-5.861	-10.06	-7.434	-6.775	-5.611	-6.292	-8.413	-6.122	-9.585	-9.65	-6.995
20.63	-7.027	-8.163	-7.503	-10.53	-7.237	-9.158	-5.336	-5.294	-9.807	-7.344	-6.527	-10.41	-5.664	-7.19	-8.319	-6.654	-6.059	-7.354	-8.711	-9.782	-5.199	-7.916	-8.192	-6.146	-6.696	-8.031	-6.465	-6.556	-6.69	-9.737
20.64	-7.07	-8.164	-7.884	-5.311	-7.016	-9.008	-5.416	-5.294	-5.847	-7.628	-6.218	-10.3	-10.91	-7.274	-8.113	-9.685	-5.766	-9.382	-8.446	-9.972	-5.241	-8.341	-7.796	-9.657	-9.311	-8.035	-9.455	-10.03	-7.071	-9.657
20.65	-12.38	-8.264	-7.742	-10.7	-6.658	-6.797	-10.51	-10.55	-10.1	-7.964	-5.818	-10.39	-5.7	-9.324	-7.933	-6.68	-10.7	-9.442	-8.14	-5.269	-5.382	-6.634	-7.268	-9.041	-8.817	-9.285	-9.158	-10.19	-6.484	-7.131
20.66	-7.338	-8.261	-8.651	-5.252	-6.487	-8.534	-10.54	-10.55	-10.23	-8.362	-9.576	-10.11	-5.715	-9.236	-8.823	-6.599	-10.65	-9.626	-7.918	-5.175	-9.175	-6.315	-8.723	-7.759	-7.854	-6.674	-7.438	-5.978	-9.741	-7.126
20.67	-7.44	-6.373	-7.002	-10.65	-9.849	-7.068	-5.405	-5.255	-5.551	-8.62	-5.367	-5.298	-10.92	-7.613	-7.561	-9.622	-10.62	-6.736	-7.674	-10.23	-5.658	-9.509	-6.381	-8.292	-8.084	-6.305	-8.442	-5.834	-6.496	-9.525
20.68	-11.91	-6.311	-9.324	-5.444	-6.162	-7.445	-5.459	-5.286	-5.469	-6.717	-5.087	-5.364	-10.95	-7.697	-7.479	-9.62	-5.973	-6.605	-8.834	-10.25	-5.886	-9.695	-5.983	-7.352	-7.511	-10.38	-8.008	-10.61	-6.511	-9.417
20.69	-11.8	-8.589	-9.606	-10.46	-10.23	-7.964	-10.57	-10.54	-5.368	-9.358	-4.993	-5.385	-5.723	-8.842	-7.171	-6.622	-10.51	-10.25	-8.989	-5.026	-9.191	-10.12	-9.781	-6.839	-7.327	-10.6	-7.639	-10.69	-9.669	-7.361
20.7	-8.044	-8.61	-6.041	-5.655	-10.47	-7.912	-5.544	-10.49	-10.47	-9.609	-10.26	-10.11	-5.691	-8.693	-6.625	-6.703	-10.46	-6.383	-6.919	-4.949	-8.937	-10.18	-10.03	-6.3	-9.39	-10.73	-8.996	-5.561	-9.609	-7.436
20.71	-8.217	-9.023	-10.43	-9.722	-10.72	-7.006	-10.49	-10.53	-10.54	-5.583	-10.22	-5.653	-5.811	-8.18	-10.09	-7.128	-10.59	-6.331	-9.89	-4.919	-8.888	-10.41	-10.25	-10.6	-9.715	-5.533	-10.05	-5.516	-6.548	-7.214
20.72	-8.783	-5.777	-5.419	-6.384	-5.37	-8.378	-5.458	-10.49	-10.44	-5.429	-9.903	-5.755	-5.697	-8.298	-9.826	-6.821	-10.26	-6.01	-10.01	-5.006	-8.252	-5.109	-10.4	-10.74	-10.28	-5.575	-10.02	-5.47	-6.409	-7.741
20.73	-9.054	-5.683	-5.466	-6.639	-5.419	-8.749	-5.447	-10.44	-5.54	-5.303	-9.694	-5.978	-5.759	-8.269	-6.682	-10.11	-10.17	-10.64	-6.089	-10.29	-7.132	-5.241	-10.41	-5.499	-5.832	-5.676	-5.967	-5.509	-6.362	-8.338
20.74	-9.991	-9.124	-10.72	-6.912	-10.95	-8.969	-5.48	-5.475	-5.747	-5.258	-6.496	-6.038	-10.81	-8.174	-10.01	-9.618	-6.402	-10.92	-6.021	-10.12	-7.395	-5.547	-5.23	-5.574	-5.517	-10.53	-5.736	-10.66	-9.849	-8.782
20.75	-10.04	-9.647	-10.65	-8.216	-10.88	-6.407	-10.49	-10.28	-9.94	-10.46	-6.326	-6.284	-5.846	-8.573	-10.09	-6.782	-10.18	-10.8	-10.42	-5.392	-7.534	-5.705	-9.952	-5.784	-5.558	-6.053	-5.554	-10.62	-9.886	-7.989
20.76	-9.775	-9.371	-10.58	-7.468	-10.91	-9.242	-5.524	-10.29	-9.726	-10.42	-8.466	-9.3	-5.846	-8.73	-6.421	-6.82	-10.06	-5.644	-10.74	-6.046	-7.215	-6.163	-9.789	-10.27	-10.71	-6.301	-10.75	-5.832	-9.824	-7.949
20.77	-4.596	-9.422	-5.569	-7.691	-10.78	-9.378	-10.49	-5.662	-9.481	-5.439	-7.254	-6.65	-10.71	-8.974	-6.273	-6.864	-10.07	-10.88	-10.82	-5.782	-7.099	-6.404	-9.453	-6.55	-10.79	-9.954	-5.429	-5.82	-6.237	-8.126
20.78	-3.649	-5.253	-5.749	-7.369	-5.594	-5.434	-10.46	-5.644	-6.833	-5.631	-7.742	-6.706	-10.61	-7.769	-10.3	-9.433	-6.592	-10.94	-5.856	-9.4	-6.294	-8.765	-6.605	-7.096	-5.534	-9.523	-5.402	-10.31	-9.912	-8.261
20.79	-3.409	-5.159	-9.955	-8.323	-5.905	-9.702	-10.51	-10.12	-7.132	-9.84	-8.119	-6.865	-6.015	-9.08	-10.33	-9.502	-9.966	-5.648	-10.94	-6.31	-6.645	-8.414	-8.541	-7.616	-5.651	-7.135	-10.73	-10.15	-9.912	-8.524
20.8	-5.349	-5.082	-6.43	-8.551	-9.997	-5.428	-10.47	-10.09	-8.567	-9.512	-6.611	-8.661	-10.52	-9.26	-6.255	-7.068	-9.92	-5.69	-10.94	-6.602	-6.433	-7.555	-8.047	-8.309	-10.48	-7.575	-10.56	-6.201	-9.999	-8.128
20.81	-2.554	-9.893	-7.284	-6.535	-9.41	-10.18	-10.39	-10.17	-8.246	-7.919	-9.391	-8.719	-6.207	-7.27	-10.33	-7.461	-10.24	-5.605	-9.289	-7.02	-9.234	-8.015	-7.487	-7.35	-10.25	-8.824	-9.909	-6.929	-6.741	-8.726
20.82	-2.416	-4.953	-8.518	-9.562	-5.271	-5.129	-5.396	-9.826	-7.402	-8.13	-9.707	-8.211	-6.297	-7.22	-10.54	-7.151	-9.816	-5.764	-10.81	-7.66	-5.751	-6.854	-6.678	-6.064	-9.612	-8.825	-10.01	-6.816	-6.284	-9.658
20.83	-6.411	-4.838	-8.056	-9.647	-5.544	-5.095	-10.47	-6.224	-7.1	-7.084	-10.08	-7.587	-10.22	-9.6	-5.804	-9.232	-6.958	-10.82	-7.805	-7.996	-5.523	-9.11	-9.192	-10.17	-7.084	-9.247	-6.52	-6.973	-6.261	-10.47
20.84	-6.618	-10.05	-7.733	-9.932	-5.753	-5.077	-10.45	-6.336	-9.13	-8.557	-10.27	-7.757	-6.481	-9.643	-5.955	-9.11	-6.985	-10.67	-5.9	-7.041	-9.718	-9.422	-9.57	-10.75	-7.515	-6.857	-6.779	-9.134	-9.998	-9.13
20.85	-1.855	-10.15	-8.713	-10.08	-6.117	-10.51	-10.44	-6.463	-9.487	-9.501	-5.016	-7.838	-6.606	-6.939	-10.67	-9.079	-9.721	-10.58	-5.772	-6.94	-9.928	-5.854	-9.871	-5.585	-8.514	-9.932	-7.067	-8.899	-6.24	-7.301
20.86	-6.906	-10.11	-9.108	-10.23	-6.485	-5.066	-5.601	-6.546	-6.22	-9.293	-4.986	-7.655	-6.694	-6.877	-5.92	-7.461	-9.551	-10.48	-7.163	-6.599	-5.104	-9.935	-5.379	-5.5	-8.163	-10.28	-9.377	-8.704	-6.242	-9.403
20.87	-7.068	-10.18	-6.62	-10.56	-6.927	-10.52	-10.41	-6.674	-5.962	-9.676	-10.32	-8.199	-9.802	-9.998	-5.888	-8.951	-9.654	-10.32	-11.13	-6.374	-4.987	-10.07	-10.29	-10.89	-7.69	-5.977	-7.801	-7.827	-9.976	-9.361
20.88	-7.093	-10.14	-6.297	-5.463	-7.259	-5.11	-5.628	-6.781	-10.08	-9.948	-10.17	-8.3	-9.619	-10.04	-5.883	-8.847	-7.847	-10.12	-7.351	-9.335	-4.905	-10.19	-10.41	-10.73	-9.183	-5.752	-8.203	-8.092	-9.998	-7.104
20.89	-1.594	-4.662	-9.957	-5.397	-7.567	-10.43	-10.42	-9.156	-10.23	-5.529	-5.541	-7.241	-6.669	-10.07	-10.9	-8.728	-8.987	-6.774	-10.9	-9.561	-10.27	-10.27	-5.059	-10.53	-9.533	-10.81	-7.782	-8.078	-6.29	-7.027
20.9	-1.631	-4.746	-10.19	-5.328	-7.756	-5.307	-10.42	-9.007	-5.51	-10.36	-5.873	-7.156	-7.318	-6.567	-10.95	-7.738	-9.435	-6.887	-10.85	-5.632	-4.91	-10.34	-5.152	-6.213	-6.537	-10.84	-7.472	-8.436	-6.319	-6.947
20.91	-1.742	-9.738	-5.378	-10.53	-6.327	-10.11	-5.443	-7.126	-5.379	-10.52	-6.368	-7.369	-9.174	-6.754	-10.82	-8.379	-9.677	-9.303	-10.33	-5.38	-4.874	-5.169	-5.424	-6.89	-10.5	-10.61	-6.329	-9.379	-6.044	-9.674
20.92	-2.199	-4.533	-10.68	-5.46	-8.659	-5.78	-10.41	-7.286	-5.323	-10.3	-7.244	-6.861	-9.687	-6.421	-10.99	-8.093	-9.224	-9.22	-8.056	-5.015	-5.248	-9.918	-6.113	-7.763	-10.65	-10.55	-6.339	-9.259	-6.372	-9.725
20.93	-6.156	-4.565	-10.75	-10.58	-8.822	-5.907	-10.42	-8.754	-5.531	-10.16	-7.708	-6.789	-7.223	-6.079	-5.628	-9.061	-7.501	-7.748	-8.612	-4.98	-5.359	-9.607	-8.997	-8.353	-10.8	-10.39	-10.18	-8.873	-9.889	-6.737
20.94	-5.871	-9.527	-10.7	-5.723	-9.016	-6.133	-5.683	-8.897	-10.49	-9.95	-8.061	-8.936	-9.344	-10.52	-5.582	-8.326	-7.607	-7.832	-8.476	-10.26	-9.563	-9.263	-7.898	-7.544	-5.586	-6.348	-10.46	-9.63	-9.671	-6.648
20.95	-3.131	-9.518	-5.444	-5.918	-5.768	-9.484	-10.42	-8.486	-10.39	-6.184	-8.619	-6.643	-9.286	-10.61	-5.572	-8.26	-9.21	-8.095	-8.432	-10.33	-5.855	-6.544	-7.742	-6.998	-5.559	-6.655	-5.653	-6.517	-6.637	-9.845
20.96	-3.481	-9.481	-10.49	-6.225	-9.484	-6.589	-5.665	-8.64	-5.72	-6.662	-8.949	-6.537	-7.862	-6.095	-5.609	-8.256	-8.961	-8.18	-6.955	-10.38	-6.181	-6.954	-8.111	-9.792	-10.8	-9.702	-5.543	-10.03	-6.603	-9.905
20.97	-4.916	-8.937	-5.785	-6.433	-9.645	-9.064	-10.44	-8.859	-5.903	-8.674	-6.004	-9.189	-7.868	-6.036	-11	-8.186	-8.863	-8.088	-9.802	-4.957	-6.502	-8.17	-6.844	-10.2	-10.55	-9.324	-10.79	-10.28	-9.466	-6.684
20.98	-4.518	-9.36	-6.032	-6.914	-5.65	-7.019	-5.631	-8.728	-9.883	-8.27	-9.684	-9.211	-8.106	-10.72	-10.93	-8.109	-7.942	-8.432	-7.299	-4.987	-8.587	-7.724	-6.358	-5.946	-10.35	-7.631	-10.78	-6.02	-9.422	-6.558
20.99	-4.251	-5.003	-6.412	-9.086	-9.975	-8.647	-10.43	-7.647	-6.376	-8.047	-9.957	-9.291	-8.678	-5.951	-5.798	-8.072	-8.684	-8.313	-7.024	-10.22	-7.024	-7.289	-5.489	-10.71	-6.479	-8.029	-5.584	-5.891	-9.539	-6.619
21	-3.891	-5.159	-6.747	-7.991	-5.27	-8.398	-5.624	-8.4	-6.707	-7.267	-10.16	-6.32	-8.454	-5.901	-5.944	-8.447	-8.375	-8.221	-8.996	-5.192	-7.307	-6.927	-9.928	-10.83	-9.614	-8.264	-5.741	-10.61	-7.142	-10.17
21.01	-3.495	-5.781	-8.478	-8.061	-10.6	-7.985	-10.55	-9.803	-6.881	-6.718	-5.002	-6.564	-8.153	-5.963	-5.933	-8.963	-8.832	-8.81	-5.734	-9.75	-7.566	-9.599	-10.32	-5.655	-9.096	-7.102	-6.558	-10.82	-7.456	-9.694
21.02	-5.722	-8.756	-7.892	-7.89	-5.27	-7.658	-5.538	-8.945	-7.6	-6.076	-5.024	-6.115	-8.002	-5.792	-6.444	-8.616	-8.292	-9.418	-10.13	-9.664	-8.241	-5.84	-10.47	-10.55	-8.249	-7.172	-6.595	-10.78	-9.606	-10.05
21.03	-5.924	-8.857	-8.133	-7.589	-5.334	-7.504	-5.553	-8.616	-8.071	-5.778	-10.33	-9.563	-8.574	-10.97	-6.626	-8.546	-8.141	-7.745	-10.21	-9.595	-8.502	-9.887	-10.39	-6.122	-7.809	-6.801	-6.283	-10.78	-7.076	-6.635
21.04	-2.558	-5.786	-8.551	-7.263	-5.357	-7.324	-5.566	-7.502	-7.508	-5.519	-10.18	-9.571	-9.289	-11.04	-9.874	-7.872	-8.098	-7.76	-8.056	-9.446	-6.491	-5.128	-5.577	-6.545	-9.214	-10.17	-9.057	-5.506	-9.278	-6.622
21.05	-2.379	-5.997	-7.342	-9.147	-10.38	-8.794	-10.52	-7.662	-7.467	-10.37	-9.918	-9.607	-7.558	-5.714	-9.747	-7.819	-7.976	-7.775	-6.14	-6.072	-9.052	-5.209	-9.731	-9.491	-10.04	-6.211	-7.746	-8.572	-9.251	-10.06
21.06	-6.683	-5.946	-9.115	-6.743	-5.685	-6.812	-10.48	-8.559	-8.871	-10.53	-5.824	-6.045	-9.573	-5.698	-7.199	-8.592	-7.837	-9.144	-5.806	-6.272	-9.227	-10.37	-9.35	-7.433	-6.605	-5.998	-8.112	-9.518	-9.218	-10.03
21.07	-6.704	-6.143	-6.65	-6.273	-10	-9.1	-5.504	-7.492	-9.178	-5.266	-9.303	-6.048	-9.768	-5.666	-9.265	-7.782	-8.955	-7.583	-9.055	-8.901	-5.799	-10.38	-8.701	-7.917	-6.356	-10.82	-8.549	-6.024	-7.244	-6.69
21.08	-1.93	-8.316	-6.412	-9.849	-6.151	-6.607	-5.497	-7.069	-6.535	-5.355	-8.309	-9.628	-7.096	-11.12	-9.133	-7.825	-7.579	-7.511	-7.515	-8.89	-5.606	-10.35	-7.452	-8.098	-10.43	-10.94	-7.487	-9.516	-7.349	-6.591
21.09	-1.786	-8.142	-6.129	-6.054	-6.467	-9.421	-10.58	-9.006	-9.686	-10.22	-8.598	-9.662	-6.947	-5.685	-7.868	-8.728	-7.483	-9.281	-11.09	-6.628	-9.748	-10.23	-7.564	-7.629	-10.61	-10.94	-9.289	-5.558	-9.044	-10.03
21.1	-7.045	-6.428	-5.661	-5.882	-9.112	-6.36	-5.455	-7.497	-9.92	-5.886	-7.291	-5.958	-10.2	-5.714	-8.192	-8.746	-9.305	-9.545	-5.716	-6.718	-9.967	-10.04	-6.962	-9.333	-10.69	-5.733	-9.642	-8.482	-7.321	-9.938
21.11	-7.101	-6.506	-10.52	-10.64	-8.393	-9.738	-10.66	-8.449	-10.13	-9.215	-7.724	-6.305	-6.559	-5.721	-8.243	-8.016	-7.074	-9.107	-8.397	-6.633	-10	-9.71	-6.222	-6.331	-5.612	-6.137	-10.61	-10.47	-7.158	-9.667
21.12	-1.615	-7.691	-5.488	-5.518	-8.211	-5.865	-5.484	-8.38	-10.43	-8.882	-8.527	-6.058	-6.5	-6.147	-8.878	-8.044	-6.578	-9.545	-5.729	-7.262	-10.18	-9.106	-5.572	-6.045	-5.641	-6.112	-10.65	-5.898	-7.57	-10.01
21.13	-1.618	-7.661	-5.39	-5.445	-8.217	-5.786	-10.61	-7.677	-5.482	-7.426	-8.815	-5.756	-10.64	-10.89	-9.159	-8.094	-6.903	-7.297	-5.77	-8.077	-4.934	-6.939	-5.289	-10.57	-5.735	-5.98	-5.617	-5.95	-7.692	-6.585
21.14	-1.691	-7.136	-5.336	-10.76	-7.401	-5.757	-10.64	-8.361	-5.467	-8.028	-6.347	-9.666	-6.314	-6.009	-7.481	-8.198	-6.814	-7.196	-6.64	-8.003	-4.927	-7.366	-10.45	-5.634	-10.68	-10.14	-5.504	-5.848	-8.627	-6.674
21.15	-1.702	-7.454	-10.74	-5.36	-8.819	-5.543	-5.452	-8.296	-5.43	-7.516	-9.261	-6.103	-6.217	-10.73	-9.599	-8.468	-6.695	-7.21	-5.728	-7.863	-5.062	-7.834	-10.49	-5.464	-6.044	-6.779	-5.542	-5.532	-8.005	-6.728
21.16	-1.778	-7.446	-5.348	-10.73	-9.195	-5.577	-5.523	-8.197	-5.577	-7.114	-9.512	-6.122	-6.126	-10.69	-9.831	-8.35	-10.59	-9.688	-5.726	-7.854	-4.972	-8.202	-5.299	-10.96	-6.307	-7.035	-10.79	-6.134	-7.987	-9.856
21.17	-1.963	-7.317	-10.68	-5.514	-6.455	-5.543	-5.49	-8.008	-5.59	-9.151	-5.543	-9.563	-10.96	-10.6	-6.705	-8.341	-10.31	-9.721	-5.695	-7.692	-4.995	-8.735	-5.583	-10.9	-9.973	-9.411	-5.784	-9.854	-8.283	-6.74
21.18	-6.75	-7.963	-5.517	-10.48	-6.269	-10.26	-5.482	-7.926	-10.35	-9.46	-5.267	-9.519	-6.045	-6.351	-6.57	-8.483	-6.53	-9.803	-5.702	-7.75	-10.19	-6.49	-9.547	-10.78	-9.67	-9.06	-5.992	-6.529	-8.283	-6.343
21.19	-6.639	-7.092	-10.42	-5.89	-9.955	-5.396	-5.528	-7.933	-5.938	-6.014	-5.198	-6.27	-6.013	-10.36	-10.43	-8.008	-6.396	-9.826	-11.04	-7.758	-10.01	-6.047	-9.053	-5.996	-7.256	-8.026	-10.1	-6.594	-8.166	-6.819
21.2	-2.31	-8.195	-9.779	-6.142	-5.769	-5.362	-10.54	-7.787	-6.116	-10.1	-5.015	-6.426	-6.01	-10.27	-10.6	-7.863	-6.325	-9.918	-7.442	-8.569	-5.275	-5.866	-8.365	-6.319	-7.646	-8.384	-9.869	-6.676	-8.371	-9.832
21.21	-6.063	-8.093	-6.408	-9.309	-10.54	-10.48	-5.471	-8.685	-6.319	-10.39	-5	-6.932	-11.08	-10.37	-10.67	-8.012	-10.66	-6.906	-11.17	-7.337	-5.463	-10.2	-7.419	-9.272	-7.788	-9.57	-8.538	-9.279	-8.254	-9.369
21.22	-2.895	-6.463	-9.524	-7.001	-5.327	-5.321	-5.565	-7.415	-7.149	-10.56	-4.952	-6.54	-5.888	-9.867	-11.06	-6.957	-6.146	-9.98	-11.13	-8.158	-5.907	-5.231	-6.424	-8.852	-8.627	-9.455	-8.61	-9.426	-8.257	-10.14
21.23	-3.079	-5.795	-9.277	-7.365	-5.273	-5.318	-10.5	-7.143	-8.76	-10.58	-4.991	-6.539	-5.94	-9.77	-11.18	-9.095	-6.17	-9.961	-11.04	-8.37	-6.077	-5.153	-5.911	-8.244	-9.555	-7.081	-8.155	-7.122	-8.264	-10.14
21.24	-3.306	-6.311	-8.974	-7.818	-5.314	-10.66	-5.552	-7.142	-8.494	-10.57	-4.973	-9.105	-5.881	-9.663	-5.688	-7.402	-10.74	-10.03	-11.08	-6.856	-8.958	-5.208	-10.37	-8.702	-7.219	-6.753	-8.906	-7.027	-8.095	-6.839
21.25	-5.405	-8.922	-7.536	-7.907	-10.63	-5.251	-5.619	-6.99	-8.206	-5.422	-10.23	-6.707	-5.888	-9.559	-5.691	-7.326	-6.122	-9.981	-5.824	-6.321	-8.697	-5.402	-10.32	-7.383	-9.652	-6.505	-8.406	-5.969	-8.209	-9.788
21.26	-5.219	-6.063	-8.384	-8.469	-5.508	-10.64	-5.598	-6.921	-8.203	-5.661	-10.25	-6.847	-5.901	-7.376	-11.13	-9.375	-6.089	-10.13	-7.384	-8.588	-6.811	-5.538	-5.144	-6.867	-9.935	-10.52	-7.406	-10.19	-8.704	-9.736
21.27	-4.765	-9.128	-8.201	-7.278	-10.42	-5.268	-10.47	-6.641	-6.979	-9.991	-5.321	-6.88	-5.907	-7.527	-11.03	-7.092	-10.86	-10.06	-6.394	-8.655	-7.17	-5.881	-5.186	-10.04	-6.343	-6.05	-9.266	-10.16	-8.229	-6.857
21.28	-4.824	-9.241	-7.603	-9.321	-5.864	-10.65	-5.553	-6.621	-7.289	-9.723	-10.09	-6.944	-5.893	-7.597	-5.933	-7.015	-10.88	-6.806	-11.21	-6.467	-7.975	-6.27	-10.23	-10.32	-6.221	-6.203	-6.699	-6.212	-8.235	-6.933
21.29	-4.636	-5.714	-8.891	-9.569	-9.917	-5.323	-5.666	-6.415	-6.997	-6.55	-9.926	-7.037	-5.863	-9.131	-10.8	-6.893	-6.035	-6.755	-11.15	-6.349	-7.764	-6.688	-9.909	-5.907	-6	-5.803	-10.25	-9.648	-8.867	-9.677
21.3	-4.491	-9.442	-7.076	-6.237	-6.468	-10.75	-5.683	-9.704	-6.754	-9.085	-9.702	-7.178	-5.899	-7.751	-10.59	-9.704	-5.955	-6.798	-11.16	-8.933	-8.042	-8.494	-9.301	-10.81	-5.833	-10.95	-10.73	-6.432	-8.322	-9.691
21.31	-4.714	-9.831	-10.09	-5.845	-7.519	-5.356	-10.64	-6.077	-9.835	-7.502	-5.979	-8.971	-11	-8.811	-10.46	-9.7	-6.117	-7.147	-5.888	-9.138	-8.079	-7.901	-7.74	-10.9	-10.96	-10.85	-5.502	-6.141	-8.592	-9.418
21.32	-3.836	-5.344	-6.994	-10.48	-7.495	-10.69	-5.591	-10.13	-6.041	-8.479	-6.228	-7.207	-6.026	-8.066	-9.364	-10.01	-5.914	-6.708	-5.77	-9.599	-8.759	-8.597	-8.441	-10.79	-11.01	-10.85	-5.508	-6.694	-8.375	-9.646
21.33	-3.673	-5.355	-6.851	-10.45	-8.272	-10.67	-5.588	-5.883	-10.12	-7.69	-9.233	-8.638	-6.055	-8.171	-9.652	-6.422	-5.928	-10.08	-8.881	-9.578	-8.929	-9.08	-6.596	-10.06	-5.594	-5.973	-10.85	-6.767	-8.53	-9.719
21.34	-3.5	-9.83	-6.665	-10.54	-8.254	-10.71	-10.56	-5.802	-10.46	-7.505	-8.996	-8.57	-6.073	-8.266	-7.502	-6.315	-5.946	-10.04	-8.084	-5.687	-6.097	-9.424	-6.135	-10.2	-10.89	-6.083	-10.67	-9.593	-8.615	-7.144
21.35	-5.6	-5.148	-11.31	-5.238	-7.642	-10.67	-5.575	-5.682	-5.68	-8.777	-8.938	-8.662	-10.87	-8.536	-8.536	-6.319	-5.953	-10.03	-9.08	-5.688	-5.942	-5.847	-9.937	-6.82	-10.76	-6.208	-5.871	-9.634	-7.895	-7.179
21.36	-6.264	-5.116	-6.368	-10.66	-7.309	-10.73	-10.57	-10.47	-5.542	-6.838	-6.861	-8.527	-10.88	-8.407	-8.931	-10.27	-11.1	-10.03	-8.175	-9.859	-9.588	-5.524	-10.23	-7.371	-6.025	-6.384	-10.26	-7.491	-7.798	-9.719
21.37	-3.064	-10.13	-11.54	-5.244	-9.099	-10.73	-5.583	-10.56	-10.54	-6.607	-7.049	-8.564	-10.84	-8.163	-8.33	-6.148	-11.05	-9.959	-8.5	-9.904	-9.764	-10.25	-10.43	-8.752	-6.391	-6.687	-9.957	-6.882	-8.845	-9.626
21.38	-6.069	-10.22	-6.248	-10.53	-6.684	-5.436	-10.62	-10.59	-10.54	-6.299	-8.421	-8.724	-10.79	-8.301	-8.471	-6.133	-11.04	-6.98	-7.981	-5.371	-5.42	-10.4	-5.138	-8.32	-9.993	-6.961	-6.788	-7.544	-8.923	-7.211
21.39	-6.695	-4.929	-6.212	-5.376	-9.527	-10.44	-5.543	-10.66	-10.5	-9.786	-8.317	-8.668	-10.76	-8.212	-8.791	-10.47	-11.04	-6.523	-8.279	-5.327	-5.298	-10.44	-10.44	-8.867	-9.7	-9.458	-7.014	-9.334	-9.002	-7.172
21.4	-2.443	-4.95	-6.293	-10.02	-5.853	-5.271	-10.62	-10.51	-10.36	-9.941	-7.566	-8.606	-10.72	-8.083	-7.87	-10.5	-11.08	-7.106	-9.892	-10.22	-5.21	-10.41	-10.22	-9.288	-7.328	-7.462	-8.857	-9.121	-9.116	-9.525
21.41	-6.712	-10.34	-11.45	-5.992	-10.29	-10.47	-5.47	-5.41	-6.13	-5.532	-7.433	-8.237	-6.43	-9.204	-7.881	-10.35	-10.85	-9.623	-9.282	-10.17	-10.57	-10.21	-9.621	-6.173	-7.681	-8.69	-7.568	-10.13	-9.671	-9.043
21.42	-2.287	-4.942	-6.64	-9.96	-5.615	-5.519	-10.69	-10.62	-9.154	-5.444	-7.997	-8.707	-10.58	-9.884	-7.235	-10.66	-10.97	-7.383	-9.145	-5.08	-5.295	-5.959	-8.81	-10.49	-8.166	-8.626	-7.649	-8.621	-9.466	-10.77
21.43	-2.218	-4.953	-6.795	-9.209	-5.518	-5.535	-10.67	-10.6	-9.394	-5.374	-8.13	-7.13	-10.59	-9.505	-6.982	-5.794	-5.974	-7.544	-9.345	-5.062	-5.567	-6.398	-7.525	-10.7	-7.871	-9.08	-7.184	-9.105	-7.082	-7.449
21.44	-2.17	-4.952	-10.77	-9.566	-5.388	-5.597	-10.73	-5.574	-9.074	-10.62	-7.24	-7.085	-10.45	-9.589	-9.971	-5.74	-5.865	-9.259	-9.547	-5.006	-5.277	-6.843	-8.22	-10.82	-7.576	-7.367	-9.408	-7.21	-6.904	-7.758
21.45	-7.073	-5.178	-7.419	-7.329	-10.75	-10.3	-5.425	-5.66	-8.653	-5.298	-8.419	-7.009	-6.604	-9.705	-10.18	-10.86	-10.76	-9.21	-9.181	-5.004	-5.112	-8.338	-7.055	-10.88	-7.243	-7.024	-9.989	-9.007	-9.749	-7.823
21.46	-2.122	-5.166	-10.28	-8.574	-5.35	-5.744	-10.73	-5.731	-8.358	-5.351	-8.633	-7.006	-6.702	-9.886	-6.495	-10.87	-6.249	-9.099	-6.771	-5.034	-5.748	-7.797	-6.513	-10.89	-6.93	-10.09	-6.25	-8.711	-6.594	-9.061
21.47	-2.056	-9.926	-8.232	-8.527	-5.436	-10.2	-5.445	-5.839	-7.965	-10.44	-8.68	-7.011	-10.35	-10.05	-10.49	-11.01	-10.8	-8.899	-6.668	-5.021	-10.39	-8.369	-9.685	-6.058	-6.667	-6.442	-5.988	-7.865	-10.04	-8.556
21.48	-1.956	-9.827	-9.697	-8.544	-10.58	-5.925	-10.72	-5.99	-7.555	-10.35	-6.742	-6.924	-10.42	-10.17	-10.62	-5.582	-11	-8.718	-10.51	-10.44	-9.767	-8.873	-5.693	-6.069	-6.394	-6.194	-10.64	-8.169	-10.14	-8.764
21.49	-1.983	-5.567	-9.284	-7.982	-5.633	-10.04	-5.456	-6.014	-8.902	-5.834	-9.021	-6.792	-6.799	-6.691	-6.118	-10.98	-6.174	-8.309	-9.241	-10.42	-5.883	-6.363	-5.401	-6.25	-10.4	-10.75	-10.8	-8.752	-6.28	-8.55
21.5	-2.215	-5.732	-8.598	-8.489	-10.29	-6.124	-10.74	-6.211	-9.204	-6.694	-9.136	-6.811	-10.3	-6.585	-10.84	-11.03	-6.202	-8.498	-9.518	-5.135	-6.135	-6.033	-10.49	-6.644	-6.078	-10.91	-10.85	-8.462	-6.177	-8.549
21.51	-7.597	-8.978	-7.943	-7.133	-9.955	-9.586	-5.465	-9.166	-9.472	-6.453	-8.853	-6.96	-9.832	-10.66	-5.743	-11.03	-6.611	-8.734	-7.379	-5.275	-6.466	-5.524	-5.269	-9.068	-5.928	-10.9	-5.6	-6.027	-5.817	-9.302
21.52	-2.161	-6.381	-9.585	-9.239	-6.717	-6.486	-10.75	-6.835	-6.164	-7.219	-9.448	-9.524	-10.51	-6.216	-5.674	-11.06	-6.292	-8.142	-9.88	-5.395	-8.466	-10.42	-10.3	-7.857	-5.68	-10.94	-10.88	-6.625	-5.902	-9.063
21.53	-2.241	-6.449	-9.393	-9.446	-6.985	-6.661	-10.71	-6.866	-5.916	-7.666	-9.564	-9.502	-10.08	-6.133	-11.05	-5.75	-10.72	-7.937	-10.09	-9.969	-8.105	-10.4	-5.871	-8.302	-11.05	-5.97	-10.66	-10.08	-5.882	-9.273
21.54	-2.233	-8.546	-9.541	-9.612	-8.852	-9.299	-5.467	-7.137	-10.37	-8.078	-6.158	-9.407	-10.5	-10.98	-11.07	-5.776	-10.69	-9.21	-10.2	-9.93	-8.12	-10.39	-6.279	-7.933	-5.655	-6.13	-6.001	-5.706	-10.76	-7.643
21.55	-2.364	-6.838	-6.377	-6.298	-7.634	-9.184	-10.77	-7.216	-10.51	-7.679	-9.679	-9.461	-9.999	-11.03	-5.662	-5.814	-6.405	-9.359	-10.35	-5.961	-7.715	-10.25	-6.82	-9.185	-11.01	-10.46	-6.166	-10.87	-10.85	-7.494
21.56	-2.405	-8.127	-6.217	-6.247	-8.13	-9.013	-5.478	-7.407	-5.478	-8.816	-9.84	-9.556	-10.01	-11.1	-11.03	-10.78	-6.452	-9.43	-10.48	-6.213	-7.323	-9.972	-7.375	-9.592	-5.804	-10.24	-6.375	-10.52	-5.744	-7.325
21.57	-2.523	-7.931	-10.21	-9.885	-7.744	-8.848	-10.77	-7.622	-5.431	-9.177	-6.058	-6.248	-9.984	-11.17	-11.01	-10.66	-10.58	-9.525	-6.63	-9.356	-9.033	-9.498	-7.915	-6.733	-10.8	-9.934	-9.817	-5.982	-5.684	-7.191
21.58	-2.589	-7.566	-10.61	-10.23	-8.739	-8.655	-5.449	-7.768	-5.477	-6.539	-5.861	-6.269	-10	-11.19	-5.802	-6.549	-10.51	-9.612	-11.41	-9.189	-9.454	-9.048	-7.317	-6.419	-6.091	-9.729	-9.509	-5.751	-10.88	-7.04
21.59	-2.74	-7.777	-5.655	-5.81	-9.038	-7.574	-10.78	-7.976	-5.545	-9.808	-5.86	-9.56	-9.728	-5.824	-5.824	-5.963	-6.61	-9.72	-5.852	-6.918	-9.283	-8.57	-6.853	-10.46	-6.381	-9.317	-9.208	-5.819	-10.87	-7.025
21.6	-2.933	-7.906	-10.54	-5.632	-9.376	-7.704	-5.615	-8.124	-5.655	-10.02	-10.23	-9.735	-9.975	-5.823	-5.919	-10.33	-6.621	-9.809	-5.925	-7.199	-9.494	-7.995	-9.399	-10.66	-9.983	-7.87	-8.698	-10.84	-5.745	-6.719
21.61	-3.543	-8.035	-5.37	-10.71	-9.876	-7.431	-5.484	-7.602	-5.823	-10.37	-10.14	-9.515	-7.16	-5.847	-10.61	-10.32	-6.758	-7.079	-10.95	-7.299	-10.21	-8.804	-5.585	-10.84	-9.6	-8.131	-7.681	-10.63	-5.899	-10.51
21.62	-6.37	-5.898	-10.81	-5.142	-5.939	-8.231	-10.68	-8.693	-9.975	-10.75	-10.57	-5.658	-9.955	-6.016	-10.45	-9.902	-10.26	-9.949	-6.022	-7.889	-5.46	-6.508	-10.4	-10.97	-8.914	-8.598	-7.805	-5.634	-5.847	-6.306
21.63	-6.1	-6.321	-10.83	-5.374	-5.719	-8.427	-10.66	-7.276	-9.72	-5.461	-5.872	-5.981	-7.103	-10.97	-6.443	-6.67	-6.81	-10.15	-11.06	-7.417	-5.183	-6.087	-5.162	-5.709	-8.285	-7.342	-9.128	-5.703	-5.882	-10.78
21.64	-5.935	-9.031	-10.73	-5.369	-10.54	-7.577	-10.68	-7.082	-9.518	-5.473	-5.754	-5.934	-7.073	-10.84	-6.558	-6.815	-6.865	-10.11	-11.16	-8.451	-5.397	-5.812	-5.179	-5.788	-8.17	-7.186	-9.453	-10.52	-10.64	-10.96
21.65	-5.746	-9.198	-5.569	-5.38	-10.66	-8.714	-10.67	-9.231	-9.3	-10.71	-10.64	-5.843	-7.148	-10.71	-10.02	-9.485	-10.15	-10.2	-5.857	-8.722	-5.43	-5.529	-5.224	-10.73	-9.001	-10.2	-9.803	-5.801	-10.55	-6.054
21.66	-5.503	-5.9	-10.51	-5.292	-5.435	-7.35	-10.58	-6.737	-9.132	-5.653	-5.672	-5.712	-7.061	-6.553	-9.889	-9.281	-6.931	-10.19	-5.828	-6.767	-5.502	-5.221	-10.4	-10.55	-7.278	-10.5	-6.457	-5.702	-6.126	-11.01
21.67	-5.272	-5.788	-5.815	-5.304	-5.408	-8.956	-10.58	-6.545	-8.82	-5.959	-5.662	-9.926	-6.986	-6.621	-7.076	-7.208	-10.06	-10.21	-5.79	-6.456	-5.611	-10.5	-5.692	-6.369	-9.649	-6.223	-10.3	-5.722	-6.21	-5.96
21.68	-4.95	-5.639	-5.976	-10.52	-5.503	-6.912	-10.56	-9.683	-8.482	-6.236	-5.63	-9.942	-10.18	-10.25	-7.258	-7.364	-6.988	-10.22	-5.818	-9.533	-10.09	-10.51	-6.103	-6.737	-6.74	-6.035	-10.51	-10.51	-6.274	-11.15
21.69	-4.782	-5.502	-10.06	-5.958	-5.572	-9.268	-5.79	-9.821	-7.951	-9.606	-10.77	-9.94	-6.953	-6.963	-7.407	-8.887	-9.995	-6.977	-5.884	-9.76	-10.15	-5.391	-9.244	-7.029	-10.27	-11.01	-5.85	-5.914	-6.379	-5.89
21.7	-5.338	-5.356	-6.485	-10.18	-10.53	-6.614	-5.821	-10.28	-8.313	-6.886	-5.512	-9.963	-6.989	-7.185	-9.271	-8.707	-7.122	-6.985	-11.23	-5.735	-6.202	-5.672	-8.735	-9.196	-5.823	-11.05	-5.709	-10.57	-6.364	-5.859
21.71	-5.468	-10.3	-6.891	-6.769	-6.247	-9.73	-10.31	-5.855	-8.485	-8.143	-10.97	-5.239	-7.272	-7.136	-7.947	-8.657	-7.513	-6.672	-11.23	-10.28	-6.618	-6.128	-8.074	-8.892	-5.943	-10.82	-5.621	-10.51	-10.16	-5.838
21.72	-3.909	-5.068	-9.004	-9.258	-9.739	-9.819	-6.023	-10.19	-7.068	-7.731	-10.86	-10.13	-10.08	-7.731	-8.736	-8.193	-7.155	-10.02	-6.015	-5.27	-8.795	-8.667	-8.733	-8.227	-5.539	-6.04	-5.626	-6.031	-9.949	-10.99
21.73	-3.695	-5.035	-8.666	-8.665	-9.464	-9.954	-6.059	-10.3	-6.726	-8.661	-5.674	-5.163	-10.11	-9.267	-8.708	-8.044	-7.103	-9.948	-6.175	-10.45	-8.319	-8.304	-9.229	-9.314	-11.09	-6.273	-10.89	-6.175	-9.822	-11.01
21.74	-3.578	-5.034	-8.407	-8.313	-7.164	-10.35	-10.14	-10.35	-6.492	-9.048	-10.9	-5.1	-10.08	-9.122	-8.569	-7.821	-10.01	-7.314	-6.269	-10.59	-7.865	-7.984	-9.69	-9.747	-5.626	-10.47	-5.903	-10.34	-9.683	-10.88
21.75	-3.34	-10.41	-9.073	-8.099	-8.848	-5.818	-10.08	-10.4	-6.248	-6.523	-5.635	-10.25	-10.09	-8.244	-8.398	-7.756	-9.979	-7.292	-10.75	-5.139	-7.831	-8.584	-5.751	-7.126	-11.02	-6.722	-10.47	-10.24	-9.563	-6.161
21.76	-3.172	-10.41	-8.583	-8.32	-7.835	-5.742	-10.06	-10.5	-10.03	-9.868	-5.692	-5.084	-10.11	-8.485	-8.679	-7.9	-7.152	-7.417	-10.68	-5.18	-8.108	-8.998	-5.539	-6.802	-5.851	-9.898	-6.264	-10.23	-7.125	-10.76
21.77	-3.014	-10.4	-9.347	-8.63	-8.214	-5.666	-9.985	-10.48	-5.912	-9.988	-10.75	-5.093	-6.932	-9.222	-8.163	-7.4	-7.116	-7.451	-10.48	-10.64	-7.053	-9.444	-10.5	-6.545	-6.048	-9.571	-10.07	-10.1	-7.273	-10.64
21.78	-2.849	-10.33	-7.688	-8.942	-8.41	-5.572	-9.959	-10.5	-5.782	-5.676	-10.65	-4.893	-6.964	-8.766	-7.958	-7.233	-7.125	-9.522	-6.912	-10.59	-6.454	-9.81	-10.61	-10.86	-10.46	-7.688	-6.809	-9.905	-9.352	-10.54
21.79	-2.742	-10.22	-7.366	-6.947	-8.694	-5.498	-6.481	-10.55	-10.42	-5.467	-5.618	-5.008	-10.08	-8.26	-7.797	-9.249	-10.18	-7.727	-7.127	-5.337	-6.154	-10.1	-5.23	-6.181	-6.613	-8.82	-9.558	-9.935	-9.27	-6.637
21.8	-2.569	-5.217	-7.037	-9.451	-7.316	-5.399	-6.447	-5.363	-5.54	-5.363	-5.708	-10.48	-10.08	-9.062	-9.19	-7.048	-6.999	-7.729	-7.34	-5.47	-5.451	-10.36	-5.387	-6.011	-9.818	-8.38	-7.448	-9.791	-7.579	-10.34
21.81	-7.477	-5.532	-6.514	-5.874	-6.635	-5.327	-6.642	-10.43	-10.61	-5.295	-5.675	-10.42	-9.694	-9.05	-7.092	-9.462	-10.4	-7.65	-7.269	-5.59	-9.727	-10.5	-5.801	-5.947	-9.456	-7.247	-8.49	-6.936	-9.458	-9.797
21.82	-2.271	-9.438	-10.86	-9.922	-9.736	-10.77	-9.772	-5.544	-10.59	-5.461	-6.043	-10.49	-7.057	-9.536	-7.471	-9.626	-10.25	-8.152	-9.062	-6.111	-5.136	-5.372	-6.613	-6.321	-8.66	-7.276	-8.608	-9.24	-8.96	-9.966
21.83	-2.167	-9.281	-11.05	-10.09	-9.97	-10.73	-9.793	-5.616	-5.649	-10.39	-10.19	-10.38	-7.061	-7.446	-9.514	-9.741	-6.857	-8.802	-9.084	-6.296	-5.158	-10.28	-8.897	-6.228	-8.295	-10.05	-7.677	-9.1	-7.792	-10.28
21.84	-2.217	-6.126	-11.14	-10.29	-10.18	-10.72	-9.756	-5.765	-5.792	-10.2	-9.83	-10.45	-7.105	-9.783	-7.152	-6.524	-6.846	-8.681	-8.779	-9.255	-5.042	-10.07	-7.675	-10.71	-9.017	-6.606	-7.303	-7.791	-8.936	-9.646
21.85	-7.75	-6.289	-11.32	-10.37	-5.899	-5.468	-9.797	-5.834	-10.14	-6.155	-6.418	-5.28	-7.151	-7.097	-7.222	-6.462	-10.43	-8.647	-9.278	-7.596	-5.009	-6.166	-8.237	-10.43	-7.424	-10.57	-9.628	-7.956	-7.995	-7.625
21.86	-2.213	-8.547	-11.31	-10.49	-5.744	-5.492	-9.818	-5.97	-9.985	-6.387	-6.55	-5.348	-7.137	-6.995	-7.186	-10.01	-10.4	-8.335	-8.295	-8.769	-10.21	-9.267	-7.068	-7.129	-7.054	-6.083	-10.03	-8.473	-8.587	-7.776
21.87	-2.221	-8.289	-11.4	-10.52	-10.58	-5.652	-6.601	-6.251	-6.431	-9.174	-9.555	-5.512	-7.203	-10.24	-9.794	-10.07	-6.639	-8.248	-9.073	-7.247	-10.57	-7.054	-6.584	-7.499	-10.02	-5.924	-6.422	-8.251	-8.631	-9.219
21.88	-7.551	-7.963	-5.964	-5.159	-10.91	-10.36	-6.479	-6.277	-6.649	-8.805	-9.438	-5.494	-7.26	-10.37	-7.034	-6.253	-10.61	-9.089	-7.724	-8.349	-4.984	-8.357	-6.305	-9.364	-10.24	-11.05	-10.33	-8.674	-8.644	-9.225
21.89	-7.508	-7.726	-5.918	-10.6	-10.8	-9.7	-6.554	-6.645	-9.202	-7.61	-9.302	-10.39	-7.274	-6.641	-9.933	-6.198	-6.589	-9.083	-9.473	-8.062	-5.419	-7.764	-10.41	-8.186	-10.51	-11.06	-5.912	-7.875	-8.355	-8.255
21.9	-2.556	-7.37	-11.15	-5.226	-5.426	-9.922	-6.446	-6.737	-8.56	-8.015	-9.176	-10.4	-9.818	-6.548	-6.9	-10.22	-6.507	-7.857	-7.385	-7.583	-5.195	-8.552	-10.36	-8.556	-6.043	-5.928	-10.79	-8.266	-8.554	-8.549
21.91	-2.632	-7.416	-6.707	-10.3	-5.451	-9.875	-6.131	-9.116	-8.207	-8.534	-9.204	-10.46	-9.319	-6.324	-7.031	-10.04	-6.604	-8.025	-7.374	-7.443	-5.959	-9.22	-10.73	-9.07	-5.862	-6.293	-10.95	-6.899	-8.553	-9.226
21.92	-6.728	-8.443	-6.312	-5.588	-10.7	-6.568	-9.97	-8.994	-7.259	-9.25	-8.738	-10.2	-9.669	-6.257	-6.675	-10.35	-6.265	-7.536	-6.902	-7.107	-6.224	-9.785	-10.44	-9.898	-5.649	-6.366	-10.96	-7.045	-8.565	-9.037
21.93	-6.461	-8.671	-9.72	-5.811	-10.6	-7.003	-10	-7.404	-7.537	-9.604	-7.753	-5.598	-9.655	-10.93	-10.31	-10.4	-10.94	-9.692	-10.48	-9.597	-9.692	-5.706	-5.69	-6.995	-5.61	-10.8	-5.68	-9.862	-8.342	-7.988
21.94	-6.279	-8.878	-9.571	-6.076	-10.46	-7.207	-10	-7.455	-8.877	-6.015	-7.9	-5.796	-7.553	-10.99	-10.37	-10.4	-6.198	-7.316	-10.65	-6.776	-9.594	-10.31	-10.15	-6.677	-11.1	-6.811	-10.83	-6.63	-9.073	-9.359
21.95	-6.026	-9.039	-7.401	-6.324	-6.101	-8.704	-6.383	-7.681	-7.026	-10.1	-7.975	-10.06	-7.583	-6.058	-10.46	-5.983	-11.03	-9.94	-6.429	-10.03	-6.317	-5.406	-9.69	-10.65	-5.682	-9.905	-5.902	-10.31	-8.69	-9.275
21.96	-5.796	-9.221	-8.824	-7.283	-6.352	-8.429	-6.352	-8.471	-6.799	-5.642	-8.001	-9.526	-9.557	-11.13	-10.57	-10.48	-6.07	-9.955	-10.9	-6.349	-6.577	-10.52	-7.075	-10.8	-5.835	-7.501	-10.59	-10.38	-8.673	-7.516
21.97	-5.403	-9.685	-8.035	-6.939	-9.785	-8.086	-6.371	-8.001	-9.618	-10.49	-8.217	-9.925	-9.515	-5.989	-6.31	-10.54	-6.042	-10.08	-6.209	-10.39	-9.204	-10.46	-7.71	-10.97	-6.043	-9.242	-6.214	-6.151	-8.396	-7.406
21.98	-4.675	-9.956	-8.421	-8.613	-9.513	-8.218	-6.374	-8.101	-6.367	-5.353	-8.14	-6.353	-7.728	-11.19	-10.7	-5.901	-11.15	-6.908	-11.09	-5.979	-8.634	-10.36	-7.983	-5.904	-10.53	-8.1	-10.25	-6.067	-8.762	-7.289
21.99	-4.968	-5.725	-8.698	-7.571	-9.252	-8.257	-6.524	-7.974	-10.02	-10.63	-8.325	-10.28	-7.815	-11.27	-6.082	-10.41	-11.14	-10.19	-6.088	-10.61	-7.465	-5.585	-7.359	-11.18	-10.29	-8.484	-10.06	-10.81	-8.351	-10.04
22	-5.197	-5.469	-9.205	-7.911	-7.407	-8.571	-9.922	-8.516	-6.005	-5.376	-8.071	-10.21	-9.436	-5.839	-11.08	-10.48	-5.958	-10.29	-11.25	-5.82	-7.812	-5.906	-6.842	-11.16	-6.818	-8.183	-9.88	-5.903	-8.731	-10.17
22.01	-3.9	-10.43	-9.82	-8.706	-8.066	-9.041	-9.836	-9.023	-10.43	-5.586	-8.491	-10.53	-9.332	-5.844	-5.894	-10.4	-6.067	-10.53	-11.19	-10.9	-8.833	-6.307	-6.154	-11.18	-7.202	-7.028	-9.452	-5.724	-9.069	-10.67
