# XGS2: >1.475E-06,1.929E-08,OPEN     ,6.564E+00,OPEN     ,OPEN
# 2019-02-14 10:15:55
# 
19	1.485e-06	1.457e-06	1.453e-06	1.452e-06	1.458e-06	1.458e-06	1.458e-06	1.458e-06	1.457e-06	1.464e-06	1.457e-06	1.463e-06	1.457e-06	1.456e-06	1.462e-06	1.462e-06	1.462e-06	1.462e-06	1.455e-06	1.462e-06	1.462e-06	1.468e-06	1.468e-06	1.457e-06	1.47e-06	1.47e-06	1.462e-06	1.475e-06	1.468e-06	1.468e-06
19.01	1.485e-06	1.457e-06	1.453e-06	1.452e-06	1.458e-06	1.458e-06	1.458e-06	1.458e-06	1.457e-06	1.464e-06	1.457e-06	1.463e-06	1.457e-06	1.456e-06	1.462e-06	1.462e-06	1.462e-06	1.462e-06	1.455e-06	1.462e-06	1.462e-06	1.468e-06	1.468e-06	1.457e-06	1.47e-06	1.47e-06	1.462e-06	1.475e-06	1.468e-06	1.468e-06
19.02	1.485e-06	1.457e-06	1.453e-06	1.452e-06	1.458e-06	1.458e-06	1.458e-06	1.458e-06	1.457e-06	1.464e-06	1.457e-06	1.463e-06	1.457e-06	1.456e-06	1.462e-06	1.462e-06	1.462e-06	1.462e-06	1.455e-06	1.462e-06	1.462e-06	1.468e-06	1.468e-06	1.457e-06	1.47e-06	1.47e-06	1.462e-06	1.475e-06	1.468e-06	1.468e-06
19.03	1.485e-06	1.457e-06	1.453e-06	1.452e-06	1.458e-06	1.458e-06	1.458e-06	1.458e-06	1.457e-06	1.464e-06	1.457e-06	1.463e-06	1.457e-06	1.456e-06	1.462e-06	1.462e-06	1.462e-06	1.462e-06	1.455e-06	1.462e-06	1.462e-06	1.468e-06	1.468e-06	1.457e-06	1.47e-06	1.47e-06	1.462e-06	1.475e-06	1.468e-06	1.468e-06
19.04	1.485e-06	1.457e-06	1.453e-06	1.452e-06	1.458e-06	1.458e-06	1.458e-06	1.458e-06	1.457e-06	1.464e-06	1.457e-06	1.463e-06	1.457e-06	1.456e-06	1.462e-06	1.462e-06	1.462e-06	1.462e-06	1.455e-06	1.462e-06	1.462e-06	1.468e-06	1.468e-06	1.457e-06	1.47e-06	1.47e-06	1.462e-06	1.475e-06	1.468e-06	1.468e-06
19.05	1.485e-06	1.457e-06	1.453e-06	1.452e-06	1.458e-06	1.458e-06	1.458e-06	1.458e-06	1.457e-06	1.464e-06	1.457e-06	1.463e-06	1.457e-06	1.456e-06	1.462e-06	1.462e-06	1.462e-06	1.462e-06	1.455e-06	1.462e-06	1.462e-06	1.468e-06	1.468e-06	1.457e-06	1.47e-06	1.47e-06	1.462e-06	1.475e-06	1.468e-06	1.468e-06
19.06	1.485e-06	1.457e-06	1.453e-06	1.452e-06	1.458e-06	1.458e-06	1.458e-06	1.458e-06	1.457e-06	1.464e-06	1.457e-06	1.463e-06	1.457e-06	1.456e-06	1.462e-06	1.462e-06	1.462e-06	1.462e-06	1.455e-06	1.462e-06	1.462e-06	1.468e-06	1.468e-06	1.457e-06	1.47e-06	1.47e-06	1.462e-06	1.475e-06	1.468e-06	1.468e-06
19.07	1.485e-06	1.457e-06	1.453e-06	1.452e-06	1.458e-06	1.458e-06	1.458e-06	1.458e-06	1.457e-06	1.464e-06	1.457e-06	1.463e-06	1.457e-06	1.456e-06	1.462e-06	1.462e-06	1.462e-06	1.462e-06	1.455e-06	1.462e-06	1.462e-06	1.468e-06	1.468e-06	1.457e-06	1.47e-06	1.47e-06	1.462e-06	1.475e-06	1.468e-06	1.468e-06
19.08	1.485e-06	1.457e-06	1.453e-06	1.452e-06	1.458e-06	1.458e-06	1.458e-06	1.458e-06	1.457e-06	1.464e-06	1.457e-06	1.463e-06	1.457e-06	1.456e-06	1.462e-06	1.462e-06	1.462e-06	1.462e-06	1.455e-06	1.462e-06	1.462e-06	1.468e-06	1.468e-06	1.457e-06	1.47e-06	1.47e-06	1.462e-06	1.475e-06	1.468e-06	1.468e-06
19.09	1.485e-06	1.457e-06	1.453e-06	1.452e-06	1.458e-06	1.458e-06	1.458e-06	1.458e-06	1.457e-06	1.464e-06	1.457e-06	1.463e-06	1.457e-06	1.456e-06	1.462e-06	1.462e-06	1.462e-06	1.462e-06	1.455e-06	1.462e-06	1.462e-06	1.468e-06	1.468e-06	1.457e-06	1.47e-06	1.47e-06	1.462e-06	1.475e-06	1.468e-06	1.468e-06
19.1	1.471e-06	1.457e-06	1.459e-06	1.464e-06	1.458e-06	1.458e-06	1.452e-06	1.457e-06	1.457e-06	1.444e-06	1.463e-06	1.451e-06	1.462e-06	1.456e-06	1.455e-06	1.463e-06	1.461e-06	1.462e-06	1.456e-06	1.462e-06	1.463e-06	1.468e-06	1.457e-06	1.47e-06	1.47e-06	1.464e-06	1.474e-06	1.474e-06	1.471e-06	1.474e-06
19.11	1.471e-06	1.457e-06	1.459e-06	1.464e-06	1.458e-06	1.458e-06	1.452e-06	1.457e-06	1.457e-06	1.444e-06	1.463e-06	1.451e-06	1.462e-06	1.456e-06	1.455e-06	1.463e-06	1.461e-06	1.462e-06	1.456e-06	1.462e-06	1.463e-06	1.468e-06	1.457e-06	1.47e-06	1.47e-06	1.464e-06	1.474e-06	1.474e-06	1.471e-06	1.474e-06
19.12	1.471e-06	1.457e-06	1.459e-06	1.464e-06	1.458e-06	1.458e-06	1.452e-06	1.457e-06	1.457e-06	1.444e-06	1.463e-06	1.451e-06	1.462e-06	1.456e-06	1.455e-06	1.463e-06	1.461e-06	1.462e-06	1.456e-06	1.462e-06	1.463e-06	1.468e-06	1.457e-06	1.47e-06	1.47e-06	1.464e-06	1.474e-06	1.474e-06	1.471e-06	1.474e-06
19.13	1.471e-06	1.457e-06	1.459e-06	1.464e-06	1.458e-06	1.458e-06	1.452e-06	1.457e-06	1.457e-06	1.444e-06	1.463e-06	1.451e-06	1.462e-06	1.456e-06	1.455e-06	1.463e-06	1.461e-06	1.462e-06	1.456e-06	1.462e-06	1.463e-06	1.468e-06	1.457e-06	1.47e-06	1.47e-06	1.464e-06	1.474e-06	1.474e-06	1.471e-06	1.474e-06
19.14	1.471e-06	1.457e-06	1.459e-06	1.464e-06	1.458e-06	1.458e-06	1.452e-06	1.457e-06	1.457e-06	1.444e-06	1.463e-06	1.451e-06	1.462e-06	1.456e-06	1.455e-06	1.463e-06	1.461e-06	1.462e-06	1.456e-06	1.462e-06	1.463e-06	1.468e-06	1.457e-06	1.47e-06	1.47e-06	1.464e-06	1.474e-06	1.474e-06	1.471e-06	1.474e-06
19.15	1.471e-06	1.457e-06	1.459e-06	1.464e-06	1.458e-06	1.458e-06	1.452e-06	1.457e-06	1.457e-06	1.444e-06	1.463e-06	1.451e-06	1.462e-06	1.456e-06	1.455e-06	1.463e-06	1.461e-06	1.462e-06	1.456e-06	1.462e-06	1.463e-06	1.468e-06	1.457e-06	1.47e-06	1.47e-06	1.464e-06	1.474e-06	1.474e-06	1.471e-06	1.474e-06
19.16	1.471e-06	1.457e-06	1.459e-06	1.464e-06	1.458e-06	1.458e-06	1.452e-06	1.457e-06	1.457e-06	1.444e-06	1.463e-06	1.451e-06	1.462e-06	1.456e-06	1.455e-06	1.463e-06	1.461e-06	1.462e-06	1.456e-06	1.462e-06	1.463e-06	1.468e-06	1.457e-06	1.47e-06	1.47e-06	1.464e-06	1.474e-06	1.474e-06	1.471e-06	1.474e-06
19.17	1.471e-06	1.457e-06	1.459e-06	1.464e-06	1.458e-06	1.458e-06	1.452e-06	1.457e-06	1.457e-06	1.444e-06	1.463e-06	1.451e-06	1.462e-06	1.456e-06	1.455e-06	1.463e-06	1.461e-06	1.462e-06	1.456e-06	1.462e-06	1.463e-06	1.468e-06	1.457e-06	1.47e-06	1.47e-06	1.464e-06	1.474e-06	1.474e-06	1.471e-06	1.474e-06
19.18	1.471e-06	1.457e-06	1.459e-06	1.464e-06	1.458e-06	1.458e-06	1.452e-06	1.457e-06	1.457e-06	1.444e-06	1.463e-06	1.451e-06	1.462e-06	1.456e-06	1.455e-06	1.463e-06	1.461e-06	1.462e-06	1.456e-06	1.462e-06	1.463e-06	1.468e-06	1.457e-06	1.47e-06	1.47e-06	1.464e-06	1.474e-06	1.474e-06	1.471e-06	1.474e-06
19.19	1.471e-06	1.457e-06	1.459e-06	1.464e-06	1.458e-06	1.458e-06	1.452e-06	1.457e-06	1.457e-06	1.444e-06	1.463e-06	1.451e-06	1.462e-06	1.456e-06	1.455e-06	1.463e-06	1.461e-06	1.462e-06	1.456e-06	1.462e-06	1.463e-06	1.468e-06	1.457e-06	1.47e-06	1.47e-06	1.464e-06	1.474e-06	1.474e-06	1.471e-06	1.474e-06
19.2	1.495e-06	1.456e-06	1.459e-06	1.465e-06	1.465e-06	1.452e-06	1.463e-06	1.457e-06	1.457e-06	1.463e-06	1.456e-06	1.457e-06	1.463e-06	1.463e-06	1.462e-06	1.469e-06	1.455e-06	1.456e-06	1.462e-06	1.455e-06	1.468e-06	1.463e-06	1.457e-06	1.464e-06	1.464e-06	1.464e-06	1.474e-06	1.474e-06	1.476e-06	1.474e-06
19.21	1.495e-06	1.456e-06	1.459e-06	1.465e-06	1.465e-06	1.452e-06	1.463e-06	1.457e-06	1.457e-06	1.463e-06	1.456e-06	1.457e-06	1.463e-06	1.463e-06	1.462e-06	1.469e-06	1.455e-06	1.456e-06	1.462e-06	1.455e-06	1.468e-06	1.463e-06	1.457e-06	1.464e-06	1.464e-06	1.464e-06	1.474e-06	1.474e-06	1.476e-06	1.474e-06
19.22	1.495e-06	1.456e-06	1.459e-06	1.465e-06	1.465e-06	1.452e-06	1.463e-06	1.457e-06	1.457e-06	1.463e-06	1.456e-06	1.457e-06	1.463e-06	1.463e-06	1.462e-06	1.469e-06	1.455e-06	1.456e-06	1.462e-06	1.455e-06	1.468e-06	1.463e-06	1.457e-06	1.464e-06	1.464e-06	1.464e-06	1.474e-06	1.474e-06	1.476e-06	1.474e-06
19.23	1.495e-06	1.456e-06	1.459e-06	1.465e-06	1.465e-06	1.452e-06	1.463e-06	1.457e-06	1.457e-06	1.463e-06	1.456e-06	1.457e-06	1.463e-06	1.463e-06	1.462e-06	1.469e-06	1.455e-06	1.456e-06	1.462e-06	1.455e-06	1.468e-06	1.463e-06	1.457e-06	1.464e-06	1.464e-06	1.464e-06	1.474e-06	1.474e-06	1.476e-06	1.474e-06
19.24	1.495e-06	1.456e-06	1.459e-06	1.465e-06	1.465e-06	1.452e-06	1.463e-06	1.457e-06	1.457e-06	1.463e-06	1.456e-06	1.457e-06	1.463e-06	1.463e-06	1.462e-06	1.469e-06	1.455e-06	1.456e-06	1.462e-06	1.455e-06	1.468e-06	1.463e-06	1.457e-06	1.464e-06	1.464e-06	1.464e-06	1.474e-06	1.474e-06	1.476e-06	1.474e-06
19.25	1.495e-06	1.456e-06	1.459e-06	1.465e-06	1.465e-06	1.452e-06	1.463e-06	1.457e-06	1.457e-06	1.463e-06	1.456e-06	1.457e-06	1.463e-06	1.463e-06	1.462e-06	1.469e-06	1.455e-06	1.456e-06	1.462e-06	1.455e-06	1.468e-06	1.463e-06	1.457e-06	1.464e-06	1.464e-06	1.464e-06	1.474e-06	1.474e-06	1.476e-06	1.474e-06
19.26	1.495e-06	1.456e-06	1.459e-06	1.465e-06	1.465e-06	1.452e-06	1.463e-06	1.457e-06	1.457e-06	1.463e-06	1.456e-06	1.457e-06	1.463e-06	1.463e-06	1.462e-06	1.469e-06	1.455e-06	1.456e-06	1.462e-06	1.455e-06	1.468e-06	1.463e-06	1.457e-06	1.464e-06	1.464e-06	1.464e-06	1.474e-06	1.474e-06	1.476e-06	1.474e-06
19.27	1.495e-06	1.456e-06	1.459e-06	1.465e-06	1.465e-06	1.452e-06	1.463e-06	1.457e-06	1.457e-06	1.463e-06	1.456e-06	1.457e-06	1.463e-06	1.463e-06	1.462e-06	1.469e-06	1.455e-06	1.456e-06	1.462e-06	1.455e-06	1.468e-06	1.463e-06	1.457e-06	1.464e-06	1.464e-06	1.464e-06	1.474e-06	1.474e-06	1.476e-06	1.474e-06
19.28	1.495e-06	1.456e-06	1.459e-06	1.465e-06	1.465e-06	1.452e-06	1.463e-06	1.457e-06	1.457e-06	1.463e-06	1.456e-06	1.457e-06	1.463e-06	1.463e-06	1.462e-06	1.469e-06	1.455e-06	1.456e-06	1.462e-06	1.455e-06	1.468e-06	1.463e-06	1.457e-06	1.464e-06	1.464e-06	1.464e-06	1.474e-06	1.474e-06	1.476e-06	1.474e-06
19.29	1.495e-06	1.456e-06	1.459e-06	1.465e-06	1.465e-06	1.452e-06	1.463e-06	1.457e-06	1.457e-06	1.463e-06	1.456e-06	1.457e-06	1.463e-06	1.463e-06	1.462e-06	1.469e-06	1.455e-06	1.456e-06	1.462e-06	1.455e-06	1.468e-06	1.463e-06	1.457e-06	1.464e-06	1.464e-06	1.464e-06	1.474e-06	1.474e-06	1.476e-06	1.474e-06
19.3	1.48e-06	1.463e-06	1.459e-06	1.458e-06	1.459e-06	1.451e-06	1.458e-06	1.457e-06	1.457e-06	1.45e-06	1.456e-06	1.457e-06	1.457e-06	1.456e-06	1.455e-06	1.456e-06	1.456e-06	1.463e-06	1.468e-06	1.455e-06	1.457e-06	1.469e-06	1.462e-06	1.463e-06	1.458e-06	1.464e-06	1.475e-06	1.481e-06	1.476e-06	1.474e-06
19.31	1.48e-06	1.463e-06	1.459e-06	1.458e-06	1.459e-06	1.451e-06	1.458e-06	1.457e-06	1.457e-06	1.45e-06	1.456e-06	1.457e-06	1.457e-06	1.456e-06	1.455e-06	1.456e-06	1.456e-06	1.463e-06	1.468e-06	1.455e-06	1.457e-06	1.469e-06	1.462e-06	1.463e-06	1.458e-06	1.464e-06	1.475e-06	1.481e-06	1.476e-06	1.474e-06
19.32	1.48e-06	1.463e-06	1.459e-06	1.458e-06	1.459e-06	1.451e-06	1.458e-06	1.457e-06	1.457e-06	1.45e-06	1.456e-06	1.457e-06	1.457e-06	1.456e-06	1.455e-06	1.456e-06	1.456e-06	1.463e-06	1.468e-06	1.455e-06	1.457e-06	1.469e-06	1.462e-06	1.463e-06	1.458e-06	1.464e-06	1.475e-06	1.481e-06	1.476e-06	1.474e-06
19.33	1.48e-06	1.463e-06	1.459e-06	1.458e-06	1.459e-06	1.451e-06	1.458e-06	1.457e-06	1.457e-06	1.45e-06	1.456e-06	1.457e-06	1.457e-06	1.456e-06	1.455e-06	1.456e-06	1.456e-06	1.463e-06	1.468e-06	1.455e-06	1.457e-06	1.469e-06	1.462e-06	1.463e-06	1.458e-06	1.464e-06	1.475e-06	1.481e-06	1.476e-06	1.474e-06
19.34	1.48e-06	1.463e-06	1.459e-06	1.458e-06	1.459e-06	1.451e-06	1.458e-06	1.457e-06	1.457e-06	1.45e-06	1.456e-06	1.457e-06	1.457e-06	1.456e-06	1.455e-06	1.456e-06	1.456e-06	1.463e-06	1.468e-06	1.455e-06	1.457e-06	1.469e-06	1.462e-06	1.463e-06	1.458e-06	1.464e-06	1.475e-06	1.481e-06	1.476e-06	1.474e-06
19.35	1.48e-06	1.463e-06	1.459e-06	1.458e-06	1.459e-06	1.451e-06	1.458e-06	1.457e-06	1.457e-06	1.45e-06	1.456e-06	1.457e-06	1.457e-06	1.456e-06	1.455e-06	1.456e-06	1.456e-06	1.463e-06	1.468e-06	1.455e-06	1.457e-06	1.469e-06	1.462e-06	1.463e-06	1.458e-06	1.464e-06	1.475e-06	1.481e-06	1.476e-06	1.474e-06
19.36	1.48e-06	1.463e-06	1.459e-06	1.458e-06	1.459e-06	1.451e-06	1.458e-06	1.457e-06	1.457e-06	1.45e-06	1.456e-06	1.457e-06	1.457e-06	1.456e-06	1.455e-06	1.456e-06	1.456e-06	1.463e-06	1.468e-06	1.455e-06	1.457e-06	1.469e-06	1.462e-06	1.463e-06	1.458e-06	1.464e-06	1.475e-06	1.481e-06	1.476e-06	1.474e-06
19.37	1.48e-06	1.463e-06	1.459e-06	1.458e-06	1.459e-06	1.451e-06	1.458e-06	1.457e-06	1.457e-06	1.45e-06	1.456e-06	1.457e-06	1.457e-06	1.456e-06	1.455e-06	1.456e-06	1.456e-06	1.463e-06	1.468e-06	1.455e-06	1.457e-06	1.469e-06	1.462e-06	1.463e-06	1.458e-06	1.464e-06	1.475e-06	1.481e-06	1.476e-06	1.474e-06
19.38	1.48e-06	1.463e-06	1.459e-06	1.458e-06	1.459e-06	1.451e-06	1.458e-06	1.457e-06	1.457e-06	1.45e-06	1.456e-06	1.457e-06	1.457e-06	1.456e-06	1.455e-06	1.456e-06	1.456e-06	1.463e-06	1.468e-06	1.455e-06	1.457e-06	1.469e-06	1.462e-06	1.463e-06	1.458e-06	1.464e-06	1.475e-06	1.481e-06	1.476e-06	1.474e-06
19.39	1.48e-06	1.463e-06	1.459e-06	1.458e-06	1.459e-06	1.451e-06	1.458e-06	1.457e-06	1.457e-06	1.45e-06	1.456e-06	1.457e-06	1.457e-06	1.456e-06	1.455e-06	1.456e-06	1.456e-06	1.463e-06	1.468e-06	1.455e-06	1.457e-06	1.469e-06	1.462e-06	1.463e-06	1.458e-06	1.464e-06	1.475e-06	1.481e-06	1.476e-06	1.474e-06
19.4	1.474e-06	1.463e-06	1.459e-06	1.453e-06	1.458e-06	1.458e-06	1.458e-06	1.457e-06	1.458e-06	1.457e-06	1.456e-06	1.469e-06	1.45e-06	1.463e-06	1.462e-06	1.456e-06	1.468e-06	1.463e-06	1.462e-06	1.462e-06	1.463e-06	1.463e-06	1.462e-06	1.457e-06	1.463e-06	1.464e-06	1.474e-06	1.48e-06	1.475e-06	1.469e-06
19.41	1.474e-06	1.463e-06	1.459e-06	1.453e-06	1.458e-06	1.458e-06	1.458e-06	1.457e-06	1.458e-06	1.457e-06	1.456e-06	1.469e-06	1.45e-06	1.463e-06	1.462e-06	1.456e-06	1.468e-06	1.463e-06	1.462e-06	1.462e-06	1.463e-06	1.463e-06	1.462e-06	1.457e-06	1.463e-06	1.464e-06	1.474e-06	1.48e-06	1.475e-06	1.469e-06
19.42	1.474e-06	1.463e-06	1.459e-06	1.453e-06	1.458e-06	1.458e-06	1.458e-06	1.457e-06	1.458e-06	1.457e-06	1.456e-06	1.469e-06	1.45e-06	1.463e-06	1.462e-06	1.456e-06	1.468e-06	1.463e-06	1.462e-06	1.462e-06	1.463e-06	1.463e-06	1.462e-06	1.457e-06	1.463e-06	1.464e-06	1.474e-06	1.48e-06	1.475e-06	1.469e-06
19.43	1.474e-06	1.463e-06	1.459e-06	1.453e-06	1.458e-06	1.458e-06	1.458e-06	1.457e-06	1.458e-06	1.457e-06	1.456e-06	1.469e-06	1.45e-06	1.463e-06	1.462e-06	1.456e-06	1.468e-06	1.463e-06	1.462e-06	1.462e-06	1.463e-06	1.463e-06	1.462e-06	1.457e-06	1.463e-06	1.464e-06	1.474e-06	1.48e-06	1.475e-06	1.469e-06
19.44	1.474e-06	1.463e-06	1.459e-06	1.453e-06	1.458e-06	1.458e-06	1.458e-06	1.457e-06	1.458e-06	1.457e-06	1.456e-06	1.469e-06	1.45e-06	1.463e-06	1.462e-06	1.456e-06	1.468e-06	1.463e-06	1.462e-06	1.462e-06	1.463e-06	1.463e-06	1.462e-06	1.457e-06	1.463e-06	1.464e-06	1.474e-06	1.48e-06	1.475e-06	1.469e-06
19.45	1.474e-06	1.463e-06	1.459e-06	1.453e-06	1.458e-06	1.458e-06	1.458e-06	1.457e-06	1.458e-06	1.457e-06	1.456e-06	1.469e-06	1.45e-06	1.463e-06	1.462e-06	1.456e-06	1.468e-06	1.463e-06	1.462e-06	1.462e-06	1.463e-06	1.463e-06	1.462e-06	1.457e-06	1.463e-06	1.464e-06	1.474e-06	1.48e-06	1.475e-06	1.469e-06
19.46	1.474e-06	1.463e-06	1.459e-06	1.453e-06	1.458e-06	1.458e-06	1.458e-06	1.457e-06	1.458e-06	1.457e-06	1.456e-06	1.469e-06	1.45e-06	1.463e-06	1.462e-06	1.456e-06	1.468e-06	1.463e-06	1.462e-06	1.462e-06	1.463e-06	1.463e-06	1.462e-06	1.457e-06	1.463e-06	1.464e-06	1.474e-06	1.48e-06	1.475e-06	1.469e-06
19.47	1.474e-06	1.463e-06	1.459e-06	1.453e-06	1.458e-06	1.458e-06	1.458e-06	1.457e-06	1.458e-06	1.457e-06	1.456e-06	1.469e-06	1.45e-06	1.463e-06	1.462e-06	1.456e-06	1.468e-06	1.463e-06	1.462e-06	1.462e-06	1.463e-06	1.463e-06	1.462e-06	1.457e-06	1.463e-06	1.464e-06	1.474e-06	1.48e-06	1.475e-06	1.469e-06
19.48	1.474e-06	1.463e-06	1.459e-06	1.453e-06	1.458e-06	1.458e-06	1.458e-06	1.457e-06	1.458e-06	1.457e-06	1.456e-06	1.469e-06	1.45e-06	1.463e-06	1.462e-06	1.456e-06	1.468e-06	1.463e-06	1.462e-06	1.462e-06	1.463e-06	1.463e-06	1.462e-06	1.457e-06	1.463e-06	1.464e-06	1.474e-06	1.48e-06	1.475e-06	1.469e-06
19.49	1.474e-06	1.463e-06	1.459e-06	1.453e-06	1.458e-06	1.458e-06	1.458e-06	1.457e-06	1.458e-06	1.457e-06	1.456e-06	1.469e-06	1.45e-06	1.463e-06	1.462e-06	1.456e-06	1.468e-06	1.463e-06	1.462e-06	1.462e-06	1.463e-06	1.463e-06	1.462e-06	1.457e-06	1.463e-06	1.464e-06	1.474e-06	1.48e-06	1.475e-06	1.469e-06
19.5	1.48e-06	1.45e-06	1.453e-06	1.458e-06	1.464e-06	1.458e-06	1.453e-06	1.463e-06	1.457e-06	1.457e-06	1.456e-06	1.457e-06	1.457e-06	1.462e-06	1.461e-06	1.468e-06	1.462e-06	1.463e-06	1.462e-06	1.456e-06	1.463e-06	1.47e-06	1.463e-06	1.457e-06	1.47e-06	1.478e-06	1.475e-06	1.474e-06	1.468e-06	1.474e-06
19.51	1.48e-06	1.45e-06	1.453e-06	1.458e-06	1.464e-06	1.458e-06	1.453e-06	1.463e-06	1.457e-06	1.457e-06	1.456e-06	1.457e-06	1.457e-06	1.462e-06	1.461e-06	1.468e-06	1.462e-06	1.463e-06	1.462e-06	1.456e-06	1.463e-06	1.47e-06	1.463e-06	1.457e-06	1.47e-06	1.478e-06	1.475e-06	1.474e-06	1.468e-06	1.474e-06
19.52	1.48e-06	1.45e-06	1.453e-06	1.458e-06	1.464e-06	1.458e-06	1.453e-06	1.463e-06	1.457e-06	1.457e-06	1.456e-06	1.457e-06	1.457e-06	1.462e-06	1.461e-06	1.468e-06	1.462e-06	1.463e-06	1.462e-06	1.456e-06	1.463e-06	1.47e-06	1.463e-06	1.457e-06	1.47e-06	1.478e-06	1.475e-06	1.474e-06	1.468e-06	1.474e-06
19.53	1.48e-06	1.45e-06	1.453e-06	1.458e-06	1.464e-06	1.458e-06	1.453e-06	1.463e-06	1.457e-06	1.457e-06	1.456e-06	1.457e-06	1.457e-06	1.462e-06	1.461e-06	1.468e-06	1.462e-06	1.463e-06	1.462e-06	1.456e-06	1.463e-06	1.47e-06	1.463e-06	1.457e-06	1.47e-06	1.478e-06	1.475e-06	1.474e-06	1.468e-06	1.474e-06
19.54	1.48e-06	1.45e-06	1.453e-06	1.458e-06	1.464e-06	1.458e-06	1.453e-06	1.463e-06	1.457e-06	1.457e-06	1.456e-06	1.457e-06	1.457e-06	1.462e-06	1.461e-06	1.468e-06	1.462e-06	1.463e-06	1.462e-06	1.456e-06	1.463e-06	1.47e-06	1.463e-06	1.457e-06	1.47e-06	1.478e-06	1.475e-06	1.474e-06	1.468e-06	1.474e-06
19.55	1.48e-06	1.45e-06	1.453e-06	1.458e-06	1.464e-06	1.458e-06	1.453e-06	1.463e-06	1.457e-06	1.457e-06	1.456e-06	1.457e-06	1.457e-06	1.462e-06	1.461e-06	1.468e-06	1.462e-06	1.463e-06	1.462e-06	1.456e-06	1.463e-06	1.47e-06	1.463e-06	1.457e-06	1.47e-06	1.478e-06	1.475e-06	1.474e-06	1.468e-06	1.474e-06
19.56	1.48e-06	1.45e-06	1.453e-06	1.458e-06	1.464e-06	1.458e-06	1.453e-06	1.463e-06	1.457e-06	1.457e-06	1.456e-06	1.457e-06	1.457e-06	1.462e-06	1.461e-06	1.468e-06	1.462e-06	1.463e-06	1.462e-06	1.456e-06	1.463e-06	1.47e-06	1.463e-06	1.457e-06	1.47e-06	1.478e-06	1.475e-06	1.474e-06	1.468e-06	1.474e-06
19.57	1.48e-06	1.45e-06	1.453e-06	1.458e-06	1.464e-06	1.458e-06	1.453e-06	1.463e-06	1.457e-06	1.457e-06	1.456e-06	1.457e-06	1.457e-06	1.462e-06	1.461e-06	1.468e-06	1.462e-06	1.463e-06	1.462e-06	1.456e-06	1.463e-06	1.47e-06	1.463e-06	1.457e-06	1.47e-06	1.478e-06	1.475e-06	1.474e-06	1.468e-06	1.474e-06
19.58	1.48e-06	1.45e-06	1.453e-06	1.458e-06	1.464e-06	1.458e-06	1.453e-06	1.463e-06	1.457e-06	1.457e-06	1.456e-06	1.457e-06	1.457e-06	1.462e-06	1.461e-06	1.468e-06	1.462e-06	1.463e-06	1.462e-06	1.456e-06	1.463e-06	1.47e-06	1.463e-06	1.457e-06	1.47e-06	1.478e-06	1.475e-06	1.474e-06	1.468e-06	1.474e-06
19.59	1.48e-06	1.45e-06	1.453e-06	1.458e-06	1.464e-06	1.458e-06	1.453e-06	1.463e-06	1.457e-06	1.457e-06	1.456e-06	1.457e-06	1.457e-06	1.462e-06	1.461e-06	1.468e-06	1.462e-06	1.463e-06	1.462e-06	1.456e-06	1.463e-06	1.47e-06	1.463e-06	1.457e-06	1.47e-06	1.478e-06	1.475e-06	1.474e-06	1.468e-06	1.474e-06
19.6	1.472e-06	1.462e-06	1.459e-06	1.453e-06	1.457e-06	1.458e-06	1.458e-06	1.451e-06	1.463e-06	1.457e-06	1.463e-06	1.457e-06	1.462e-06	1.463e-06	1.462e-06	1.463e-06	1.462e-06	1.457e-06	1.462e-06	1.467e-06	1.457e-06	1.463e-06	1.463e-06	1.463e-06	1.463e-06	1.471e-06	1.475e-06	1.48e-06	1.487e-06	1.475e-06
19.61	1.472e-06	1.462e-06	1.459e-06	1.453e-06	1.457e-06	1.458e-06	1.458e-06	1.451e-06	1.463e-06	1.457e-06	1.463e-06	1.457e-06	1.462e-06	1.463e-06	1.462e-06	1.463e-06	1.462e-06	1.457e-06	1.462e-06	1.467e-06	1.457e-06	1.463e-06	1.463e-06	1.463e-06	1.463e-06	1.471e-06	1.475e-06	1.48e-06	1.487e-06	1.475e-06
19.62	1.472e-06	1.462e-06	1.459e-06	1.453e-06	1.457e-06	1.458e-06	1.458e-06	1.451e-06	1.463e-06	1.457e-06	1.463e-06	1.457e-06	1.462e-06	1.463e-06	1.462e-06	1.463e-06	1.462e-06	1.457e-06	1.462e-06	1.467e-06	1.457e-06	1.463e-06	1.463e-06	1.463e-06	1.463e-06	1.471e-06	1.475e-06	1.48e-06	1.487e-06	1.475e-06
19.63	1.472e-06	1.462e-06	1.459e-06	1.453e-06	1.457e-06	1.458e-06	1.458e-06	1.451e-06	1.463e-06	1.457e-06	1.463e-06	1.457e-06	1.462e-06	1.463e-06	1.462e-06	1.463e-06	1.462e-06	1.457e-06	1.462e-06	1.467e-06	1.457e-06	1.463e-06	1.463e-06	1.463e-06	1.463e-06	1.471e-06	1.475e-06	1.48e-06	1.487e-06	1.475e-06
19.64	1.472e-06	1.462e-06	1.459e-06	1.453e-06	1.457e-06	1.458e-06	1.458e-06	1.451e-06	1.463e-06	1.457e-06	1.463e-06	1.457e-06	1.462e-06	1.463e-06	1.462e-06	1.463e-06	1.462e-06	1.457e-06	1.462e-06	1.467e-06	1.457e-06	1.463e-06	1.463e-06	1.463e-06	1.463e-06	1.471e-06	1.475e-06	1.48e-06	1.487e-06	1.475e-06
19.65	1.472e-06	1.462e-06	1.459e-06	1.453e-06	1.457e-06	1.458e-06	1.458e-06	1.451e-06	1.463e-06	1.457e-06	1.463e-06	1.457e-06	1.462e-06	1.463e-06	1.462e-06	1.463e-06	1.462e-06	1.457e-06	1.462e-06	1.467e-06	1.457e-06	1.463e-06	1.463e-06	1.463e-06	1.463e-06	1.471e-06	1.475e-06	1.48e-06	1.487e-06	1.475e-06
19.66	1.472e-06	1.462e-06	1.459e-06	1.453e-06	1.457e-06	1.458e-06	1.458e-06	1.451e-06	1.463e-06	1.457e-06	1.463e-06	1.457e-06	1.462e-06	1.463e-06	1.462e-06	1.463e-06	1.462e-06	1.457e-06	1.462e-06	1.467e-06	1.457e-06	1.463e-06	1.463e-06	1.463e-06	1.463e-06	1.471e-06	1.475e-06	1.48e-06	1.487e-06	1.475e-06
19.67	1.472e-06	1.462e-06	1.459e-06	1.453e-06	1.457e-06	1.458e-06	1.458e-06	1.451e-06	1.463e-06	1.457e-06	1.463e-06	1.457e-06	1.462e-06	1.463e-06	1.462e-06	1.463e-06	1.462e-06	1.457e-06	1.462e-06	1.467e-06	1.457e-06	1.463e-06	1.463e-06	1.463e-06	1.463e-06	1.471e-06	1.475e-06	1.48e-06	1.487e-06	1.475e-06
19.68	1.472e-06	1.462e-06	1.459e-06	1.453e-06	1.457e-06	1.458e-06	1.458e-06	1.451e-06	1.463e-06	1.457e-06	1.463e-06	1.457e-06	1.462e-06	1.463e-06	1.462e-06	1.463e-06	1.462e-06	1.457e-06	1.462e-06	1.467e-06	1.457e-06	1.463e-06	1.463e-06	1.463e-06	1.463e-06	1.471e-06	1.475e-06	1.48e-06	1.487e-06	1.475e-06
19.69	1.472e-06	1.462e-06	1.459e-06	1.453e-06	1.457e-06	1.458e-06	1.458e-06	1.451e-06	1.463e-06	1.457e-06	1.463e-06	1.457e-06	1.462e-06	1.463e-06	1.462e-06	1.463e-06	1.462e-06	1.457e-06	1.462e-06	1.467e-06	1.457e-06	1.463e-06	1.463e-06	1.463e-06	1.463e-06	1.471e-06	1.475e-06	1.48e-06	1.487e-06	1.475e-06
19.7	1.478e-06	1.455e-06	1.459e-06	1.458e-06	1.458e-06	1.476e-06	1.458e-06	1.463e-06	1.445e-06	1.457e-06	1.45e-06	1.463e-06	1.456e-06	1.463e-06	1.455e-06	1.462e-06	1.456e-06	1.457e-06	1.457e-06	1.462e-06	1.463e-06	1.462e-06	1.47e-06	1.463e-06	1.463e-06	1.466e-06	1.481e-06	1.474e-06	1.481e-06	1.468e-06
19.71	1.478e-06	1.455e-06	1.459e-06	1.458e-06	1.458e-06	1.476e-06	1.458e-06	1.463e-06	1.445e-06	1.457e-06	1.45e-06	1.463e-06	1.456e-06	1.463e-06	1.455e-06	1.462e-06	1.456e-06	1.457e-06	1.457e-06	1.462e-06	1.463e-06	1.462e-06	1.47e-06	1.463e-06	1.463e-06	1.466e-06	1.481e-06	1.474e-06	1.481e-06	1.468e-06
19.72	1.478e-06	1.455e-06	1.459e-06	1.458e-06	1.458e-06	1.476e-06	1.458e-06	1.463e-06	1.445e-06	1.457e-06	1.45e-06	1.463e-06	1.456e-06	1.463e-06	1.455e-06	1.462e-06	1.456e-06	1.457e-06	1.457e-06	1.462e-06	1.463e-06	1.462e-06	1.47e-06	1.463e-06	1.463e-06	1.466e-06	1.481e-06	1.474e-06	1.481e-06	1.468e-06
19.73	1.478e-06	1.455e-06	1.459e-06	1.458e-06	1.458e-06	1.476e-06	1.458e-06	1.463e-06	1.445e-06	1.457e-06	1.45e-06	1.463e-06	1.456e-06	1.463e-06	1.455e-06	1.462e-06	1.456e-06	1.457e-06	1.457e-06	1.462e-06	1.463e-06	1.462e-06	1.47e-06	1.463e-06	1.463e-06	1.466e-06	1.481e-06	1.474e-06	1.481e-06	1.468e-06
19.74	1.478e-06	1.455e-06	1.459e-06	1.458e-06	1.458e-06	1.476e-06	1.458e-06	1.463e-06	1.445e-06	1.457e-06	1.45e-06	1.463e-06	1.456e-06	1.463e-06	1.455e-06	1.462e-06	1.456e-06	1.457e-06	1.457e-06	1.462e-06	1.463e-06	1.462e-06	1.47e-06	1.463e-06	1.463e-06	1.466e-06	1.481e-06	1.474e-06	1.481e-06	1.468e-06
19.75	1.478e-06	1.455e-06	1.459e-06	1.458e-06	1.458e-06	1.476e-06	1.458e-06	1.463e-06	1.445e-06	1.457e-06	1.45e-06	1.463e-06	1.456e-06	1.463e-06	1.455e-06	1.462e-06	1.456e-06	1.457e-06	1.457e-06	1.462e-06	1.463e-06	1.462e-06	1.47e-06	1.463e-06	1.463e-06	1.466e-06	1.481e-06	1.474e-06	1.481e-06	1.468e-06
19.76	1.478e-06	1.455e-06	1.459e-06	1.458e-06	1.458e-06	1.476e-06	1.458e-06	1.463e-06	1.445e-06	1.457e-06	1.45e-06	1.463e-06	1.456e-06	1.463e-06	1.455e-06	1.462e-06	1.456e-06	1.457e-06	1.457e-06	1.462e-06	1.463e-06	1.462e-06	1.47e-06	1.463e-06	1.463e-06	1.466e-06	1.481e-06	1.474e-06	1.481e-06	1.468e-06
19.77	1.478e-06	1.455e-06	1.459e-06	1.458e-06	1.458e-06	1.476e-06	1.458e-06	1.463e-06	1.445e-06	1.457e-06	1.45e-06	1.463e-06	1.456e-06	1.463e-06	1.455e-06	1.462e-06	1.456e-06	1.457e-06	1.457e-06	1.462e-06	1.463e-06	1.462e-06	1.47e-06	1.463e-06	1.463e-06	1.466e-06	1.481e-06	1.474e-06	1.481e-06	1.468e-06
19.78	1.478e-06	1.455e-06	1.459e-06	1.458e-06	1.458e-06	1.476e-06	1.458e-06	1.463e-06	1.445e-06	1.457e-06	1.45e-06	1.463e-06	1.456e-06	1.463e-06	1.455e-06	1.462e-06	1.456e-06	1.457e-06	1.457e-06	1.462e-06	1.463e-06	1.462e-06	1.47e-06	1.463e-06	1.463e-06	1.466e-06	1.481e-06	1.474e-06	1.481e-06	1.468e-06
19.79	1.478e-06	1.455e-06	1.459e-06	1.458e-06	1.458e-06	1.476e-06	1.458e-06	1.463e-06	1.445e-06	1.457e-06	1.45e-06	1.463e-06	1.456e-06	1.463e-06	1.455e-06	1.462e-06	1.456e-06	1.457e-06	1.457e-06	1.462e-06	1.463e-06	1.462e-06	1.47e-06	1.463e-06	1.463e-06	1.466e-06	1.481e-06	1.474e-06	1.481e-06	1.468e-06
19.8	1.472e-06	1.461e-06	1.459e-06	1.459e-06	1.452e-06	1.459e-06	1.457e-06	1.457e-06	1.456e-06	1.463e-06	1.457e-06	1.482e-06	1.462e-06	1.463e-06	1.455e-06	1.462e-06	1.462e-06	1.462e-06	1.456e-06	1.468e-06	1.462e-06	1.463e-06	1.464e-06	1.463e-06	1.463e-06	1.479e-06	1.475e-06	1.48e-06	1.48e-06	1.48e-06
19.81	1.472e-06	1.461e-06	1.459e-06	1.459e-06	1.452e-06	1.459e-06	1.457e-06	1.457e-06	1.456e-06	1.463e-06	1.457e-06	1.482e-06	1.462e-06	1.463e-06	1.455e-06	1.462e-06	1.462e-06	1.462e-06	1.456e-06	1.468e-06	1.462e-06	1.463e-06	1.464e-06	1.463e-06	1.463e-06	1.479e-06	1.475e-06	1.48e-06	1.48e-06	1.48e-06
19.82	1.472e-06	1.461e-06	1.459e-06	1.459e-06	1.452e-06	1.459e-06	1.457e-06	1.457e-06	1.456e-06	1.463e-06	1.457e-06	1.482e-06	1.462e-06	1.463e-06	1.455e-06	1.462e-06	1.462e-06	1.462e-06	1.456e-06	1.468e-06	1.462e-06	1.463e-06	1.464e-06	1.463e-06	1.463e-06	1.479e-06	1.475e-06	1.48e-06	1.48e-06	1.48e-06
19.83	1.472e-06	1.461e-06	1.459e-06	1.459e-06	1.452e-06	1.459e-06	1.457e-06	1.457e-06	1.456e-06	1.463e-06	1.457e-06	1.482e-06	1.462e-06	1.463e-06	1.455e-06	1.462e-06	1.462e-06	1.462e-06	1.456e-06	1.468e-06	1.462e-06	1.463e-06	1.464e-06	1.463e-06	1.463e-06	1.479e-06	1.475e-06	1.48e-06	1.48e-06	1.48e-06
19.84	1.472e-06	1.461e-06	1.459e-06	1.459e-06	1.452e-06	1.459e-06	1.457e-06	1.457e-06	1.456e-06	1.463e-06	1.457e-06	1.482e-06	1.462e-06	1.463e-06	1.455e-06	1.462e-06	1.462e-06	1.462e-06	1.456e-06	1.468e-06	1.462e-06	1.463e-06	1.464e-06	1.463e-06	1.463e-06	1.479e-06	1.475e-06	1.48e-06	1.48e-06	1.48e-06
19.85	1.472e-06	1.461e-06	1.459e-06	1.459e-06	1.452e-06	1.459e-06	1.457e-06	1.457e-06	1.456e-06	1.463e-06	1.457e-06	1.482e-06	1.462e-06	1.463e-06	1.455e-06	1.462e-06	1.462e-06	1.462e-06	1.456e-06	1.468e-06	1.462e-06	1.463e-06	1.464e-06	1.463e-06	1.463e-06	1.479e-06	1.475e-06	1.48e-06	1.48e-06	1.48e-06
19.86	1.472e-06	1.461e-06	1.459e-06	1.459e-06	1.452e-06	1.459e-06	1.457e-06	1.457e-06	1.456e-06	1.463e-06	1.457e-06	1.482e-06	1.462e-06	1.463e-06	1.455e-06	1.462e-06	1.462e-06	1.462e-06	1.456e-06	1.468e-06	1.462e-06	1.463e-06	1.464e-06	1.463e-06	1.463e-06	1.479e-06	1.475e-06	1.48e-06	1.48e-06	1.48e-06
19.87	1.472e-06	1.461e-06	1.459e-06	1.459e-06	1.452e-06	1.459e-06	1.457e-06	1.457e-06	1.456e-06	1.463e-06	1.457e-06	1.482e-06	1.462e-06	1.463e-06	1.455e-06	1.462e-06	1.462e-06	1.462e-06	1.456e-06	1.468e-06	1.462e-06	1.463e-06	1.464e-06	1.463e-06	1.463e-06	1.479e-06	1.475e-06	1.48e-06	1.48e-06	1.48e-06
19.88	1.472e-06	1.461e-06	1.459e-06	1.459e-06	1.452e-06	1.459e-06	1.457e-06	1.457e-06	1.456e-06	1.463e-06	1.457e-06	1.482e-06	1.462e-06	1.463e-06	1.455e-06	1.462e-06	1.462e-06	1.462e-06	1.456e-06	1.468e-06	1.462e-06	1.463e-06	1.464e-06	1.463e-06	1.463e-06	1.479e-06	1.475e-06	1.48e-06	1.48e-06	1.48e-06
19.89	1.472e-06	1.461e-06	1.459e-06	1.459e-06	1.452e-06	1.459e-06	1.457e-06	1.457e-06	1.456e-06	1.463e-06	1.457e-06	1.482e-06	1.462e-06	1.463e-06	1.455e-06	1.462e-06	1.462e-06	1.462e-06	1.456e-06	1.468e-06	1.462e-06	1.463e-06	1.464e-06	1.463e-06	1.463e-06	1.479e-06	1.475e-06	1.48e-06	1.48e-06	1.48e-06
19.9	1.471e-06	1.455e-06	1.459e-06	1.458e-06	1.458e-06	1.452e-06	1.457e-06	1.457e-06	1.457e-06	1.463e-06	1.456e-06	1.47e-06	1.457e-06	1.462e-06	1.462e-06	1.455e-06	1.468e-06	1.463e-06	1.455e-06	1.462e-06	1.463e-06	1.463e-06	1.463e-06	1.47e-06	1.47e-06	1.471e-06	1.481e-06	1.474e-06	1.474e-06	1.474e-06
19.91	1.471e-06	1.455e-06	1.459e-06	1.458e-06	1.458e-06	1.452e-06	1.457e-06	1.457e-06	1.457e-06	1.463e-06	1.456e-06	1.47e-06	1.457e-06	1.462e-06	1.462e-06	1.455e-06	1.468e-06	1.463e-06	1.455e-06	1.462e-06	1.463e-06	1.463e-06	1.463e-06	1.47e-06	1.47e-06	1.471e-06	1.481e-06	1.474e-06	1.474e-06	1.474e-06
19.92	1.471e-06	1.455e-06	1.459e-06	1.458e-06	1.458e-06	1.452e-06	1.457e-06	1.457e-06	1.457e-06	1.463e-06	1.456e-06	1.47e-06	1.457e-06	1.462e-06	1.462e-06	1.455e-06	1.468e-06	1.463e-06	1.455e-06	1.462e-06	1.463e-06	1.463e-06	1.463e-06	1.47e-06	1.47e-06	1.471e-06	1.481e-06	1.474e-06	1.474e-06	1.474e-06
19.93	1.471e-06	1.455e-06	1.459e-06	1.458e-06	1.458e-06	1.452e-06	1.457e-06	1.457e-06	1.457e-06	1.463e-06	1.456e-06	1.47e-06	1.457e-06	1.462e-06	1.462e-06	1.455e-06	1.468e-06	1.463e-06	1.455e-06	1.462e-06	1.463e-06	1.463e-06	1.463e-06	1.47e-06	1.47e-06	1.471e-06	1.481e-06	1.474e-06	1.474e-06	1.474e-06
19.94	1.471e-06	1.455e-06	1.459e-06	1.458e-06	1.458e-06	1.452e-06	1.457e-06	1.457e-06	1.457e-06	1.463e-06	1.456e-06	1.47e-06	1.457e-06	1.462e-06	1.462e-06	1.455e-06	1.468e-06	1.463e-06	1.455e-06	1.462e-06	1.463e-06	1.463e-06	1.463e-06	1.47e-06	1.47e-06	1.471e-06	1.481e-06	1.474e-06	1.474e-06	1.474e-06
19.95	1.471e-06	1.455e-06	1.459e-06	1.458e-06	1.458e-06	1.452e-06	1.457e-06	1.457e-06	1.457e-06	1.463e-06	1.456e-06	1.47e-06	1.457e-06	1.462e-06	1.462e-06	1.455e-06	1.468e-06	1.463e-06	1.455e-06	1.462e-06	1.463e-06	1.463e-06	1.463e-06	1.47e-06	1.47e-06	1.471e-06	1.481e-06	1.474e-06	1.474e-06	1.474e-06
19.96	1.471e-06	1.455e-06	1.459e-06	1.458e-06	1.458e-06	1.452e-06	1.457e-06	1.457e-06	1.457e-06	1.463e-06	1.456e-06	1.47e-06	1.457e-06	1.462e-06	1.462e-06	1.455e-06	1.468e-06	1.463e-06	1.455e-06	1.462e-06	1.463e-06	1.463e-06	1.463e-06	1.47e-06	1.47e-06	1.471e-06	1.481e-06	1.474e-06	1.474e-06	1.474e-06
19.97	1.471e-06	1.455e-06	1.459e-06	1.458e-06	1.458e-06	1.452e-06	1.457e-06	1.457e-06	1.457e-06	1.463e-06	1.456e-06	1.47e-06	1.457e-06	1.462e-06	1.462e-06	1.455e-06	1.468e-06	1.463e-06	1.455e-06	1.462e-06	1.463e-06	1.463e-06	1.463e-06	1.47e-06	1.47e-06	1.471e-06	1.481e-06	1.474e-06	1.474e-06	1.474e-06
19.98	1.471e-06	1.455e-06	1.459e-06	1.458e-06	1.458e-06	1.452e-06	1.457e-06	1.457e-06	1.457e-06	1.463e-06	1.456e-06	1.47e-06	1.457e-06	1.462e-06	1.462e-06	1.455e-06	1.468e-06	1.463e-06	1.455e-06	1.462e-06	1.463e-06	1.463e-06	1.463e-06	1.47e-06	1.47e-06	1.471e-06	1.481e-06	1.474e-06	1.474e-06	1.474e-06
19.99	1.471e-06	1.455e-06	1.459e-06	1.458e-06	1.458e-06	1.452e-06	1.457e-06	1.457e-06	1.457e-06	1.463e-06	1.456e-06	1.47e-06	1.457e-06	1.462e-06	1.462e-06	1.455e-06	1.468e-06	1.463e-06	1.455e-06	1.462e-06	1.463e-06	1.463e-06	1.463e-06	1.47e-06	1.47e-06	1.471e-06	1.481e-06	1.474e-06	1.474e-06	1.474e-06
20	1.483e-06	1.461e-06	1.459e-06	1.453e-06	1.458e-06	1.452e-06	1.457e-06	1.457e-06	1.457e-06	1.457e-06	1.457e-06	1.457e-06	1.456e-06	1.455e-06	1.455e-06	1.456e-06	1.462e-06	1.457e-06	1.456e-06	1.462e-06	1.463e-06	1.462e-06	1.47e-06	1.463e-06	1.47e-06	1.466e-06	1.474e-06	1.474e-06	1.474e-06	1.481e-06
20.01	1.483e-06	1.461e-06	1.459e-06	1.453e-06	1.458e-06	1.452e-06	1.457e-06	1.457e-06	1.457e-06	1.457e-06	1.457e-06	1.457e-06	1.456e-06	1.455e-06	1.455e-06	1.456e-06	1.462e-06	1.457e-06	1.456e-06	1.462e-06	1.463e-06	1.462e-06	1.47e-06	1.463e-06	1.47e-06	1.466e-06	1.474e-06	1.474e-06	1.474e-06	1.481e-06
20.02	1.483e-06	1.461e-06	1.459e-06	1.453e-06	1.458e-06	1.452e-06	1.457e-06	1.457e-06	1.457e-06	1.457e-06	1.457e-06	1.457e-06	1.456e-06	1.455e-06	1.455e-06	1.456e-06	1.462e-06	1.457e-06	1.456e-06	1.462e-06	1.463e-06	1.462e-06	1.47e-06	1.463e-06	1.47e-06	1.466e-06	1.474e-06	1.474e-06	1.474e-06	1.481e-06
20.03	1.483e-06	1.461e-06	1.459e-06	1.453e-06	1.458e-06	1.452e-06	1.457e-06	1.457e-06	1.457e-06	1.457e-06	1.457e-06	1.457e-06	1.456e-06	1.455e-06	1.455e-06	1.456e-06	1.462e-06	1.457e-06	1.456e-06	1.462e-06	1.463e-06	1.462e-06	1.47e-06	1.463e-06	1.47e-06	1.466e-06	1.474e-06	1.474e-06	1.474e-06	1.481e-06
20.04	1.483e-06	1.461e-06	1.459e-06	1.453e-06	1.458e-06	1.452e-06	1.457e-06	1.457e-06	1.457e-06	1.457e-06	1.457e-06	1.457e-06	1.456e-06	1.455e-06	1.455e-06	1.456e-06	1.462e-06	1.457e-06	1.456e-06	1.462e-06	1.463e-06	1.462e-06	1.47e-06	1.463e-06	1.47e-06	1.466e-06	1.474e-06	1.474e-06	1.474e-06	1.481e-06
20.05	1.483e-06	1.461e-06	1.459e-06	1.453e-06	1.458e-06	1.452e-06	1.457e-06	1.457e-06	1.457e-06	1.457e-06	1.457e-06	1.457e-06	1.456e-06	1.455e-06	1.455e-06	1.456e-06	1.462e-06	1.457e-06	1.456e-06	1.462e-06	1.463e-06	1.462e-06	1.47e-06	1.463e-06	1.47e-06	1.466e-06	1.474e-06	1.474e-06	1.474e-06	1.481e-06
20.06	1.483e-06	1.461e-06	1.459e-06	1.453e-06	1.458e-06	1.452e-06	1.457e-06	1.457e-06	1.457e-06	1.457e-06	1.457e-06	1.457e-06	1.456e-06	1.455e-06	1.455e-06	1.456e-06	1.462e-06	1.457e-06	1.456e-06	1.462e-06	1.463e-06	1.462e-06	1.47e-06	1.463e-06	1.47e-06	1.466e-06	1.474e-06	1.474e-06	1.474e-06	1.481e-06
20.07	1.483e-06	1.461e-06	1.459e-06	1.453e-06	1.458e-06	1.452e-06	1.457e-06	1.457e-06	1.457e-06	1.457e-06	1.457e-06	1.457e-06	1.456e-06	1.455e-06	1.455e-06	1.456e-06	1.462e-06	1.457e-06	1.456e-06	1.462e-06	1.463e-06	1.462e-06	1.47e-06	1.463e-06	1.47e-06	1.466e-06	1.474e-06	1.474e-06	1.474e-06	1.481e-06
20.08	1.483e-06	1.461e-06	1.459e-06	1.453e-06	1.458e-06	1.452e-06	1.457e-06	1.457e-06	1.457e-06	1.457e-06	1.457e-06	1.457e-06	1.456e-06	1.455e-06	1.455e-06	1.456e-06	1.462e-06	1.457e-06	1.456e-06	1.462e-06	1.463e-06	1.462e-06	1.47e-06	1.463e-06	1.47e-06	1.466e-06	1.474e-06	1.474e-06	1.474e-06	1.481e-06
20.09	1.483e-06	1.461e-06	1.459e-06	1.453e-06	1.458e-06	1.452e-06	1.457e-06	1.457e-06	1.457e-06	1.457e-06	1.457e-06	1.457e-06	1.456e-06	1.455e-06	1.455e-06	1.456e-06	1.462e-06	1.457e-06	1.456e-06	1.462e-06	1.463e-06	1.462e-06	1.47e-06	1.463e-06	1.47e-06	1.466e-06	1.474e-06	1.474e-06	1.474e-06	1.481e-06
20.1	1.471e-06	1.455e-06	1.459e-06	1.458e-06	1.458e-06	1.458e-06	1.458e-06	1.451e-06	1.463e-06	1.463e-06	1.462e-06	1.463e-06	1.463e-06	1.456e-06	1.455e-06	1.462e-06	1.468e-06	1.457e-06	1.462e-06	1.455e-06	1.469e-06	1.462e-06	1.463e-06	1.463e-06	1.47e-06	1.492e-06	1.468e-06	1.48e-06	1.474e-06	1.475e-06
20.11	1.471e-06	1.455e-06	1.459e-06	1.458e-06	1.458e-06	1.458e-06	1.458e-06	1.451e-06	1.463e-06	1.463e-06	1.462e-06	1.463e-06	1.463e-06	1.456e-06	1.455e-06	1.462e-06	1.468e-06	1.457e-06	1.462e-06	1.455e-06	1.469e-06	1.462e-06	1.463e-06	1.463e-06	1.47e-06	1.492e-06	1.468e-06	1.48e-06	1.474e-06	1.475e-06
20.12	1.471e-06	1.455e-06	1.459e-06	1.458e-06	1.458e-06	1.458e-06	1.458e-06	1.451e-06	1.463e-06	1.463e-06	1.462e-06	1.463e-06	1.463e-06	1.456e-06	1.455e-06	1.462e-06	1.468e-06	1.457e-06	1.462e-06	1.455e-06	1.469e-06	1.462e-06	1.463e-06	1.463e-06	1.47e-06	1.492e-06	1.468e-06	1.48e-06	1.474e-06	1.475e-06
20.13	1.471e-06	1.455e-06	1.459e-06	1.458e-06	1.458e-06	1.458e-06	1.458e-06	1.451e-06	1.463e-06	1.463e-06	1.462e-06	1.463e-06	1.463e-06	1.456e-06	1.455e-06	1.462e-06	1.468e-06	1.457e-06	1.462e-06	1.455e-06	1.469e-06	1.462e-06	1.463e-06	1.463e-06	1.47e-06	1.492e-06	1.468e-06	1.48e-06	1.474e-06	1.475e-06
20.14	1.471e-06	1.455e-06	1.459e-06	1.458e-06	1.458e-06	1.458e-06	1.458e-06	1.451e-06	1.463e-06	1.463e-06	1.462e-06	1.463e-06	1.463e-06	1.456e-06	1.455e-06	1.462e-06	1.468e-06	1.457e-06	1.462e-06	1.455e-06	1.469e-06	1.462e-06	1.463e-06	1.463e-06	1.47e-06	1.492e-06	1.468e-06	1.48e-06	1.474e-06	1.475e-06
20.15	1.471e-06	1.455e-06	1.459e-06	1.458e-06	1.458e-06	1.458e-06	1.458e-06	1.451e-06	1.463e-06	1.463e-06	1.462e-06	1.463e-06	1.463e-06	1.456e-06	1.455e-06	1.462e-06	1.468e-06	1.457e-06	1.462e-06	1.455e-06	1.469e-06	1.462e-06	1.463e-06	1.463e-06	1.47e-06	1.492e-06	1.468e-06	1.48e-06	1.474e-06	1.475e-06
20.16	1.471e-06	1.455e-06	1.459e-06	1.458e-06	1.458e-06	1.458e-06	1.458e-06	1.451e-06	1.463e-06	1.463e-06	1.462e-06	1.463e-06	1.463e-06	1.456e-06	1.455e-06	1.462e-06	1.468e-06	1.457e-06	1.462e-06	1.455e-06	1.469e-06	1.462e-06	1.463e-06	1.463e-06	1.47e-06	1.492e-06	1.468e-06	1.48e-06	1.474e-06	1.475e-06
20.17	1.471e-06	1.455e-06	1.459e-06	1.458e-06	1.458e-06	1.458e-06	1.458e-06	1.451e-06	1.463e-06	1.463e-06	1.462e-06	1.463e-06	1.463e-06	1.456e-06	1.455e-06	1.462e-06	1.468e-06	1.457e-06	1.462e-06	1.455e-06	1.469e-06	1.462e-06	1.463e-06	1.463e-06	1.47e-06	1.492e-06	1.468e-06	1.48e-06	1.474e-06	1.475e-06
20.18	1.471e-06	1.455e-06	1.459e-06	1.458e-06	1.458e-06	1.458e-06	1.458e-06	1.451e-06	1.463e-06	1.463e-06	1.462e-06	1.463e-06	1.463e-06	1.456e-06	1.455e-06	1.462e-06	1.468e-06	1.457e-06	1.462e-06	1.455e-06	1.469e-06	1.462e-06	1.463e-06	1.463e-06	1.47e-06	1.492e-06	1.468e-06	1.48e-06	1.474e-06	1.475e-06
20.19	1.471e-06	1.455e-06	1.459e-06	1.458e-06	1.458e-06	1.458e-06	1.458e-06	1.451e-06	1.463e-06	1.463e-06	1.462e-06	1.463e-06	1.463e-06	1.456e-06	1.455e-06	1.462e-06	1.468e-06	1.457e-06	1.462e-06	1.455e-06	1.469e-06	1.462e-06	1.463e-06	1.463e-06	1.47e-06	1.492e-06	1.468e-06	1.48e-06	1.474e-06	1.475e-06
20.2	1.476e-06	1.455e-06	1.458e-06	1.458e-06	1.457e-06	1.458e-06	1.458e-06	1.463e-06	1.452e-06	1.463e-06	1.456e-06	1.456e-06	1.462e-06	1.455e-06	1.462e-06	1.462e-06	1.456e-06	1.462e-06	1.462e-06	1.462e-06	1.463e-06	1.463e-06	1.457e-06	1.47e-06	1.464e-06	1.474e-06	1.475e-06	1.474e-06	1.474e-06	1.474e-06
20.21	1.476e-06	1.455e-06	1.458e-06	1.458e-06	1.457e-06	1.458e-06	1.458e-06	1.463e-06	1.452e-06	1.463e-06	1.456e-06	1.456e-06	1.462e-06	1.455e-06	1.462e-06	1.462e-06	1.456e-06	1.462e-06	1.462e-06	1.462e-06	1.463e-06	1.463e-06	1.457e-06	1.47e-06	1.464e-06	1.474e-06	1.475e-06	1.474e-06	1.474e-06	1.474e-06
20.22	1.476e-06	1.455e-06	1.458e-06	1.458e-06	1.457e-06	1.458e-06	1.458e-06	1.463e-06	1.452e-06	1.463e-06	1.456e-06	1.456e-06	1.462e-06	1.455e-06	1.462e-06	1.462e-06	1.456e-06	1.462e-06	1.462e-06	1.462e-06	1.463e-06	1.463e-06	1.457e-06	1.47e-06	1.464e-06	1.474e-06	1.475e-06	1.474e-06	1.474e-06	1.474e-06
20.23	1.476e-06	1.455e-06	1.458e-06	1.458e-06	1.457e-06	1.458e-06	1.458e-06	1.463e-06	1.452e-06	1.463e-06	1.456e-06	1.456e-06	1.462e-06	1.455e-06	1.462e-06	1.462e-06	1.456e-06	1.462e-06	1.462e-06	1.462e-06	1.463e-06	1.463e-06	1.457e-06	1.47e-06	1.464e-06	1.474e-06	1.475e-06	1.474e-06	1.474e-06	1.474e-06
20.24	1.476e-06	1.455e-06	1.458e-06	1.458e-06	1.457e-06	1.458e-06	1.458e-06	1.463e-06	1.452e-06	1.463e-06	1.456e-06	1.456e-06	1.462e-06	1.455e-06	1.462e-06	1.462e-06	1.456e-06	1.462e-06	1.462e-06	1.462e-06	1.463e-06	1.463e-06	1.457e-06	1.47e-06	1.464e-06	1.474e-06	1.475e-06	1.474e-06	1.474e-06	1.474e-06
20.25	1.476e-06	1.455e-06	1.458e-06	1.458e-06	1.457e-06	1.458e-06	1.458e-06	1.463e-06	1.452e-06	1.463e-06	1.456e-06	1.456e-06	1.462e-06	1.455e-06	1.462e-06	1.462e-06	1.456e-06	1.462e-06	1.462e-06	1.462e-06	1.463e-06	1.463e-06	1.457e-06	1.47e-06	1.464e-06	1.474e-06	1.475e-06	1.474e-06	1.474e-06	1.474e-06
20.26	1.476e-06	1.455e-06	1.458e-06	1.458e-06	1.457e-06	1.458e-06	1.458e-06	1.463e-06	1.452e-06	1.463e-06	1.456e-06	1.456e-06	1.462e-06	1.455e-06	1.462e-06	1.462e-06	1.456e-06	1.462e-06	1.462e-06	1.462e-06	1.463e-06	1.463e-06	1.457e-06	1.47e-06	1.464e-06	1.474e-06	1.475e-06	1.474e-06	1.474e-06	1.474e-06
20.27	1.476e-06	1.455e-06	1.458e-06	1.458e-06	1.457e-06	1.458e-06	1.458e-06	1.463e-06	1.452e-06	1.463e-06	1.456e-06	1.456e-06	1.462e-06	1.455e-06	1.462e-06	1.462e-06	1.456e-06	1.462e-06	1.462e-06	1.462e-06	1.463e-06	1.463e-06	1.457e-06	1.47e-06	1.464e-06	1.474e-06	1.475e-06	1.474e-06	1.474e-06	1.474e-06
20.28	1.476e-06	1.455e-06	1.458e-06	1.458e-06	1.457e-06	1.458e-06	1.458e-06	1.463e-06	1.452e-06	1.463e-06	1.456e-06	1.456e-06	1.462e-06	1.455e-06	1.462e-06	1.462e-06	1.456e-06	1.462e-06	1.462e-06	1.462e-06	1.463e-06	1.463e-06	1.457e-06	1.47e-06	1.464e-06	1.474e-06	1.475e-06	1.474e-06	1.474e-06	1.474e-06
20.29	1.476e-06	1.455e-06	1.458e-06	1.458e-06	1.457e-06	1.458e-06	1.458e-06	1.463e-06	1.452e-06	1.463e-06	1.456e-06	1.456e-06	1.462e-06	1.455e-06	1.462e-06	1.462e-06	1.456e-06	1.462e-06	1.462e-06	1.462e-06	1.463e-06	1.463e-06	1.457e-06	1.47e-06	1.464e-06	1.474e-06	1.475e-06	1.474e-06	1.474e-06	1.474e-06
20.3	1.475e-06	1.461e-06	1.452e-06	1.458e-06	1.458e-06	1.458e-06	1.458e-06	1.457e-06	1.457e-06	1.457e-06	1.463e-06	1.462e-06	1.456e-06	1.468e-06	1.457e-06	1.457e-06	1.456e-06	1.462e-06	1.468e-06	1.462e-06	1.468e-06	1.457e-06	1.47e-06	1.463e-06	1.47e-06	1.466e-06	1.475e-06	1.473e-06	1.475e-06	1.475e-06
20.31	1.475e-06	1.461e-06	1.452e-06	1.458e-06	1.458e-06	1.458e-06	1.458e-06	1.457e-06	1.457e-06	1.457e-06	1.463e-06	1.462e-06	1.456e-06	1.468e-06	1.457e-06	1.457e-06	1.456e-06	1.462e-06	1.468e-06	1.462e-06	1.468e-06	1.457e-06	1.47e-06	1.463e-06	1.47e-06	1.466e-06	1.475e-06	1.473e-06	1.475e-06	1.475e-06
20.32	1.475e-06	1.461e-06	1.452e-06	1.458e-06	1.458e-06	1.458e-06	1.458e-06	1.457e-06	1.457e-06	1.457e-06	1.463e-06	1.462e-06	1.456e-06	1.468e-06	1.457e-06	1.457e-06	1.456e-06	1.462e-06	1.468e-06	1.462e-06	1.468e-06	1.457e-06	1.47e-06	1.463e-06	1.47e-06	1.466e-06	1.475e-06	1.473e-06	1.475e-06	1.475e-06
20.33	1.475e-06	1.461e-06	1.452e-06	1.458e-06	1.458e-06	1.458e-06	1.458e-06	1.457e-06	1.457e-06	1.457e-06	1.463e-06	1.462e-06	1.456e-06	1.468e-06	1.457e-06	1.457e-06	1.456e-06	1.462e-06	1.468e-06	1.462e-06	1.468e-06	1.457e-06	1.47e-06	1.463e-06	1.47e-06	1.466e-06	1.475e-06	1.473e-06	1.475e-06	1.475e-06
20.34	1.475e-06	1.461e-06	1.452e-06	1.458e-06	1.458e-06	1.458e-06	1.458e-06	1.457e-06	1.457e-06	1.457e-06	1.463e-06	1.462e-06	1.456e-06	1.468e-06	1.457e-06	1.457e-06	1.456e-06	1.462e-06	1.468e-06	1.462e-06	1.468e-06	1.457e-06	1.47e-06	1.463e-06	1.47e-06	1.466e-06	1.475e-06	1.473e-06	1.475e-06	1.475e-06
20.35	1.475e-06	1.461e-06	1.452e-06	1.458e-06	1.458e-06	1.458e-06	1.458e-06	1.457e-06	1.457e-06	1.457e-06	1.463e-06	1.462e-06	1.456e-06	1.468e-06	1.457e-06	1.457e-06	1.456e-06	1.462e-06	1.468e-06	1.462e-06	1.468e-06	1.457e-06	1.47e-06	1.463e-06	1.47e-06	1.466e-06	1.475e-06	1.473e-06	1.475e-06	1.475e-06
20.36	1.475e-06	1.461e-06	1.452e-06	1.458e-06	1.458e-06	1.458e-06	1.458e-06	1.457e-06	1.457e-06	1.457e-06	1.463e-06	1.462e-06	1.456e-06	1.468e-06	1.457e-06	1.457e-06	1.456e-06	1.462e-06	1.468e-06	1.462e-06	1.468e-06	1.457e-06	1.47e-06	1.463e-06	1.47e-06	1.466e-06	1.475e-06	1.473e-06	1.475e-06	1.475e-06
20.37	1.475e-06	1.461e-06	1.452e-06	1.458e-06	1.458e-06	1.458e-06	1.458e-06	1.457e-06	1.457e-06	1.457e-06	1.463e-06	1.462e-06	1.456e-06	1.468e-06	1.457e-06	1.457e-06	1.456e-06	1.462e-06	1.468e-06	1.462e-06	1.468e-06	1.457e-06	1.47e-06	1.463e-06	1.47e-06	1.466e-06	1.475e-06	1.473e-06	1.475e-06	1.475e-06
20.38	1.475e-06	1.461e-06	1.452e-06	1.458e-06	1.458e-06	1.458e-06	1.458e-06	1.457e-06	1.457e-06	1.457e-06	1.463e-06	1.462e-06	1.456e-06	1.468e-06	1.457e-06	1.457e-06	1.456e-06	1.462e-06	1.468e-06	1.462e-06	1.468e-06	1.457e-06	1.47e-06	1.463e-06	1.47e-06	1.466e-06	1.475e-06	1.473e-06	1.475e-06	1.475e-06
20.39	1.475e-06	1.461e-06	1.452e-06	1.458e-06	1.458e-06	1.458e-06	1.458e-06	1.457e-06	1.457e-06	1.457e-06	1.463e-06	1.462e-06	1.456e-06	1.468e-06	1.457e-06	1.457e-06	1.456e-06	1.462e-06	1.468e-06	1.462e-06	1.468e-06	1.457e-06	1.47e-06	1.463e-06	1.47e-06	1.466e-06	1.475e-06	1.473e-06	1.475e-06	1.475e-06
20.4	1.476e-06	1.461e-06	1.459e-06	1.452e-06	1.458e-06	1.457e-06	1.458e-06	1.456e-06	1.457e-06	1.457e-06	1.463e-06	1.456e-06	1.457e-06	1.462e-06	1.462e-06	1.455e-06	1.468e-06	1.462e-06	1.456e-06	1.455e-06	1.463e-06	1.47e-06	1.463e-06	1.463e-06	1.463e-06	1.472e-06	1.475e-06	1.473e-06	1.474e-06	1.48e-06
20.41	1.476e-06	1.461e-06	1.459e-06	1.452e-06	1.458e-06	1.457e-06	1.458e-06	1.456e-06	1.457e-06	1.457e-06	1.463e-06	1.456e-06	1.457e-06	1.462e-06	1.462e-06	1.455e-06	1.468e-06	1.462e-06	1.456e-06	1.455e-06	1.463e-06	1.47e-06	1.463e-06	1.463e-06	1.463e-06	1.472e-06	1.475e-06	1.473e-06	1.474e-06	1.48e-06
20.42	1.476e-06	1.461e-06	1.459e-06	1.452e-06	1.458e-06	1.457e-06	1.458e-06	1.456e-06	1.457e-06	1.457e-06	1.463e-06	1.456e-06	1.457e-06	1.462e-06	1.462e-06	1.455e-06	1.468e-06	1.462e-06	1.456e-06	1.455e-06	1.463e-06	1.47e-06	1.463e-06	1.463e-06	1.463e-06	1.472e-06	1.475e-06	1.473e-06	1.474e-06	1.48e-06
20.43	1.476e-06	1.461e-06	1.459e-06	1.452e-06	1.458e-06	1.457e-06	1.458e-06	1.456e-06	1.457e-06	1.457e-06	1.463e-06	1.456e-06	1.457e-06	1.462e-06	1.462e-06	1.455e-06	1.468e-06	1.462e-06	1.456e-06	1.455e-06	1.463e-06	1.47e-06	1.463e-06	1.463e-06	1.463e-06	1.472e-06	1.475e-06	1.473e-06	1.474e-06	1.48e-06
20.44	1.476e-06	1.461e-06	1.459e-06	1.452e-06	1.458e-06	1.457e-06	1.458e-06	1.456e-06	1.457e-06	1.457e-06	1.463e-06	1.456e-06	1.457e-06	1.462e-06	1.462e-06	1.455e-06	1.468e-06	1.462e-06	1.456e-06	1.455e-06	1.463e-06	1.47e-06	1.463e-06	1.463e-06	1.463e-06	1.472e-06	1.475e-06	1.473e-06	1.474e-06	1.48e-06
20.45	1.476e-06	1.461e-06	1.459e-06	1.452e-06	1.458e-06	1.457e-06	1.458e-06	1.456e-06	1.457e-06	1.457e-06	1.463e-06	1.456e-06	1.457e-06	1.462e-06	1.462e-06	1.455e-06	1.468e-06	1.462e-06	1.456e-06	1.455e-06	1.463e-06	1.47e-06	1.463e-06	1.463e-06	1.463e-06	1.472e-06	1.475e-06	1.473e-06	1.474e-06	1.48e-06
20.46	1.476e-06	1.461e-06	1.459e-06	1.452e-06	1.458e-06	1.457e-06	1.458e-06	1.456e-06	1.457e-06	1.457e-06	1.463e-06	1.456e-06	1.457e-06	1.462e-06	1.462e-06	1.455e-06	1.468e-06	1.462e-06	1.456e-06	1.455e-06	1.463e-06	1.47e-06	1.463e-06	1.463e-06	1.463e-06	1.472e-06	1.475e-06	1.473e-06	1.474e-06	1.48e-06
20.47	1.476e-06	1.461e-06	1.459e-06	1.452e-06	1.458e-06	1.457e-06	1.458e-06	1.456e-06	1.457e-06	1.457e-06	1.463e-06	1.456e-06	1.457e-06	1.462e-06	1.462e-06	1.455e-06	1.468e-06	1.462e-06	1.456e-06	1.455e-06	1.463e-06	1.47e-06	1.463e-06	1.463e-06	1.463e-06	1.472e-06	1.475e-06	1.473e-06	1.474e-06	1.48e-06
20.48	1.476e-06	1.461e-06	1.459e-06	1.452e-06	1.458e-06	1.457e-06	1.458e-06	1.456e-06	1.457e-06	1.457e-06	1.463e-06	1.456e-06	1.457e-06	1.462e-06	1.462e-06	1.455e-06	1.468e-06	1.462e-06	1.456e-06	1.455e-06	1.463e-06	1.47e-06	1.463e-06	1.463e-06	1.463e-06	1.472e-06	1.475e-06	1.473e-06	1.474e-06	1.48e-06
20.49	1.476e-06	1.461e-06	1.459e-06	1.452e-06	1.458e-06	1.457e-06	1.458e-06	1.456e-06	1.457e-06	1.457e-06	1.463e-06	1.456e-06	1.457e-06	1.462e-06	1.462e-06	1.455e-06	1.468e-06	1.462e-06	1.456e-06	1.455e-06	1.463e-06	1.47e-06	1.463e-06	1.463e-06	1.463e-06	1.472e-06	1.475e-06	1.473e-06	1.474e-06	1.48e-06
20.5	1.476e-06	1.461e-06	1.447e-06	1.458e-06	1.458e-06	1.457e-06	1.458e-06	1.457e-06	1.456e-06	1.463e-06	1.457e-06	1.456e-06	1.462e-06	1.463e-06	1.455e-06	1.456e-06	1.462e-06	1.463e-06	1.462e-06	1.455e-06	1.469e-06	1.457e-06	1.463e-06	1.47e-06	1.463e-06	1.466e-06	1.474e-06	1.474e-06	1.474e-06	1.475e-06
20.51	1.476e-06	1.461e-06	1.447e-06	1.458e-06	1.458e-06	1.457e-06	1.458e-06	1.457e-06	1.456e-06	1.463e-06	1.457e-06	1.456e-06	1.462e-06	1.463e-06	1.455e-06	1.456e-06	1.462e-06	1.463e-06	1.462e-06	1.455e-06	1.469e-06	1.457e-06	1.463e-06	1.47e-06	1.463e-06	1.466e-06	1.474e-06	1.474e-06	1.474e-06	1.475e-06
20.52	1.476e-06	1.461e-06	1.447e-06	1.458e-06	1.458e-06	1.457e-06	1.458e-06	1.457e-06	1.456e-06	1.463e-06	1.457e-06	1.456e-06	1.462e-06	1.463e-06	1.455e-06	1.456e-06	1.462e-06	1.463e-06	1.462e-06	1.455e-06	1.469e-06	1.457e-06	1.463e-06	1.47e-06	1.463e-06	1.466e-06	1.474e-06	1.474e-06	1.474e-06	1.475e-06
20.53	1.476e-06	1.461e-06	1.447e-06	1.458e-06	1.458e-06	1.457e-06	1.458e-06	1.457e-06	1.456e-06	1.463e-06	1.457e-06	1.456e-06	1.462e-06	1.463e-06	1.455e-06	1.456e-06	1.462e-06	1.463e-06	1.462e-06	1.455e-06	1.469e-06	1.457e-06	1.463e-06	1.47e-06	1.463e-06	1.466e-06	1.474e-06	1.474e-06	1.474e-06	1.475e-06
20.54	1.476e-06	1.461e-06	1.447e-06	1.458e-06	1.458e-06	1.457e-06	1.458e-06	1.457e-06	1.456e-06	1.463e-06	1.457e-06	1.456e-06	1.462e-06	1.463e-06	1.455e-06	1.456e-06	1.462e-06	1.463e-06	1.462e-06	1.455e-06	1.469e-06	1.457e-06	1.463e-06	1.47e-06	1.463e-06	1.466e-06	1.474e-06	1.474e-06	1.474e-06	1.475e-06
20.55	1.476e-06	1.461e-06	1.447e-06	1.458e-06	1.458e-06	1.457e-06	1.458e-06	1.457e-06	1.456e-06	1.463e-06	1.457e-06	1.456e-06	1.462e-06	1.463e-06	1.455e-06	1.456e-06	1.462e-06	1.463e-06	1.462e-06	1.455e-06	1.469e-06	1.457e-06	1.463e-06	1.47e-06	1.463e-06	1.466e-06	1.474e-06	1.474e-06	1.474e-06	1.475e-06
20.56	1.476e-06	1.461e-06	1.447e-06	1.458e-06	1.458e-06	1.457e-06	1.458e-06	1.457e-06	1.456e-06	1.463e-06	1.457e-06	1.456e-06	1.462e-06	1.463e-06	1.455e-06	1.456e-06	1.462e-06	1.463e-06	1.462e-06	1.455e-06	1.469e-06	1.457e-06	1.463e-06	1.47e-06	1.463e-06	1.466e-06	1.474e-06	1.474e-06	1.474e-06	1.475e-06
20.57	1.476e-06	1.461e-06	1.447e-06	1.458e-06	1.458e-06	1.457e-06	1.458e-06	1.457e-06	1.456e-06	1.463e-06	1.457e-06	1.456e-06	1.462e-06	1.463e-06	1.455e-06	1.456e-06	1.462e-06	1.463e-06	1.462e-06	1.455e-06	1.469e-06	1.457e-06	1.463e-06	1.47e-06	1.463e-06	1.466e-06	1.474e-06	1.474e-06	1.474e-06	1.475e-06
20.58	1.476e-06	1.461e-06	1.447e-06	1.458e-06	1.458e-06	1.457e-06	1.458e-06	1.457e-06	1.456e-06	1.463e-06	1.457e-06	1.456e-06	1.462e-06	1.463e-06	1.455e-06	1.456e-06	1.462e-06	1.463e-06	1.462e-06	1.455e-06	1.469e-06	1.457e-06	1.463e-06	1.47e-06	1.463e-06	1.466e-06	1.474e-06	1.474e-06	1.474e-06	1.475e-06
20.59	1.476e-06	1.461e-06	1.447e-06	1.458e-06	1.458e-06	1.457e-06	1.458e-06	1.457e-06	1.456e-06	1.463e-06	1.457e-06	1.456e-06	1.462e-06	1.463e-06	1.455e-06	1.456e-06	1.462e-06	1.463e-06	1.462e-06	1.455e-06	1.469e-06	1.457e-06	1.463e-06	1.47e-06	1.463e-06	1.466e-06	1.474e-06	1.474e-06	1.474e-06	1.475e-06
20.6	1.475e-06	1.454e-06	1.458e-06	1.452e-06	1.457e-06	1.457e-06	1.457e-06	1.457e-06	1.456e-06	1.457e-06	1.457e-06	1.456e-06	1.457e-06	1.469e-06	1.463e-06	1.462e-06	1.462e-06	1.462e-06	1.467e-06	1.463e-06	1.462e-06	1.463e-06	1.463e-06	1.463e-06	1.463e-06	1.473e-06	1.475e-06	1.473e-06	1.48e-06	1.474e-06
20.61	1.475e-06	1.454e-06	1.458e-06	1.452e-06	1.457e-06	1.457e-06	1.457e-06	1.457e-06	1.456e-06	1.457e-06	1.457e-06	1.456e-06	1.457e-06	1.469e-06	1.463e-06	1.462e-06	1.462e-06	1.462e-06	1.467e-06	1.463e-06	1.462e-06	1.463e-06	1.463e-06	1.463e-06	1.463e-06	1.473e-06	1.475e-06	1.473e-06	1.48e-06	1.474e-06
20.62	1.475e-06	1.454e-06	1.458e-06	1.452e-06	1.457e-06	1.457e-06	1.457e-06	1.457e-06	1.456e-06	1.457e-06	1.457e-06	1.456e-06	1.457e-06	1.469e-06	1.463e-06	1.462e-06	1.462e-06	1.462e-06	1.467e-06	1.463e-06	1.462e-06	1.463e-06	1.463e-06	1.463e-06	1.463e-06	1.473e-06	1.475e-06	1.473e-06	1.48e-06	1.474e-06
20.63	1.475e-06	1.454e-06	1.458e-06	1.452e-06	1.457e-06	1.457e-06	1.457e-06	1.457e-06	1.456e-06	1.457e-06	1.457e-06	1.456e-06	1.457e-06	1.469e-06	1.463e-06	1.462e-06	1.462e-06	1.462e-06	1.467e-06	1.463e-06	1.462e-06	1.463e-06	1.463e-06	1.463e-06	1.463e-06	1.473e-06	1.475e-06	1.473e-06	1.48e-06	1.474e-06
20.64	1.475e-06	1.454e-06	1.458e-06	1.452e-06	1.457e-06	1.457e-06	1.457e-06	1.457e-06	1.456e-06	1.457e-06	1.457e-06	1.456e-06	1.457e-06	1.469e-06	1.463e-06	1.462e-06	1.462e-06	1.462e-06	1.467e-06	1.463e-06	1.462e-06	1.463e-06	1.463e-06	1.463e-06	1.463e-06	1.473e-06	1.475e-06	1.473e-06	1.48e-06	1.474e-06
20.65	1.475e-06	1.454e-06	1.458e-06	1.452e-06	1.457e-06	1.457e-06	1.457e-06	1.457e-06	1.456e-06	1.457e-06	1.457e-06	1.456e-06	1.457e-06	1.469e-06	1.463e-06	1.462e-06	1.462e-06	1.462e-06	1.467e-06	1.463e-06	1.462e-06	1.463e-06	1.463e-06	1.463e-06	1.463e-06	1.473e-06	1.475e-06	1.473e-06	1.48e-06	1.474e-06
20.66	1.475e-06	1.454e-06	1.458e-06	1.452e-06	1.457e-06	1.457e-06	1.457e-06	1.457e-06	1.456e-06	1.457e-06	1.457e-06	1.456e-06	1.457e-06	1.469e-06	1.463e-06	1.462e-06	1.462e-06	1.462e-06	1.467e-06	1.463e-06	1.462e-06	1.463e-06	1.463e-06	1.463e-06	1.463e-06	1.473e-06	1.475e-06	1.473e-06	1.48e-06	1.474e-06
20.67	1.475e-06	1.454e-06	1.458e-06	1.452e-06	1.457e-06	1.457e-06	1.457e-06	1.457e-06	1.456e-06	1.457e-06	1.457e-06	1.456e-06	1.457e-06	1.469e-06	1.463e-06	1.462e-06	1.462e-06	1.462e-06	1.467e-06	1.463e-06	1.462e-06	1.463e-06	1.463e-06	1.463e-06	1.463e-06	1.473e-06	1.475e-06	1.473e-06	1.48e-06	1.474e-06
20.68	1.475e-06	1.454e-06	1.458e-06	1.452e-06	1.457e-06	1.457e-06	1.457e-06	1.457e-06	1.456e-06	1.457e-06	1.457e-06	1.456e-06	1.457e-06	1.469e-06	1.463e-06	1.462e-06	1.462e-06	1.462e-06	1.467e-06	1.463e-06	1.462e-06	1.463e-06	1.463e-06	1.463e-06	1.463e-06	1.473e-06	1.475e-06	1.473e-06	1.48e-06	1.474e-06
20.69	1.475e-06	1.454e-06	1.458e-06	1.452e-06	1.457e-06	1.457e-06	1.457e-06	1.457e-06	1.456e-06	1.457e-06	1.457e-06	1.456e-06	1.457e-06	1.469e-06	1.463e-06	1.462e-06	1.462e-06	1.462e-06	1.467e-06	1.463e-06	1.462e-06	1.463e-06	1.463e-06	1.463e-06	1.463e-06	1.473e-06	1.475e-06	1.473e-06	1.48e-06	1.474e-06
20.7	1.473e-06	1.461e-06	1.459e-06	1.458e-06	1.458e-06	1.452e-06	1.458e-06	1.457e-06	1.45e-06	1.457e-06	1.456e-06	1.456e-06	1.457e-06	1.456e-06	1.455e-06	1.462e-06	1.468e-06	1.457e-06	1.457e-06	1.462e-06	1.462e-06	1.463e-06	1.462e-06	1.475e-06	1.469e-06	1.474e-06	1.467e-06	1.474e-06	1.475e-06	1.468e-06
20.71	1.473e-06	1.461e-06	1.459e-06	1.458e-06	1.458e-06	1.452e-06	1.458e-06	1.457e-06	1.45e-06	1.457e-06	1.456e-06	1.456e-06	1.457e-06	1.456e-06	1.455e-06	1.462e-06	1.468e-06	1.457e-06	1.457e-06	1.462e-06	1.462e-06	1.463e-06	1.462e-06	1.475e-06	1.469e-06	1.474e-06	1.467e-06	1.474e-06	1.475e-06	1.468e-06
20.72	1.473e-06	1.461e-06	1.459e-06	1.458e-06	1.458e-06	1.452e-06	1.458e-06	1.457e-06	1.45e-06	1.457e-06	1.456e-06	1.456e-06	1.457e-06	1.456e-06	1.455e-06	1.462e-06	1.468e-06	1.457e-06	1.457e-06	1.462e-06	1.462e-06	1.463e-06	1.462e-06	1.475e-06	1.469e-06	1.474e-06	1.467e-06	1.474e-06	1.475e-06	1.468e-06
20.73	1.473e-06	1.461e-06	1.459e-06	1.458e-06	1.458e-06	1.452e-06	1.458e-06	1.457e-06	1.45e-06	1.457e-06	1.456e-06	1.456e-06	1.457e-06	1.456e-06	1.455e-06	1.462e-06	1.468e-06	1.457e-06	1.457e-06	1.462e-06	1.462e-06	1.463e-06	1.462e-06	1.475e-06	1.469e-06	1.474e-06	1.467e-06	1.474e-06	1.475e-06	1.468e-06
20.74	1.473e-06	1.461e-06	1.459e-06	1.458e-06	1.458e-06	1.452e-06	1.458e-06	1.457e-06	1.45e-06	1.457e-06	1.456e-06	1.456e-06	1.457e-06	1.456e-06	1.455e-06	1.462e-06	1.468e-06	1.457e-06	1.457e-06	1.462e-06	1.462e-06	1.463e-06	1.462e-06	1.475e-06	1.469e-06	1.474e-06	1.467e-06	1.474e-06	1.475e-06	1.468e-06
20.75	1.473e-06	1.461e-06	1.459e-06	1.458e-06	1.458e-06	1.452e-06	1.458e-06	1.457e-06	1.45e-06	1.457e-06	1.456e-06	1.456e-06	1.457e-06	1.456e-06	1.455e-06	1.462e-06	1.468e-06	1.457e-06	1.457e-06	1.462e-06	1.462e-06	1.463e-06	1.462e-06	1.475e-06	1.469e-06	1.474e-06	1.467e-06	1.474e-06	1.475e-06	1.468e-06
20.76	1.473e-06	1.461e-06	1.459e-06	1.458e-06	1.458e-06	1.452e-06	1.458e-06	1.457e-06	1.45e-06	1.457e-06	1.456e-06	1.456e-06	1.457e-06	1.456e-06	1.455e-06	1.462e-06	1.468e-06	1.457e-06	1.457e-06	1.462e-06	1.462e-06	1.463e-06	1.462e-06	1.475e-06	1.469e-06	1.474e-06	1.467e-06	1.474e-06	1.475e-06	1.468e-06
20.77	1.473e-06	1.461e-06	1.459e-06	1.458e-06	1.458e-06	1.452e-06	1.458e-06	1.457e-06	1.45e-06	1.457e-06	1.456e-06	1.456e-06	1.457e-06	1.456e-06	1.455e-06	1.462e-06	1.468e-06	1.457e-06	1.457e-06	1.462e-06	1.462e-06	1.463e-06	1.462e-06	1.475e-06	1.469e-06	1.474e-06	1.467e-06	1.474e-06	1.475e-06	1.468e-06
20.78	1.473e-06	1.461e-06	1.459e-06	1.458e-06	1.458e-06	1.452e-06	1.458e-06	1.457e-06	1.45e-06	1.457e-06	1.456e-06	1.456e-06	1.457e-06	1.456e-06	1.455e-06	1.462e-06	1.468e-06	1.457e-06	1.457e-06	1.462e-06	1.462e-06	1.463e-06	1.462e-06	1.475e-06	1.469e-06	1.474e-06	1.467e-06	1.474e-06	1.475e-06	1.468e-06
20.79	1.473e-06	1.461e-06	1.459e-06	1.458e-06	1.458e-06	1.452e-06	1.458e-06	1.457e-06	1.45e-06	1.457e-06	1.456e-06	1.456e-06	1.457e-06	1.456e-06	1.455e-06	1.462e-06	1.468e-06	1.457e-06	1.457e-06	1.462e-06	1.462e-06	1.463e-06	1.462e-06	1.475e-06	1.469e-06	1.474e-06	1.467e-06	1.474e-06	1.475e-06	1.468e-06
20.8	1.466e-06	1.454e-06	1.458e-06	1.458e-06	1.462e-06	1.451e-06	1.457e-06	1.456e-06	1.457e-06	1.457e-06	1.457e-06	1.457e-06	1.456e-06	1.457e-06	1.463e-06	1.456e-06	1.474e-06	1.468e-06	1.462e-06	1.468e-06	1.456e-06	1.469e-06	1.463e-06	1.463e-06	1.463e-06	1.472e-06	1.48e-06	1.474e-06	1.48e-06	1.475e-06
20.81	1.466e-06	1.454e-06	1.458e-06	1.458e-06	1.462e-06	1.451e-06	1.457e-06	1.456e-06	1.457e-06	1.457e-06	1.457e-06	1.457e-06	1.456e-06	1.457e-06	1.463e-06	1.456e-06	1.474e-06	1.468e-06	1.462e-06	1.468e-06	1.456e-06	1.469e-06	1.463e-06	1.463e-06	1.463e-06	1.472e-06	1.48e-06	1.474e-06	1.48e-06	1.475e-06
20.82	1.466e-06	1.454e-06	1.458e-06	1.458e-06	1.462e-06	1.451e-06	1.457e-06	1.456e-06	1.457e-06	1.457e-06	1.457e-06	1.457e-06	1.456e-06	1.457e-06	1.463e-06	1.456e-06	1.474e-06	1.468e-06	1.462e-06	1.468e-06	1.456e-06	1.469e-06	1.463e-06	1.463e-06	1.463e-06	1.472e-06	1.48e-06	1.474e-06	1.48e-06	1.475e-06
20.83	1.466e-06	1.454e-06	1.458e-06	1.458e-06	1.462e-06	1.451e-06	1.457e-06	1.456e-06	1.457e-06	1.457e-06	1.457e-06	1.457e-06	1.456e-06	1.457e-06	1.463e-06	1.456e-06	1.474e-06	1.468e-06	1.462e-06	1.468e-06	1.456e-06	1.469e-06	1.463e-06	1.463e-06	1.463e-06	1.472e-06	1.48e-06	1.474e-06	1.48e-06	1.475e-06
20.84	1.466e-06	1.454e-06	1.458e-06	1.458e-06	1.462e-06	1.451e-06	1.457e-06	1.456e-06	1.457e-06	1.457e-06	1.457e-06	1.457e-06	1.456e-06	1.457e-06	1.463e-06	1.456e-06	1.474e-06	1.468e-06	1.462e-06	1.468e-06	1.456e-06	1.469e-06	1.463e-06	1.463e-06	1.463e-06	1.472e-06	1.48e-06	1.474e-06	1.48e-06	1.475e-06
20.85	1.466e-06	1.454e-06	1.458e-06	1.458e-06	1.462e-06	1.451e-06	1.457e-06	1.456e-06	1.457e-06	1.457e-06	1.457e-06	1.457e-06	1.456e-06	1.457e-06	1.463e-06	1.456e-06	1.474e-06	1.468e-06	1.462e-06	1.468e-06	1.456e-06	1.469e-06	1.463e-06	1.463e-06	1.463e-06	1.472e-06	1.48e-06	1.474e-06	1.48e-06	1.475e-06
20.86	1.466e-06	1.454e-06	1.458e-06	1.458e-06	1.462e-06	1.451e-06	1.457e-06	1.456e-06	1.457e-06	1.457e-06	1.457e-06	1.457e-06	1.456e-06	1.457e-06	1.463e-06	1.456e-06	1.474e-06	1.468e-06	1.462e-06	1.468e-06	1.456e-06	1.469e-06	1.463e-06	1.463e-06	1.463e-06	1.472e-06	1.48e-06	1.474e-06	1.48e-06	1.475e-06
20.87	1.466e-06	1.454e-06	1.458e-06	1.458e-06	1.462e-06	1.451e-06	1.457e-06	1.456e-06	1.457e-06	1.457e-06	1.457e-06	1.457e-06	1.456e-06	1.457e-06	1.463e-06	1.456e-06	1.474e-06	1.468e-06	1.462e-06	1.468e-06	1.456e-06	1.469e-06	1.463e-06	1.463e-06	1.463e-06	1.472e-06	1.48e-06	1.474e-06	1.48e-06	1.475e-06
20.88	1.466e-06	1.454e-06	1.458e-06	1.458e-06	1.462e-06	1.451e-06	1.457e-06	1.456e-06	1.457e-06	1.457e-06	1.457e-06	1.457e-06	1.456e-06	1.457e-06	1.463e-06	1.456e-06	1.474e-06	1.468e-06	1.462e-06	1.468e-06	1.456e-06	1.469e-06	1.463e-06	1.463e-06	1.463e-06	1.472e-06	1.48e-06	1.474e-06	1.48e-06	1.475e-06
20.89	1.466e-06	1.454e-06	1.458e-06	1.458e-06	1.462e-06	1.451e-06	1.457e-06	1.456e-06	1.457e-06	1.457e-06	1.457e-06	1.457e-06	1.456e-06	1.457e-06	1.463e-06	1.456e-06	1.474e-06	1.468e-06	1.462e-06	1.468e-06	1.456e-06	1.469e-06	1.463e-06	1.463e-06	1.463e-06	1.472e-06	1.48e-06	1.474e-06	1.48e-06	1.475e-06
20.9	1.471e-06	1.453e-06	1.458e-06	1.459e-06	1.459e-06	1.458e-06	1.464e-06	1.45e-06	1.463e-06	1.463e-06	1.457e-06	1.462e-06	1.456e-06	1.456e-06	1.462e-06	1.462e-06	1.462e-06	1.462e-06	1.469e-06	1.461e-06	1.462e-06	1.468e-06	1.469e-06	1.469e-06	1.464e-06	1.467e-06	1.475e-06	1.475e-06	1.474e-06	1.474e-06
20.91	1.471e-06	1.453e-06	1.458e-06	1.459e-06	1.459e-06	1.458e-06	1.464e-06	1.45e-06	1.463e-06	1.463e-06	1.457e-06	1.462e-06	1.456e-06	1.456e-06	1.462e-06	1.462e-06	1.462e-06	1.462e-06	1.469e-06	1.461e-06	1.462e-06	1.468e-06	1.469e-06	1.469e-06	1.464e-06	1.467e-06	1.475e-06	1.475e-06	1.474e-06	1.474e-06
20.92	1.471e-06	1.453e-06	1.458e-06	1.459e-06	1.459e-06	1.458e-06	1.464e-06	1.45e-06	1.463e-06	1.463e-06	1.457e-06	1.462e-06	1.456e-06	1.456e-06	1.462e-06	1.462e-06	1.462e-06	1.462e-06	1.469e-06	1.461e-06	1.462e-06	1.468e-06	1.469e-06	1.469e-06	1.464e-06	1.467e-06	1.475e-06	1.475e-06	1.474e-06	1.474e-06
20.93	1.471e-06	1.453e-06	1.458e-06	1.459e-06	1.459e-06	1.458e-06	1.464e-06	1.45e-06	1.463e-06	1.463e-06	1.457e-06	1.462e-06	1.456e-06	1.456e-06	1.462e-06	1.462e-06	1.462e-06	1.462e-06	1.469e-06	1.461e-06	1.462e-06	1.468e-06	1.469e-06	1.469e-06	1.464e-06	1.467e-06	1.475e-06	1.475e-06	1.474e-06	1.474e-06
20.94	1.471e-06	1.453e-06	1.458e-06	1.459e-06	1.459e-06	1.458e-06	1.464e-06	1.45e-06	1.463e-06	1.463e-06	1.457e-06	1.462e-06	1.456e-06	1.456e-06	1.462e-06	1.462e-06	1.462e-06	1.462e-06	1.469e-06	1.461e-06	1.462e-06	1.468e-06	1.469e-06	1.469e-06	1.464e-06	1.467e-06	1.475e-06	1.475e-06	1.474e-06	1.474e-06
20.95	1.471e-06	1.453e-06	1.458e-06	1.459e-06	1.459e-06	1.458e-06	1.464e-06	1.45e-06	1.463e-06	1.463e-06	1.457e-06	1.462e-06	1.456e-06	1.456e-06	1.462e-06	1.462e-06	1.462e-06	1.462e-06	1.469e-06	1.461e-06	1.462e-06	1.468e-06	1.469e-06	1.469e-06	1.464e-06	1.467e-06	1.475e-06	1.475e-06	1.474e-06	1.474e-06
20.96	1.471e-06	1.453e-06	1.458e-06	1.459e-06	1.459e-06	1.458e-06	1.464e-06	1.45e-06	1.463e-06	1.463e-06	1.457e-06	1.462e-06	1.456e-06	1.456e-06	1.462e-06	1.462e-06	1.462e-06	1.462e-06	1.469e-06	1.461e-06	1.462e-06	1.468e-06	1.469e-06	1.469e-06	1.464e-06	1.467e-06	1.475e-06	1.475e-06	1.474e-06	1.474e-06
20.97	1.471e-06	1.453e-06	1.458e-06	1.459e-06	1.459e-06	1.458e-06	1.464e-06	1.45e-06	1.463e-06	1.463e-06	1.457e-06	1.462e-06	1.456e-06	1.456e-06	1.462e-06	1.462e-06	1.462e-06	1.462e-06	1.469e-06	1.461e-06	1.462e-06	1.468e-06	1.469e-06	1.469e-06	1.464e-06	1.467e-06	1.475e-06	1.475e-06	1.474e-06	1.474e-06
20.98	1.471e-06	1.453e-06	1.458e-06	1.459e-06	1.459e-06	1.458e-06	1.464e-06	1.45e-06	1.463e-06	1.463e-06	1.457e-06	1.462e-06	1.456e-06	1.456e-06	1.462e-06	1.462e-06	1.462e-06	1.462e-06	1.469e-06	1.461e-06	1.462e-06	1.468e-06	1.469e-06	1.469e-06	1.464e-06	1.467e-06	1.475e-06	1.475e-06	1.474e-06	1.474e-06
20.99	1.471e-06	1.453e-06	1.458e-06	1.459e-06	1.459e-06	1.458e-06	1.464e-06	1.45e-06	1.463e-06	1.463e-06	1.457e-06	1.462e-06	1.456e-06	1.456e-06	1.462e-06	1.462e-06	1.462e-06	1.462e-06	1.469e-06	1.461e-06	1.462e-06	1.468e-06	1.469e-06	1.469e-06	1.464e-06	1.467e-06	1.475e-06	1.475e-06	1.474e-06	1.474e-06
21	1.469e-06	1.454e-06	1.453e-06	1.458e-06	1.46e-06	1.452e-06	1.458e-06	1.45e-06	1.463e-06	1.457e-06	1.457e-06	1.456e-06	1.45e-06	1.462e-06	1.457e-06	1.461e-06	1.461e-06	1.462e-06	1.462e-06	1.462e-06	1.463e-06	1.469e-06	1.463e-06	1.47e-06	1.47e-06	1.473e-06	1.474e-06	1.474e-06	1.475e-06	1.474e-06
21.01	1.469e-06	1.454e-06	1.453e-06	1.458e-06	1.46e-06	1.452e-06	1.458e-06	1.45e-06	1.463e-06	1.457e-06	1.457e-06	1.456e-06	1.45e-06	1.462e-06	1.457e-06	1.461e-06	1.461e-06	1.462e-06	1.462e-06	1.462e-06	1.463e-06	1.469e-06	1.463e-06	1.47e-06	1.47e-06	1.473e-06	1.474e-06	1.474e-06	1.475e-06	1.474e-06
21.02	1.469e-06	1.454e-06	1.453e-06	1.458e-06	1.46e-06	1.452e-06	1.458e-06	1.45e-06	1.463e-06	1.457e-06	1.457e-06	1.456e-06	1.45e-06	1.462e-06	1.457e-06	1.461e-06	1.461e-06	1.462e-06	1.462e-06	1.462e-06	1.463e-06	1.469e-06	1.463e-06	1.47e-06	1.47e-06	1.473e-06	1.474e-06	1.474e-06	1.475e-06	1.474e-06
21.03	1.469e-06	1.454e-06	1.453e-06	1.458e-06	1.46e-06	1.452e-06	1.458e-06	1.45e-06	1.463e-06	1.457e-06	1.457e-06	1.456e-06	1.45e-06	1.462e-06	1.457e-06	1.461e-06	1.461e-06	1.462e-06	1.462e-06	1.462e-06	1.463e-06	1.469e-06	1.463e-06	1.47e-06	1.47e-06	1.473e-06	1.474e-06	1.474e-06	1.475e-06	1.474e-06
21.04	1.469e-06	1.454e-06	1.453e-06	1.458e-06	1.46e-06	1.452e-06	1.458e-06	1.45e-06	1.463e-06	1.457e-06	1.457e-06	1.456e-06	1.45e-06	1.462e-06	1.457e-06	1.461e-06	1.461e-06	1.462e-06	1.462e-06	1.462e-06	1.463e-06	1.469e-06	1.463e-06	1.47e-06	1.47e-06	1.473e-06	1.474e-06	1.474e-06	1.475e-06	1.474e-06
21.05	1.469e-06	1.454e-06	1.453e-06	1.458e-06	1.46e-06	1.452e-06	1.458e-06	1.45e-06	1.463e-06	1.457e-06	1.457e-06	1.456e-06	1.45e-06	1.462e-06	1.457e-06	1.461e-06	1.461e-06	1.462e-06	1.462e-06	1.462e-06	1.463e-06	1.469e-06	1.463e-06	1.47e-06	1.47e-06	1.473e-06	1.474e-06	1.474e-06	1.475e-06	1.474e-06
21.06	1.469e-06	1.454e-06	1.453e-06	1.458e-06	1.46e-06	1.452e-06	1.458e-06	1.45e-06	1.463e-06	1.457e-06	1.457e-06	1.456e-06	1.45e-06	1.462e-06	1.457e-06	1.461e-06	1.461e-06	1.462e-06	1.462e-06	1.462e-06	1.463e-06	1.469e-06	1.463e-06	1.47e-06	1.47e-06	1.473e-06	1.474e-06	1.474e-06	1.475e-06	1.474e-06
21.07	1.469e-06	1.454e-06	1.453e-06	1.458e-06	1.46e-06	1.452e-06	1.458e-06	1.45e-06	1.463e-06	1.457e-06	1.457e-06	1.456e-06	1.45e-06	1.462e-06	1.457e-06	1.461e-06	1.461e-06	1.462e-06	1.462e-06	1.462e-06	1.463e-06	1.469e-06	1.463e-06	1.47e-06	1.47e-06	1.473e-06	1.474e-06	1.474e-06	1.475e-06	1.474e-06
21.08	1.469e-06	1.454e-06	1.453e-06	1.458e-06	1.46e-06	1.452e-06	1.458e-06	1.45e-06	1.463e-06	1.457e-06	1.457e-06	1.456e-06	1.45e-06	1.462e-06	1.457e-06	1.461e-06	1.461e-06	1.462e-06	1.462e-06	1.462e-06	1.463e-06	1.469e-06	1.463e-06	1.47e-06	1.47e-06	1.473e-06	1.474e-06	1.474e-06	1.475e-06	1.474e-06
21.09	1.469e-06	1.454e-06	1.453e-06	1.458e-06	1.46e-06	1.452e-06	1.458e-06	1.45e-06	1.463e-06	1.457e-06	1.457e-06	1.456e-06	1.45e-06	1.462e-06	1.457e-06	1.461e-06	1.461e-06	1.462e-06	1.462e-06	1.462e-06	1.463e-06	1.469e-06	1.463e-06	1.47e-06	1.47e-06	1.473e-06	1.474e-06	1.474e-06	1.475e-06	1.474e-06
21.1	1.462e-06	1.46e-06	1.477e-06	1.458e-06	1.452e-06	1.458e-06	1.458e-06	1.469e-06	1.457e-06	1.457e-06	1.456e-06	1.462e-06	1.456e-06	1.468e-06	1.462e-06	1.455e-06	1.456e-06	1.462e-06	1.456e-06	1.463e-06	1.469e-06	1.463e-06	1.464e-06	1.47e-06	1.464e-06	1.473e-06	1.474e-06	1.474e-06	1.474e-06	1.481e-06
21.11	1.462e-06	1.46e-06	1.477e-06	1.458e-06	1.452e-06	1.458e-06	1.458e-06	1.469e-06	1.457e-06	1.457e-06	1.456e-06	1.462e-06	1.456e-06	1.468e-06	1.462e-06	1.455e-06	1.456e-06	1.462e-06	1.456e-06	1.463e-06	1.469e-06	1.463e-06	1.464e-06	1.47e-06	1.464e-06	1.473e-06	1.474e-06	1.474e-06	1.474e-06	1.481e-06
21.12	1.462e-06	1.46e-06	1.477e-06	1.458e-06	1.452e-06	1.458e-06	1.458e-06	1.469e-06	1.457e-06	1.457e-06	1.456e-06	1.462e-06	1.456e-06	1.468e-06	1.462e-06	1.455e-06	1.456e-06	1.462e-06	1.456e-06	1.463e-06	1.469e-06	1.463e-06	1.464e-06	1.47e-06	1.464e-06	1.473e-06	1.474e-06	1.474e-06	1.474e-06	1.481e-06
21.13	1.462e-06	1.46e-06	1.477e-06	1.458e-06	1.452e-06	1.458e-06	1.458e-06	1.469e-06	1.457e-06	1.457e-06	1.456e-06	1.462e-06	1.456e-06	1.468e-06	1.462e-06	1.455e-06	1.456e-06	1.462e-06	1.456e-06	1.463e-06	1.469e-06	1.463e-06	1.464e-06	1.47e-06	1.464e-06	1.473e-06	1.474e-06	1.474e-06	1.474e-06	1.481e-06
21.14	1.462e-06	1.46e-06	1.477e-06	1.458e-06	1.452e-06	1.458e-06	1.458e-06	1.469e-06	1.457e-06	1.457e-06	1.456e-06	1.462e-06	1.456e-06	1.468e-06	1.462e-06	1.455e-06	1.456e-06	1.462e-06	1.456e-06	1.463e-06	1.469e-06	1.463e-06	1.464e-06	1.47e-06	1.464e-06	1.473e-06	1.474e-06	1.474e-06	1.474e-06	1.481e-06
21.15	1.462e-06	1.46e-06	1.477e-06	1.458e-06	1.452e-06	1.458e-06	1.458e-06	1.469e-06	1.457e-06	1.457e-06	1.456e-06	1.462e-06	1.456e-06	1.468e-06	1.462e-06	1.455e-06	1.456e-06	1.462e-06	1.456e-06	1.463e-06	1.469e-06	1.463e-06	1.464e-06	1.47e-06	1.464e-06	1.473e-06	1.474e-06	1.474e-06	1.474e-06	1.481e-06
21.16	1.462e-06	1.46e-06	1.477e-06	1.458e-06	1.452e-06	1.458e-06	1.458e-06	1.469e-06	1.457e-06	1.457e-06	1.456e-06	1.462e-06	1.456e-06	1.468e-06	1.462e-06	1.455e-06	1.456e-06	1.462e-06	1.456e-06	1.463e-06	1.469e-06	1.463e-06	1.464e-06	1.47e-06	1.464e-06	1.473e-06	1.474e-06	1.474e-06	1.474e-06	1.481e-06
21.17	1.462e-06	1.46e-06	1.477e-06	1.458e-06	1.452e-06	1.458e-06	1.458e-06	1.469e-06	1.457e-06	1.457e-06	1.456e-06	1.462e-06	1.456e-06	1.468e-06	1.462e-06	1.455e-06	1.456e-06	1.462e-06	1.456e-06	1.463e-06	1.469e-06	1.463e-06	1.464e-06	1.47e-06	1.464e-06	1.473e-06	1.474e-06	1.474e-06	1.474e-06	1.481e-06
21.18	1.462e-06	1.46e-06	1.477e-06	1.458e-06	1.452e-06	1.458e-06	1.458e-06	1.469e-06	1.457e-06	1.457e-06	1.456e-06	1.462e-06	1.456e-06	1.468e-06	1.462e-06	1.455e-06	1.456e-06	1.462e-06	1.456e-06	1.463e-06	1.469e-06	1.463e-06	1.464e-06	1.47e-06	1.464e-06	1.473e-06	1.474e-06	1.474e-06	1.474e-06	1.481e-06
21.19	1.462e-06	1.46e-06	1.477e-06	1.458e-06	1.452e-06	1.458e-06	1.458e-06	1.469e-06	1.457e-06	1.457e-06	1.456e-06	1.462e-06	1.456e-06	1.468e-06	1.462e-06	1.455e-06	1.456e-06	1.462e-06	1.456e-06	1.463e-06	1.469e-06	1.463e-06	1.464e-06	1.47e-06	1.464e-06	1.473e-06	1.474e-06	1.474e-06	1.474e-06	1.481e-06
21.2	1.467e-06	1.46e-06	1.459e-06	1.458e-06	1.458e-06	1.451e-06	1.458e-06	1.463e-06	1.451e-06	1.463e-06	1.462e-06	1.457e-06	1.457e-06	1.456e-06	1.463e-06	1.468e-06	1.455e-06	1.462e-06	1.462e-06	1.458e-06	1.462e-06	1.463e-06	1.463e-06	1.469e-06	1.464e-06	1.473e-06	1.474e-06	1.474e-06	1.474e-06	1.475e-06
21.21	1.467e-06	1.46e-06	1.459e-06	1.458e-06	1.458e-06	1.451e-06	1.458e-06	1.463e-06	1.451e-06	1.463e-06	1.462e-06	1.457e-06	1.457e-06	1.456e-06	1.463e-06	1.468e-06	1.455e-06	1.462e-06	1.462e-06	1.458e-06	1.462e-06	1.463e-06	1.463e-06	1.469e-06	1.464e-06	1.473e-06	1.474e-06	1.474e-06	1.474e-06	1.475e-06
21.22	1.467e-06	1.46e-06	1.459e-06	1.458e-06	1.458e-06	1.451e-06	1.458e-06	1.463e-06	1.451e-06	1.463e-06	1.462e-06	1.457e-06	1.457e-06	1.456e-06	1.463e-06	1.468e-06	1.455e-06	1.462e-06	1.462e-06	1.458e-06	1.462e-06	1.463e-06	1.463e-06	1.469e-06	1.464e-06	1.473e-06	1.474e-06	1.474e-06	1.474e-06	1.475e-06
21.23	1.467e-06	1.46e-06	1.459e-06	1.458e-06	1.458e-06	1.451e-06	1.458e-06	1.463e-06	1.451e-06	1.463e-06	1.462e-06	1.457e-06	1.457e-06	1.456e-06	1.463e-06	1.468e-06	1.455e-06	1.462e-06	1.462e-06	1.458e-06	1.462e-06	1.463e-06	1.463e-06	1.469e-06	1.464e-06	1.473e-06	1.474e-06	1.474e-06	1.474e-06	1.475e-06
21.24	1.467e-06	1.46e-06	1.459e-06	1.458e-06	1.458e-06	1.451e-06	1.458e-06	1.463e-06	1.451e-06	1.463e-06	1.462e-06	1.457e-06	1.457e-06	1.456e-06	1.463e-06	1.468e-06	1.455e-06	1.462e-06	1.462e-06	1.458e-06	1.462e-06	1.463e-06	1.463e-06	1.469e-06	1.464e-06	1.473e-06	1.474e-06	1.474e-06	1.474e-06	1.475e-06
21.25	1.467e-06	1.46e-06	1.459e-06	1.458e-06	1.458e-06	1.451e-06	1.458e-06	1.463e-06	1.451e-06	1.463e-06	1.462e-06	1.457e-06	1.457e-06	1.456e-06	1.463e-06	1.468e-06	1.455e-06	1.462e-06	1.462e-06	1.458e-06	1.462e-06	1.463e-06	1.463e-06	1.469e-06	1.464e-06	1.473e-06	1.474e-06	1.474e-06	1.474e-06	1.475e-06
21.26	1.467e-06	1.46e-06	1.459e-06	1.458e-06	1.458e-06	1.451e-06	1.458e-06	1.463e-06	1.451e-06	1.463e-06	1.462e-06	1.457e-06	1.457e-06	1.456e-06	1.463e-06	1.468e-06	1.455e-06	1.462e-06	1.462e-06	1.458e-06	1.462e-06	1.463e-06	1.463e-06	1.469e-06	1.464e-06	1.473e-06	1.474e-06	1.474e-06	1.474e-06	1.475e-06
21.27	1.467e-06	1.46e-06	1.459e-06	1.458e-06	1.458e-06	1.451e-06	1.458e-06	1.463e-06	1.451e-06	1.463e-06	1.462e-06	1.457e-06	1.457e-06	1.456e-06	1.463e-06	1.468e-06	1.455e-06	1.462e-06	1.462e-06	1.458e-06	1.462e-06	1.463e-06	1.463e-06	1.469e-06	1.464e-06	1.473e-06	1.474e-06	1.474e-06	1.474e-06	1.475e-06
21.28	1.467e-06	1.46e-06	1.459e-06	1.458e-06	1.458e-06	1.451e-06	1.458e-06	1.463e-06	1.451e-06	1.463e-06	1.462e-06	1.457e-06	1.457e-06	1.456e-06	1.463e-06	1.468e-06	1.455e-06	1.462e-06	1.462e-06	1.458e-06	1.462e-06	1.463e-06	1.463e-06	1.469e-06	1.464e-06	1.473e-06	1.474e-06	1.474e-06	1.474e-06	1.475e-06
21.29	1.467e-06	1.46e-06	1.459e-06	1.458e-06	1.458e-06	1.451e-06	1.458e-06	1.463e-06	1.451e-06	1.463e-06	1.462e-06	1.457e-06	1.457e-06	1.456e-06	1.463e-06	1.468e-06	1.455e-06	1.462e-06	1.462e-06	1.458e-06	1.462e-06	1.463e-06	1.463e-06	1.469e-06	1.464e-06	1.473e-06	1.474e-06	1.474e-06	1.474e-06	1.475e-06
21.3	1.46e-06	1.459e-06	1.453e-06	1.458e-06	1.452e-06	1.464e-06	1.458e-06	1.457e-06	1.457e-06	1.462e-06	1.457e-06	1.457e-06	1.457e-06	1.456e-06	1.457e-06	1.457e-06	1.462e-06	1.455e-06	1.462e-06	1.463e-06	1.462e-06	1.458e-06	1.463e-06	1.463e-06	1.463e-06	1.467e-06	1.474e-06	1.481e-06	1.474e-06	1.474e-06
21.31	1.46e-06	1.459e-06	1.453e-06	1.458e-06	1.452e-06	1.464e-06	1.458e-06	1.457e-06	1.457e-06	1.462e-06	1.457e-06	1.457e-06	1.457e-06	1.456e-06	1.457e-06	1.457e-06	1.462e-06	1.455e-06	1.462e-06	1.463e-06	1.462e-06	1.458e-06	1.463e-06	1.463e-06	1.463e-06	1.467e-06	1.474e-06	1.481e-06	1.474e-06	1.474e-06
21.32	1.46e-06	1.459e-06	1.453e-06	1.458e-06	1.452e-06	1.464e-06	1.458e-06	1.457e-06	1.457e-06	1.462e-06	1.457e-06	1.457e-06	1.457e-06	1.456e-06	1.457e-06	1.457e-06	1.462e-06	1.455e-06	1.462e-06	1.463e-06	1.462e-06	1.458e-06	1.463e-06	1.463e-06	1.463e-06	1.467e-06	1.474e-06	1.481e-06	1.474e-06	1.474e-06
21.33	1.46e-06	1.459e-06	1.453e-06	1.458e-06	1.452e-06	1.464e-06	1.458e-06	1.457e-06	1.457e-06	1.462e-06	1.457e-06	1.457e-06	1.457e-06	1.456e-06	1.457e-06	1.457e-06	1.462e-06	1.455e-06	1.462e-06	1.463e-06	1.462e-06	1.458e-06	1.463e-06	1.463e-06	1.463e-06	1.467e-06	1.474e-06	1.481e-06	1.474e-06	1.474e-06
21.34	1.46e-06	1.459e-06	1.453e-06	1.458e-06	1.452e-06	1.464e-06	1.458e-06	1.457e-06	1.457e-06	1.462e-06	1.457e-06	1.457e-06	1.457e-06	1.456e-06	1.457e-06	1.457e-06	1.462e-06	1.455e-06	1.462e-06	1.463e-06	1.462e-06	1.458e-06	1.463e-06	1.463e-06	1.463e-06	1.467e-06	1.474e-06	1.481e-06	1.474e-06	1.474e-06
21.35	1.46e-06	1.459e-06	1.453e-06	1.458e-06	1.452e-06	1.464e-06	1.458e-06	1.457e-06	1.457e-06	1.462e-06	1.457e-06	1.457e-06	1.457e-06	1.456e-06	1.457e-06	1.457e-06	1.462e-06	1.455e-06	1.462e-06	1.463e-06	1.462e-06	1.458e-06	1.463e-06	1.463e-06	1.463e-06	1.467e-06	1.474e-06	1.481e-06	1.474e-06	1.474e-06
21.36	1.46e-06	1.459e-06	1.453e-06	1.458e-06	1.452e-06	1.464e-06	1.458e-06	1.457e-06	1.457e-06	1.462e-06	1.457e-06	1.457e-06	1.457e-06	1.456e-06	1.457e-06	1.457e-06	1.462e-06	1.455e-06	1.462e-06	1.463e-06	1.462e-06	1.458e-06	1.463e-06	1.463e-06	1.463e-06	1.467e-06	1.474e-06	1.481e-06	1.474e-06	1.474e-06
21.37	1.46e-06	1.459e-06	1.453e-06	1.458e-06	1.452e-06	1.464e-06	1.458e-06	1.457e-06	1.457e-06	1.462e-06	1.457e-06	1.457e-06	1.457e-06	1.456e-06	1.457e-06	1.457e-06	1.462e-06	1.455e-06	1.462e-06	1.463e-06	1.462e-06	1.458e-06	1.463e-06	1.463e-06	1.463e-06	1.467e-06	1.474e-06	1.481e-06	1.474e-06	1.474e-06
21.38	1.46e-06	1.459e-06	1.453e-06	1.458e-06	1.452e-06	1.464e-06	1.458e-06	1.457e-06	1.457e-06	1.462e-06	1.457e-06	1.457e-06	1.457e-06	1.456e-06	1.457e-06	1.457e-06	1.462e-06	1.455e-06	1.462e-06	1.463e-06	1.462e-06	1.458e-06	1.463e-06	1.463e-06	1.463e-06	1.467e-06	1.474e-06	1.481e-06	1.474e-06	1.474e-06
21.39	1.46e-06	1.459e-06	1.453e-06	1.458e-06	1.452e-06	1.464e-06	1.458e-06	1.457e-06	1.457e-06	1.462e-06	1.457e-06	1.457e-06	1.457e-06	1.456e-06	1.457e-06	1.457e-06	1.462e-06	1.455e-06	1.462e-06	1.463e-06	1.462e-06	1.458e-06	1.463e-06	1.463e-06	1.463e-06	1.467e-06	1.474e-06	1.481e-06	1.474e-06	1.474e-06
21.4	1.46e-06	1.459e-06	1.452e-06	1.458e-06	1.464e-06	1.458e-06	1.457e-06	1.456e-06	1.457e-06	1.463e-06	1.457e-06	1.457e-06	1.456e-06	1.455e-06	1.457e-06	1.456e-06	1.456e-06	1.462e-06	1.461e-06	1.462e-06	1.462e-06	1.463e-06	1.463e-06	1.463e-06	1.47e-06	1.467e-06	1.474e-06	1.481e-06	1.48e-06	1.475e-06
21.41	1.46e-06	1.459e-06	1.452e-06	1.458e-06	1.464e-06	1.458e-06	1.457e-06	1.456e-06	1.457e-06	1.463e-06	1.457e-06	1.457e-06	1.456e-06	1.455e-06	1.457e-06	1.456e-06	1.456e-06	1.462e-06	1.461e-06	1.462e-06	1.462e-06	1.463e-06	1.463e-06	1.463e-06	1.47e-06	1.467e-06	1.474e-06	1.481e-06	1.48e-06	1.475e-06
21.42	1.46e-06	1.459e-06	1.452e-06	1.458e-06	1.464e-06	1.458e-06	1.457e-06	1.456e-06	1.457e-06	1.463e-06	1.457e-06	1.457e-06	1.456e-06	1.455e-06	1.457e-06	1.456e-06	1.456e-06	1.462e-06	1.461e-06	1.462e-06	1.462e-06	1.463e-06	1.463e-06	1.463e-06	1.47e-06	1.467e-06	1.474e-06	1.481e-06	1.48e-06	1.475e-06
21.43	1.46e-06	1.459e-06	1.452e-06	1.458e-06	1.464e-06	1.458e-06	1.457e-06	1.456e-06	1.457e-06	1.463e-06	1.457e-06	1.457e-06	1.456e-06	1.455e-06	1.457e-06	1.456e-06	1.456e-06	1.462e-06	1.461e-06	1.462e-06	1.462e-06	1.463e-06	1.463e-06	1.463e-06	1.47e-06	1.467e-06	1.474e-06	1.481e-06	1.48e-06	1.475e-06
21.44	1.46e-06	1.459e-06	1.452e-06	1.458e-06	1.464e-06	1.458e-06	1.457e-06	1.456e-06	1.457e-06	1.463e-06	1.457e-06	1.457e-06	1.456e-06	1.455e-06	1.457e-06	1.456e-06	1.456e-06	1.462e-06	1.461e-06	1.462e-06	1.462e-06	1.463e-06	1.463e-06	1.463e-06	1.47e-06	1.467e-06	1.474e-06	1.481e-06	1.48e-06	1.475e-06
21.45	1.46e-06	1.459e-06	1.452e-06	1.458e-06	1.464e-06	1.458e-06	1.457e-06	1.456e-06	1.457e-06	1.463e-06	1.457e-06	1.457e-06	1.456e-06	1.455e-06	1.457e-06	1.456e-06	1.456e-06	1.462e-06	1.461e-06	1.462e-06	1.462e-06	1.463e-06	1.463e-06	1.463e-06	1.47e-06	1.467e-06	1.474e-06	1.481e-06	1.48e-06	1.475e-06
21.46	1.46e-06	1.459e-06	1.452e-06	1.458e-06	1.464e-06	1.458e-06	1.457e-06	1.456e-06	1.457e-06	1.463e-06	1.457e-06	1.457e-06	1.456e-06	1.455e-06	1.457e-06	1.456e-06	1.456e-06	1.462e-06	1.461e-06	1.462e-06	1.462e-06	1.463e-06	1.463e-06	1.463e-06	1.47e-06	1.467e-06	1.474e-06	1.481e-06	1.48e-06	1.475e-06
21.47	1.46e-06	1.459e-06	1.452e-06	1.458e-06	1.464e-06	1.458e-06	1.457e-06	1.456e-06	1.457e-06	1.463e-06	1.457e-06	1.457e-06	1.456e-06	1.455e-06	1.457e-06	1.456e-06	1.456e-06	1.462e-06	1.461e-06	1.462e-06	1.462e-06	1.463e-06	1.463e-06	1.463e-06	1.47e-06	1.467e-06	1.474e-06	1.481e-06	1.48e-06	1.475e-06
21.48	1.46e-06	1.459e-06	1.452e-06	1.458e-06	1.464e-06	1.458e-06	1.457e-06	1.456e-06	1.457e-06	1.463e-06	1.457e-06	1.457e-06	1.456e-06	1.455e-06	1.457e-06	1.456e-06	1.456e-06	1.462e-06	1.461e-06	1.462e-06	1.462e-06	1.463e-06	1.463e-06	1.463e-06	1.47e-06	1.467e-06	1.474e-06	1.481e-06	1.48e-06	1.475e-06
21.49	1.46e-06	1.459e-06	1.452e-06	1.458e-06	1.464e-06	1.458e-06	1.457e-06	1.456e-06	1.457e-06	1.463e-06	1.457e-06	1.457e-06	1.456e-06	1.455e-06	1.457e-06	1.456e-06	1.456e-06	1.462e-06	1.461e-06	1.462e-06	1.462e-06	1.463e-06	1.463e-06	1.463e-06	1.47e-06	1.467e-06	1.474e-06	1.481e-06	1.48e-06	1.475e-06
21.5	1.465e-06	1.459e-06	1.453e-06	1.453e-06	1.458e-06	1.457e-06	1.458e-06	1.456e-06	1.457e-06	1.463e-06	1.456e-06	1.457e-06	1.463e-06	1.462e-06	1.455e-06	1.462e-06	1.462e-06	1.462e-06	1.455e-06	1.468e-06	1.462e-06	1.462e-06	1.47e-06	1.463e-06	1.47e-06	1.474e-06	1.48e-06	1.468e-06	1.474e-06	1.475e-06
21.51	1.465e-06	1.459e-06	1.453e-06	1.453e-06	1.458e-06	1.457e-06	1.458e-06	1.456e-06	1.457e-06	1.463e-06	1.456e-06	1.457e-06	1.463e-06	1.462e-06	1.455e-06	1.462e-06	1.462e-06	1.462e-06	1.455e-06	1.468e-06	1.462e-06	1.462e-06	1.47e-06	1.463e-06	1.47e-06	1.474e-06	1.48e-06	1.468e-06	1.474e-06	1.475e-06
21.52	1.465e-06	1.459e-06	1.453e-06	1.453e-06	1.458e-06	1.457e-06	1.458e-06	1.456e-06	1.457e-06	1.463e-06	1.456e-06	1.457e-06	1.463e-06	1.462e-06	1.455e-06	1.462e-06	1.462e-06	1.462e-06	1.455e-06	1.468e-06	1.462e-06	1.462e-06	1.47e-06	1.463e-06	1.47e-06	1.474e-06	1.48e-06	1.468e-06	1.474e-06	1.475e-06
21.53	1.465e-06	1.459e-06	1.453e-06	1.453e-06	1.458e-06	1.457e-06	1.458e-06	1.456e-06	1.457e-06	1.463e-06	1.456e-06	1.457e-06	1.463e-06	1.462e-06	1.455e-06	1.462e-06	1.462e-06	1.462e-06	1.455e-06	1.468e-06	1.462e-06	1.462e-06	1.47e-06	1.463e-06	1.47e-06	1.474e-06	1.48e-06	1.468e-06	1.474e-06	1.475e-06
21.54	1.465e-06	1.459e-06	1.453e-06	1.453e-06	1.458e-06	1.457e-06	1.458e-06	1.456e-06	1.457e-06	1.463e-06	1.456e-06	1.457e-06	1.463e-06	1.462e-06	1.455e-06	1.462e-06	1.462e-06	1.462e-06	1.455e-06	1.468e-06	1.462e-06	1.462e-06	1.47e-06	1.463e-06	1.47e-06	1.474e-06	1.48e-06	1.468e-06	1.474e-06	1.475e-06
21.55	1.465e-06	1.459e-06	1.453e-06	1.453e-06	1.458e-06	1.457e-06	1.458e-06	1.456e-06	1.457e-06	1.463e-06	1.456e-06	1.457e-06	1.463e-06	1.462e-06	1.455e-06	1.462e-06	1.462e-06	1.462e-06	1.455e-06	1.468e-06	1.462e-06	1.462e-06	1.47e-06	1.463e-06	1.47e-06	1.474e-06	1.48e-06	1.468e-06	1.474e-06	1.475e-06
21.56	1.465e-06	1.459e-06	1.453e-06	1.453e-06	1.458e-06	1.457e-06	1.458e-06	1.456e-06	1.457e-06	1.463e-06	1.456e-06	1.457e-06	1.463e-06	1.462e-06	1.455e-06	1.462e-06	1.462e-06	1.462e-06	1.455e-06	1.468e-06	1.462e-06	1.462e-06	1.47e-06	1.463e-06	1.47e-06	1.474e-06	1.48e-06	1.468e-06	1.474e-06	1.475e-06
21.57	1.465e-06	1.459e-06	1.453e-06	1.453e-06	1.458e-06	1.457e-06	1.458e-06	1.456e-06	1.457e-06	1.463e-06	1.456e-06	1.457e-06	1.463e-06	1.462e-06	1.455e-06	1.462e-06	1.462e-06	1.462e-06	1.455e-06	1.468e-06	1.462e-06	1.462e-06	1.47e-06	1.463e-06	1.47e-06	1.474e-06	1.48e-06	1.468e-06	1.474e-06	1.475e-06
21.58	1.465e-06	1.459e-06	1.453e-06	1.453e-06	1.458e-06	1.457e-06	1.458e-06	1.456e-06	1.457e-06	1.463e-06	1.456e-06	1.457e-06	1.463e-06	1.462e-06	1.455e-06	1.462e-06	1.462e-06	1.462e-06	1.455e-06	1.468e-06	1.462e-06	1.462e-06	1.47e-06	1.463e-06	1.47e-06	1.474e-06	1.48e-06	1.468e-06	1.474e-06	1.475e-06
21.59	1.465e-06	1.459e-06	1.453e-06	1.453e-06	1.458e-06	1.457e-06	1.458e-06	1.456e-06	1.457e-06	1.463e-06	1.456e-06	1.457e-06	1.463e-06	1.462e-06	1.455e-06	1.462e-06	1.462e-06	1.462e-06	1.455e-06	1.468e-06	1.462e-06	1.462e-06	1.47e-06	1.463e-06	1.47e-06	1.474e-06	1.48e-06	1.468e-06	1.474e-06	1.475e-06
21.6	1.464e-06	1.459e-06	1.453e-06	1.453e-06	1.446e-06	1.451e-06	1.457e-06	1.457e-06	1.457e-06	1.457e-06	1.462e-06	1.462e-06	1.462e-06	1.462e-06	1.475e-06	1.462e-06	1.462e-06	1.456e-06	1.455e-06	1.463e-06	1.481e-06	1.462e-06	1.464e-06	1.47e-06	1.463e-06	1.468e-06	1.474e-06	1.474e-06	1.487e-06	1.481e-06
21.61	1.464e-06	1.459e-06	1.453e-06	1.453e-06	1.446e-06	1.451e-06	1.457e-06	1.457e-06	1.457e-06	1.457e-06	1.462e-06	1.462e-06	1.462e-06	1.462e-06	1.475e-06	1.462e-06	1.462e-06	1.456e-06	1.455e-06	1.463e-06	1.481e-06	1.462e-06	1.464e-06	1.47e-06	1.463e-06	1.468e-06	1.474e-06	1.474e-06	1.487e-06	1.481e-06
21.62	1.464e-06	1.459e-06	1.453e-06	1.453e-06	1.446e-06	1.451e-06	1.457e-06	1.457e-06	1.457e-06	1.457e-06	1.462e-06	1.462e-06	1.462e-06	1.462e-06	1.475e-06	1.462e-06	1.462e-06	1.456e-06	1.455e-06	1.463e-06	1.481e-06	1.462e-06	1.464e-06	1.47e-06	1.463e-06	1.468e-06	1.474e-06	1.474e-06	1.487e-06	1.481e-06
21.63	1.464e-06	1.459e-06	1.453e-06	1.453e-06	1.446e-06	1.451e-06	1.457e-06	1.457e-06	1.457e-06	1.457e-06	1.462e-06	1.462e-06	1.462e-06	1.462e-06	1.475e-06	1.462e-06	1.462e-06	1.456e-06	1.455e-06	1.463e-06	1.481e-06	1.462e-06	1.464e-06	1.47e-06	1.463e-06	1.468e-06	1.474e-06	1.474e-06	1.487e-06	1.481e-06
21.64	1.464e-06	1.459e-06	1.453e-06	1.453e-06	1.446e-06	1.451e-06	1.457e-06	1.457e-06	1.457e-06	1.457e-06	1.462e-06	1.462e-06	1.462e-06	1.462e-06	1.475e-06	1.462e-06	1.462e-06	1.456e-06	1.455e-06	1.463e-06	1.481e-06	1.462e-06	1.464e-06	1.47e-06	1.463e-06	1.468e-06	1.474e-06	1.474e-06	1.487e-06	1.481e-06
21.65	1.464e-06	1.459e-06	1.453e-06	1.453e-06	1.446e-06	1.451e-06	1.457e-06	1.457e-06	1.457e-06	1.457e-06	1.462e-06	1.462e-06	1.462e-06	1.462e-06	1.475e-06	1.462e-06	1.462e-06	1.456e-06	1.455e-06	1.463e-06	1.481e-06	1.462e-06	1.464e-06	1.47e-06	1.463e-06	1.468e-06	1.474e-06	1.474e-06	1.487e-06	1.481e-06
21.66	1.464e-06	1.459e-06	1.453e-06	1.453e-06	1.446e-06	1.451e-06	1.457e-06	1.457e-06	1.457e-06	1.457e-06	1.462e-06	1.462e-06	1.462e-06	1.462e-06	1.475e-06	1.462e-06	1.462e-06	1.456e-06	1.455e-06	1.463e-06	1.481e-06	1.462e-06	1.464e-06	1.47e-06	1.463e-06	1.468e-06	1.474e-06	1.474e-06	1.487e-06	1.481e-06
21.67	1.464e-06	1.459e-06	1.453e-06	1.453e-06	1.446e-06	1.451e-06	1.457e-06	1.457e-06	1.457e-06	1.457e-06	1.462e-06	1.462e-06	1.462e-06	1.462e-06	1.475e-06	1.462e-06	1.462e-06	1.456e-06	1.455e-06	1.463e-06	1.481e-06	1.462e-06	1.464e-06	1.47e-06	1.463e-06	1.468e-06	1.474e-06	1.474e-06	1.487e-06	1.481e-06
21.68	1.464e-06	1.459e-06	1.453e-06	1.453e-06	1.446e-06	1.451e-06	1.457e-06	1.457e-06	1.457e-06	1.457e-06	1.462e-06	1.462e-06	1.462e-06	1.462e-06	1.475e-06	1.462e-06	1.462e-06	1.456e-06	1.455e-06	1.463e-06	1.481e-06	1.462e-06	1.464e-06	1.47e-06	1.463e-06	1.468e-06	1.474e-06	1.474e-06	1.487e-06	1.481e-06
21.69	1.464e-06	1.459e-06	1.453e-06	1.453e-06	1.446e-06	1.451e-06	1.457e-06	1.457e-06	1.457e-06	1.457e-06	1.462e-06	1.462e-06	1.462e-06	1.462e-06	1.475e-06	1.462e-06	1.462e-06	1.456e-06	1.455e-06	1.463e-06	1.481e-06	1.462e-06	1.464e-06	1.47e-06	1.463e-06	1.468e-06	1.474e-06	1.474e-06	1.487e-06	1.481e-06
21.7	1.464e-06	1.459e-06	1.459e-06	1.452e-06	1.458e-06	1.458e-06	1.458e-06	1.457e-06	1.463e-06	1.462e-06	1.45e-06	1.463e-06	1.456e-06	1.462e-06	1.462e-06	1.462e-06	1.462e-06	1.462e-06	1.462e-06	1.462e-06	1.468e-06	1.463e-06	1.463e-06	1.47e-06	1.478e-06	1.474e-06	1.475e-06	1.474e-06	1.475e-06	1.475e-06
21.71	1.464e-06	1.459e-06	1.459e-06	1.452e-06	1.458e-06	1.458e-06	1.458e-06	1.457e-06	1.463e-06	1.462e-06	1.45e-06	1.463e-06	1.456e-06	1.462e-06	1.462e-06	1.462e-06	1.462e-06	1.462e-06	1.462e-06	1.462e-06	1.468e-06	1.463e-06	1.463e-06	1.47e-06	1.478e-06	1.474e-06	1.475e-06	1.474e-06	1.475e-06	1.475e-06
21.72	1.464e-06	1.459e-06	1.459e-06	1.452e-06	1.458e-06	1.458e-06	1.458e-06	1.457e-06	1.463e-06	1.462e-06	1.45e-06	1.463e-06	1.456e-06	1.462e-06	1.462e-06	1.462e-06	1.462e-06	1.462e-06	1.462e-06	1.462e-06	1.468e-06	1.463e-06	1.463e-06	1.47e-06	1.478e-06	1.474e-06	1.475e-06	1.474e-06	1.475e-06	1.475e-06
21.73	1.464e-06	1.459e-06	1.459e-06	1.452e-06	1.458e-06	1.458e-06	1.458e-06	1.457e-06	1.463e-06	1.462e-06	1.45e-06	1.463e-06	1.456e-06	1.462e-06	1.462e-06	1.462e-06	1.462e-06	1.462e-06	1.462e-06	1.462e-06	1.468e-06	1.463e-06	1.463e-06	1.47e-06	1.478e-06	1.474e-06	1.475e-06	1.474e-06	1.475e-06	1.475e-06
21.74	1.464e-06	1.459e-06	1.459e-06	1.452e-06	1.458e-06	1.458e-06	1.458e-06	1.457e-06	1.463e-06	1.462e-06	1.45e-06	1.463e-06	1.456e-06	1.462e-06	1.462e-06	1.462e-06	1.462e-06	1.462e-06	1.462e-06	1.462e-06	1.468e-06	1.463e-06	1.463e-06	1.47e-06	1.478e-06	1.474e-06	1.475e-06	1.474e-06	1.475e-06	1.475e-06
21.75	1.464e-06	1.459e-06	1.459e-06	1.452e-06	1.458e-06	1.458e-06	1.458e-06	1.457e-06	1.463e-06	1.462e-06	1.45e-06	1.463e-06	1.456e-06	1.462e-06	1.462e-06	1.462e-06	1.462e-06	1.462e-06	1.462e-06	1.462e-06	1.468e-06	1.463e-06	1.463e-06	1.47e-06	1.478e-06	1.474e-06	1.475e-06	1.474e-06	1.475e-06	1.475e-06
21.76	1.464e-06	1.459e-06	1.459e-06	1.452e-06	1.458e-06	1.458e-06	1.458e-06	1.457e-06	1.463e-06	1.462e-06	1.45e-06	1.463e-06	1.456e-06	1.462e-06	1.462e-06	1.462e-06	1.462e-06	1.462e-06	1.462e-06	1.462e-06	1.468e-06	1.463e-06	1.463e-06	1.47e-06	1.478e-06	1.474e-06	1.475e-06	1.474e-06	1.475e-06	1.475e-06
21.77	1.464e-06	1.459e-06	1.459e-06	1.452e-06	1.458e-06	1.458e-06	1.458e-06	1.457e-06	1.463e-06	1.462e-06	1.45e-06	1.463e-06	1.456e-06	1.462e-06	1.462e-06	1.462e-06	1.462e-06	1.462e-06	1.462e-06	1.462e-06	1.468e-06	1.463e-06	1.463e-06	1.47e-06	1.478e-06	1.474e-06	1.475e-06	1.474e-06	1.475e-06	1.475e-06
21.78	1.464e-06	1.459e-06	1.459e-06	1.452e-06	1.458e-06	1.458e-06	1.458e-06	1.457e-06	1.463e-06	1.462e-06	1.45e-06	1.463e-06	1.456e-06	1.462e-06	1.462e-06	1.462e-06	1.462e-06	1.462e-06	1.462e-06	1.462e-06	1.468e-06	1.463e-06	1.463e-06	1.47e-06	1.478e-06	1.474e-06	1.475e-06	1.474e-06	1.475e-06	1.475e-06
21.79	1.464e-06	1.459e-06	1.459e-06	1.452e-06	1.458e-06	1.458e-06	1.458e-06	1.457e-06	1.463e-06	1.462e-06	1.45e-06	1.463e-06	1.456e-06	1.462e-06	1.462e-06	1.462e-06	1.462e-06	1.462e-06	1.462e-06	1.462e-06	1.468e-06	1.463e-06	1.463e-06	1.47e-06	1.478e-06	1.474e-06	1.475e-06	1.474e-06	1.475e-06	1.475e-06
21.8	1.477e-06	1.46e-06	1.459e-06	1.476e-06	1.459e-06	1.452e-06	1.458e-06	1.457e-06	1.457e-06	1.457e-06	1.462e-06	1.463e-06	1.456e-06	1.462e-06	1.462e-06	1.462e-06	1.462e-06	1.455e-06	1.454e-06	1.462e-06	1.456e-06	1.462e-06	1.463e-06	1.463e-06	1.464e-06	1.474e-06	1.48e-06	1.474e-06	1.474e-06	1.475e-06
21.81	1.477e-06	1.46e-06	1.459e-06	1.476e-06	1.459e-06	1.452e-06	1.458e-06	1.457e-06	1.457e-06	1.457e-06	1.462e-06	1.463e-06	1.456e-06	1.462e-06	1.462e-06	1.462e-06	1.462e-06	1.455e-06	1.454e-06	1.462e-06	1.456e-06	1.462e-06	1.463e-06	1.463e-06	1.464e-06	1.474e-06	1.48e-06	1.474e-06	1.474e-06	1.475e-06
21.82	1.477e-06	1.46e-06	1.459e-06	1.476e-06	1.459e-06	1.452e-06	1.458e-06	1.457e-06	1.457e-06	1.457e-06	1.462e-06	1.463e-06	1.456e-06	1.462e-06	1.462e-06	1.462e-06	1.462e-06	1.455e-06	1.454e-06	1.462e-06	1.456e-06	1.462e-06	1.463e-06	1.463e-06	1.464e-06	1.474e-06	1.48e-06	1.474e-06	1.474e-06	1.475e-06
21.83	1.477e-06	1.46e-06	1.459e-06	1.476e-06	1.459e-06	1.452e-06	1.458e-06	1.457e-06	1.457e-06	1.457e-06	1.462e-06	1.463e-06	1.456e-06	1.462e-06	1.462e-06	1.462e-06	1.462e-06	1.455e-06	1.454e-06	1.462e-06	1.456e-06	1.462e-06	1.463e-06	1.463e-06	1.464e-06	1.474e-06	1.48e-06	1.474e-06	1.474e-06	1.475e-06
21.84	1.477e-06	1.46e-06	1.459e-06	1.476e-06	1.459e-06	1.452e-06	1.458e-06	1.457e-06	1.457e-06	1.457e-06	1.462e-06	1.463e-06	1.456e-06	1.462e-06	1.462e-06	1.462e-06	1.462e-06	1.455e-06	1.454e-06	1.462e-06	1.456e-06	1.462e-06	1.463e-06	1.463e-06	1.464e-06	1.474e-06	1.48e-06	1.474e-06	1.474e-06	1.475e-06
21.85	1.477e-06	1.46e-06	1.459e-06	1.476e-06	1.459e-06	1.452e-06	1.458e-06	1.457e-06	1.457e-06	1.457e-06	1.462e-06	1.463e-06	1.456e-06	1.462e-06	1.462e-06	1.462e-06	1.462e-06	1.455e-06	1.454e-06	1.462e-06	1.456e-06	1.462e-06	1.463e-06	1.463e-06	1.464e-06	1.474e-06	1.48e-06	1.474e-06	1.474e-06	1.475e-06
21.86	1.477e-06	1.46e-06	1.459e-06	1.476e-06	1.459e-06	1.452e-06	1.458e-06	1.457e-06	1.457e-06	1.457e-06	1.462e-06	1.463e-06	1.456e-06	1.462e-06	1.462e-06	1.462e-06	1.462e-06	1.455e-06	1.454e-06	1.462e-06	1.456e-06	1.462e-06	1.463e-06	1.463e-06	1.464e-06	1.474e-06	1.48e-06	1.474e-06	1.474e-06	1.475e-06
21.87	1.477e-06	1.46e-06	1.459e-06	1.476e-06	1.459e-06	1.452e-06	1.458e-06	1.457e-06	1.457e-06	1.457e-06	1.462e-06	1.463e-06	1.456e-06	1.462e-06	1.462e-06	1.462e-06	1.462e-06	1.455e-06	1.454e-06	1.462e-06	1.456e-06	1.462e-06	1.463e-06	1.463e-06	1.464e-06	1.474e-06	1.48e-06	1.474e-06	1.474e-06	1.475e-06
21.88	1.477e-06	1.46e-06	1.459e-06	1.476e-06	1.459e-06	1.452e-06	1.458e-06	1.457e-06	1.457e-06	1.457e-06	1.462e-06	1.463e-06	1.456e-06	1.462e-06	1.462e-06	1.462e-06	1.462e-06	1.455e-06	1.454e-06	1.462e-06	1.456e-06	1.462e-06	1.463e-06	1.463e-06	1.464e-06	1.474e-06	1.48e-06	1.474e-06	1.474e-06	1.475e-06
21.89	1.477e-06	1.46e-06	1.459e-06	1.476e-06	1.459e-06	1.452e-06	1.458e-06	1.457e-06	1.457e-06	1.457e-06	1.462e-06	1.463e-06	1.456e-06	1.462e-06	1.462e-06	1.462e-06	1.462e-06	1.455e-06	1.454e-06	1.462e-06	1.456e-06	1.462e-06	1.463e-06	1.463e-06	1.464e-06	1.474e-06	1.48e-06	1.474e-06	1.474e-06	1.475e-06
21.9	1.457e-06	1.453e-06	1.453e-06	1.458e-06	1.458e-06	1.458e-06	1.458e-06	1.45e-06	1.457e-06	1.482e-06	1.457e-06	1.456e-06	1.462e-06	1.454e-06	1.456e-06	1.45e-06	1.462e-06	1.455e-06	1.461e-06	1.463e-06	1.462e-06	1.457e-06	1.469e-06	1.463e-06	1.471e-06	1.474e-06	1.475e-06	1.474e-06	1.475e-06	1.475e-06
21.91	1.457e-06	1.453e-06	1.453e-06	1.458e-06	1.458e-06	1.458e-06	1.458e-06	1.45e-06	1.457e-06	1.482e-06	1.457e-06	1.456e-06	1.462e-06	1.454e-06	1.456e-06	1.45e-06	1.462e-06	1.455e-06	1.461e-06	1.463e-06	1.462e-06	1.457e-06	1.469e-06	1.463e-06	1.471e-06	1.474e-06	1.475e-06	1.474e-06	1.475e-06	1.475e-06
21.92	1.457e-06	1.453e-06	1.453e-06	1.458e-06	1.458e-06	1.458e-06	1.458e-06	1.45e-06	1.457e-06	1.482e-06	1.457e-06	1.456e-06	1.462e-06	1.454e-06	1.456e-06	1.45e-06	1.462e-06	1.455e-06	1.461e-06	1.463e-06	1.462e-06	1.457e-06	1.469e-06	1.463e-06	1.471e-06	1.474e-06	1.475e-06	1.474e-06	1.475e-06	1.475e-06
21.93	1.457e-06	1.453e-06	1.453e-06	1.458e-06	1.458e-06	1.458e-06	1.458e-06	1.45e-06	1.457e-06	1.482e-06	1.457e-06	1.456e-06	1.462e-06	1.454e-06	1.456e-06	1.45e-06	1.462e-06	1.455e-06	1.461e-06	1.463e-06	1.462e-06	1.457e-06	1.469e-06	1.463e-06	1.471e-06	1.474e-06	1.475e-06	1.474e-06	1.475e-06	1.475e-06
21.94	1.457e-06	1.453e-06	1.453e-06	1.458e-06	1.458e-06	1.458e-06	1.458e-06	1.45e-06	1.457e-06	1.482e-06	1.457e-06	1.456e-06	1.462e-06	1.454e-06	1.456e-06	1.45e-06	1.462e-06	1.455e-06	1.461e-06	1.463e-06	1.462e-06	1.457e-06	1.469e-06	1.463e-06	1.471e-06	1.474e-06	1.475e-06	1.474e-06	1.475e-06	1.475e-06
21.95	1.457e-06	1.453e-06	1.453e-06	1.458e-06	1.458e-06	1.458e-06	1.458e-06	1.45e-06	1.457e-06	1.482e-06	1.457e-06	1.456e-06	1.462e-06	1.454e-06	1.456e-06	1.45e-06	1.462e-06	1.455e-06	1.461e-06	1.463e-06	1.462e-06	1.457e-06	1.469e-06	1.463e-06	1.471e-06	1.474e-06	1.475e-06	1.474e-06	1.475e-06	1.475e-06
21.96	1.457e-06	1.453e-06	1.453e-06	1.458e-06	1.458e-06	1.458e-06	1.458e-06	1.45e-06	1.457e-06	1.482e-06	1.457e-06	1.456e-06	1.462e-06	1.454e-06	1.456e-06	1.45e-06	1.462e-06	1.455e-06	1.461e-06	1.463e-06	1.462e-06	1.457e-06	1.469e-06	1.463e-06	1.471e-06	1.474e-06	1.475e-06	1.474e-06	1.475e-06	1.475e-06
21.97	1.457e-06	1.453e-06	1.453e-06	1.458e-06	1.458e-06	1.458e-06	1.458e-06	1.45e-06	1.457e-06	1.482e-06	1.457e-06	1.456e-06	1.462e-06	1.454e-06	1.456e-06	1.45e-06	1.462e-06	1.455e-06	1.461e-06	1.463e-06	1.462e-06	1.457e-06	1.469e-06	1.463e-06	1.471e-06	1.474e-06	1.475e-06	1.474e-06	1.475e-06	1.475e-06
21.98	1.457e-06	1.453e-06	1.453e-06	1.458e-06	1.458e-06	1.458e-06	1.458e-06	1.45e-06	1.457e-06	1.482e-06	1.457e-06	1.456e-06	1.462e-06	1.454e-06	1.456e-06	1.45e-06	1.462e-06	1.455e-06	1.461e-06	1.463e-06	1.462e-06	1.457e-06	1.469e-06	1.463e-06	1.471e-06	1.474e-06	1.475e-06	1.474e-06	1.475e-06	1.475e-06
21.99	1.457e-06	1.453e-06	1.453e-06	1.458e-06	1.458e-06	1.458e-06	1.458e-06	1.45e-06	1.457e-06	1.482e-06	1.457e-06	1.456e-06	1.462e-06	1.454e-06	1.456e-06	1.45e-06	1.462e-06	1.455e-06	1.461e-06	1.463e-06	1.462e-06	1.457e-06	1.469e-06	1.463e-06	1.471e-06	1.474e-06	1.475e-06	1.474e-06	1.475e-06	1.475e-06
22	1.457e-06	1.453e-06	1.459e-06	1.458e-06	1.458e-06	1.457e-06	1.458e-06	1.457e-06	1.464e-06	1.462e-06	1.457e-06	1.457e-06	1.455e-06	1.462e-06	1.462e-06	1.456e-06	1.462e-06	1.455e-06	1.468e-06	1.468e-06	1.468e-06	1.468e-06	1.463e-06	1.463e-06	1.464e-06	1.474e-06	1.474e-06	1.487e-06	1.474e-06	1.481e-06
22.01	1.457e-06	1.453e-06	1.459e-06	1.458e-06	1.458e-06	1.457e-06	1.458e-06	1.457e-06	1.464e-06	1.462e-06	1.457e-06	1.457e-06	1.455e-06	1.462e-06	1.462e-06	1.456e-06	1.462e-06	1.455e-06	1.468e-06	1.468e-06	1.468e-06	1.468e-06	1.463e-06	1.463e-06	1.464e-06	1.474e-06	1.474e-06	1.487e-06	1.474e-06	1.481e-06
