# SCAN started at: 2019-02-13 13:21:22
# Elen_Scan Mass: 20.3 Resolution: 30
# ----------------------------------------
# 
19	-2.633	-5.941	-6.028	-3.168	-1.747	-4.464	-6.812	-5.946	-6.088	-4.608	-5.811	-2.982	-6.528	-3.869	-5.765	-6.788	-2.245	-6.927	-4.872	-2.168	-5.77	-0.1336	-3.572	-3.685	-3.729	-4.628	-5.202	-5.694	-1.147	-1.714
19.01	1	-4.745	-6.177	-2.205	-2.384	-6.106	-5.506	-5.838	-4.038	-6.444	-6.483	-2.015	-5.759	-5.932	-6.437	-5.425	-2.154	-3.711	-2.172	-1.779	-6.68	-4.733	-6.266	-2.148	-6.396	-2.328	-3.432	-6.307	-1.91	-2.145
19.02	-2.899	-2.819	-1.786	-6.908	-6.145	-2.833	-2.225	-5.907	-3.264	-2.068	-1.815	-6.669	-2.077	-5.325	-2.218	-2.792	-3.58	-4.082	-2.244	-6.061	-1.966	-3.85	-1.81	-1.917	-5.331	-2.978	-3.134	-6.25	-5.458	-5.561
19.03	-3.812	-3.04	-1.829	-6.958	-6.106	-2.883	-2.169	-1.795	-3.466	-2.027	-2.024	-6.73	-2.176	-4.673	-2.346	-2.906	-4.937	-4.094	-2.276	-6.028	-1.926	-3.913	-1.842	-1.815	-5.601	-3.028	-3.298	-6.208	-5.361	-5.476
19.04	-4.262	-3.028	-1.826	-7.019	-5.953	-2.894	-2.242	-4.691	-2.846	-2.085	-2.028	-6.761	-2.246	-4.576	-2.409	-2.813	-4.943	-3.504	-2.385	-6.179	-1.897	-3.804	-1.869	-2.147	-5.65	-3.275	-3.249	-6.171	-5.411	-5.536
19.05	-4.616	-3.071	-1.894	-7.02	-5.878	-2.823	-2.193	-4.321	-3.414	-2.098	-2.097	-6.771	-2.151	-3.051	-2.495	-2.92	-5.031	-4.02	-2.32	-6.069	-1.946	-3.654	-6.547	-2.008	-5.637	-3.312	-3.039	-5.991	-5.406	-5.263
19.06	-4.912	-3.008	-1.859	-7.06	-5.813	-2.774	-2.189	-4.225	-2.987	-2.175	-2.179	-6.803	-2.125	-3.867	-2.666	-3.097	-5.089	-3.97	-2.549	-6.244	-1.912	-3.868	-6.629	-2.053	-5.705	-3.511	-3.573	-6.118	-5.204	-5.371
19.07	-5.133	-2.969	-1.986	-6.936	-5.896	-2.685	-2.05	-4.133	-2.518	-2.287	-2.389	-6.807	-2.102	-3.84	-2.741	-2.727	-4.949	-3.865	-2.456	-6.335	-1.892	-3.58	-6.64	-2.129	-5.7	-3.629	-3.651	-6.098	-5.183	-4.805
19.08	-4.669	-2.78	-2.031	-6.923	-5.739	-2.646	-2.151	-5.823	-3.305	-2.267	-2.26	-6.747	-2.093	-3.26	-2.866	-3.189	-4.928	-3.637	-2.524	-6.256	-3.474	-3.538	-6.798	-2.247	-6.399	-3.777	-3.67	-6.075	-5.331	-3.393
19.09	-4.759	-2.75	-1.997	-7.01	-5.567	-2.786	-2.063	-5.914	-3.157	-2.851	-2.241	-6.773	-2.127	-6.987	-2.887	-3.221	-4.862	-3.871	-2.673	-6.406	-2.431	-3.428	-6.516	-2.25	-6.232	-3.913	-3.921	-6.06	-5.218	-3.545
19.1	-4.928	-2.77	-2.023	-6.81	-5.051	-2.63	-2.114	-5.847	-6.709	-2.423	-2.502	-6.691	-2.244	-6.882	-3.082	-3.333	-4.793	-3.282	-2.506	-6.339	-4.306	-3.52	-6.819	-2.326	-6.134	-4.125	-4.031	-6.002	-5.197	-3.582
19.11	-0.5179	-3.302	-2.375	-6.331	-3.994	-5.794	-6.831	-6.243	-2.193	-6.414	-2.57	-6.865	-2.218	-2.219	-3.876	-3.835	-4.55	-4.724	-3.225	-6.342	-4.027	-2.968	-1.882	-2.604	-5.872	-4.169	-4.699	-5.84	-5.378	-3.911
19.12	-0.5603	-2.931	-2.16	-6.46	-4.261	-5.987	-6.874	-6.416	-2.289	-6.413	-3.564	-6.815	-2.538	-2.222	-3.701	-3.574	-4.596	-7.053	-2.937	-6.072	-3.339	-3.384	-1.906	-2.291	-6.191	-4.229	-4.407	-5.615	-4.721	-3.319
19.13	-0.6085	-2.414	-2.282	-6.289	-4.447	-6.384	-6.846	-6.7	-2.22	-6.438	-2.982	-6.776	-2.886	-2.215	-3.74	-3.689	-4.735	-2.555	-2.917	-6.479	-3.076	-3.389	-1.917	-2.325	-6.196	-3.941	-4.456	-5.5	-4.884	-3.475
19.14	-0.6572	-2.668	-2.363	-6.138	-4.652	-5.972	-6.845	-6.55	-2.188	-6.452	-3.338	-6.314	-2.856	-2.387	-4.025	-3.665	-4.746	-5.064	-3.065	-6.541	-3.492	-3.069	-1.923	-2.393	-6.146	-3.685	-4.637	-4.743	-4.911	-3.38
19.15	-0.7093	-3.082	-2.413	-6.133	-4.848	-5.87	-6.793	-6.45	-2.115	-6.401	-3.248	-6.737	-2.956	-2.478	-3.78	-6.702	-4.773	-5.174	-3.243	-6.537	-3.923	-3.06	-1.904	-2.408	-6.119	-3.543	-4.703	-5.111	-4.979	-3.348
19.16	-0.7416	-3.169	-2.59	-5.858	-5.142	-6.161	-6.723	-6.511	-2.159	-6.271	-5.119	-6.744	-3.7	-2.645	-4.54	-6.789	-4.887	-5.129	-3.475	-6.502	-3.639	-2.992	-1.93	-2.358	-6.306	-3.369	-4.728	-4.883	-4.84	-3.168
19.17	-0.7572	-3.205	-2.42	-5.687	-5.4	-6.241	-6.642	-6.492	-2.144	-5.599	-3.62	-6.814	-3.379	-2.82	-4.755	-6.522	-5.712	-5.025	-3.637	-6.592	-6.242	-3.251	-1.976	-2.221	-6.343	-3.381	-4.821	-4.801	-4.118	-3.361
19.18	-0.834	-2.681	-2.652	-5.499	-5.554	-6.309	-6.455	-6.557	-2.15	-6.114	-3.686	-5.828	-4.084	-2.908	-4.895	-6.582	-5.161	-4.981	-3.4	-6.572	-6.082	-2.928	-1.974	-2.422	-6.348	-3.464	-4.948	-4.799	-4.85	-3.151
19.19	-0.7214	-3.228	-2.75	-5.261	-5.148	-6.403	-6.577	-6.743	-2.2	-6.119	-3.876	-6.762	-3.856	-2.922	-5.133	-6.511	-5.188	-4.854	-3.591	-6.253	-6.135	-2.906	-1.988	-2.337	-6.38	-3.558	-5.085	-4.466	-4.865	-3.26
19.2	-0.7462	-3.317	-2.818	-5.048	-5.233	-6.339	-6.423	-6.793	-2.183	-6.048	-5.008	-6.785	-4.543	-3.255	-5.373	-7.055	-5.239	-4.858	-3.787	-6.623	-6.073	-2.748	-2.035	-2.498	-6.355	-2.722	-5.242	-4.475	-4.758	-3.235
19.21	-0.8701	-3.796	-3.222	-4.18	-6.574	-6.578	-2.683	-6.751	-6.937	-6.233	-3.925	-6.922	-5.509	-3.322	-6.251	-3.061	-5.149	-5.172	-4.563	-6.762	-2.641	-2.323	-2.33	-6.707	-6.289	-2.288	-5.821	-4.511	-5.058	-3.587
19.22	-0.8544	-3.255	-2.812	-4.305	-6.427	-6.417	-3.018	-6.553	-6.918	-5.657	-4.574	-4.636	-4.874	-4.355	-6.119	-7.009	-5.712	-4.619	-4.444	-6.668	-2.972	-2.612	-2.079	-6.564	-6.576	-2.317	-5.477	-3.771	-4.553	-3.168
19.23	-0.832	-3.348	-3.043	-4.059	-6.523	-6.518	-2.942	-6.82	-6.937	-5.74	-4.786	-4.681	-5.185	-4.198	-6.314	-7.058	-5.706	-4.507	-4.651	-6.573	-2.085	-3	-2.225	-6.649	-6.661	-2.389	-4.853	-3.739	-4.279	-3.221
19.24	-0.9304	-3.32	-3.105	-3.752	-6.34	-6.526	-3.112	-6.759	-6.885	-5.389	-4.646	-3.069	-5.966	-4.547	-6.325	-6.964	-5.753	-4.598	-4.732	-6.673	-2.06	-2.591	-2.259	-6.64	-6.518	-2.12	-5.632	-3.532	-4.439	-3.184
19.25	-0.8795	-3.504	-6.365	-3.807	-6.744	-6.408	-3.24	-6.781	-6.899	-5.148	-4.96	-3.144	-5.703	-4.642	-6.693	-7.057	-5.976	-4.267	-4.771	-6.688	-2.136	-4.582	-2.083	-6.594	-1.985	-2.057	-5.695	-3.518	-4.415	-3.076
19.26	-0.8692	-3.543	-6.623	-3.43	-6.78	-6.6	-3.376	-6.723	-6.841	-5.266	-5.384	-3.332	-2.526	-4.466	-6.613	-6.922	-6.024	-4.483	-4.978	-6.692	-2.12	-4.414	-2.291	-6.62	-3.378	-2.021	-5.672	-3.128	-4.414	-2.76
19.27	-0.9	-3.504	-6.305	-3.65	-6.866	-6.62	-3.629	-6.725	-6.845	-4.982	-5.744	-2.585	-2.438	-6.546	-6.903	-7.068	-6.113	-4.391	-5.251	-6.57	-4.868	-4.682	-2.463	-6.621	-3.381	-1.968	-5.595	-3.07	-4.19	-3.137
19.28	-1.018	-3.624	-6.28	-2.917	-6.828	-6.652	-3.681	-6.728	-6.794	-5.164	-5.508	-2.95	-2.304	-2.165	-7.033	-6.876	-6.292	-4.288	-5.029	-6.693	-6.934	-4.792	-2.545	-6.637	-3.559	-1.946	-5.548	-3.257	-3.955	-3.17
19.29	-1.762	-3.629	-6.358	-3.074	-6.939	-6.435	-3.946	-6.712	-6.714	-4.219	-5.484	-3.077	-2.393	-2.179	-7.1	-6.927	-6.195	-4.259	-5.476	-6.779	-6.9	-4.815	-2.474	-6.615	-4.435	-1.926	-4.822	-2.836	-4.014	-3.193
19.3	-1.76	-3.215	-6.48	-2.569	-6.946	-6.542	-3.991	-6.637	-6.737	-4.034	-5.738	-3.025	-2.23	-6.418	-3.139	-2.319	-6.38	-4.062	-5.28	-6.7	-6.923	-4.768	-2.683	-6.574	-3.617	-1.908	-2.767	-2.723	-3.515	-2.904
19.31	-1.538	-4.008	-6.261	-2.43	-6.871	-2.911	-3.784	-6.738	-6.562	-4.798	-2.876	-6.25	-7.044	-6.216	-2.677	-6.644	-6.162	-4.336	-7.13	-6.781	-1.936	-4.92	-3.14	-6.567	-3.757	-2.098	-6.412	-2.696	-4.1	-3.576
19.32	-1.588	-3.569	-6.401	-2.416	-6.932	-5.435	-4.042	-6.357	-3.959	-4.509	-2.97	-6.323	-6.952	-5.553	-2.497	-6.836	-6.614	-3.972	-7.062	-6.6	-1.967	-4.545	-2.883	-6.637	-3.579	-1.993	-6.417	-2.302	-3.609	-3.217
19.33	-1.625	-3.526	-6.256	-2.452	-6.923	-6.711	-5.072	-6.497	-3.163	-4.091	-2.594	-6.088	-6.881	-5.349	-2.612	-2.272	-6.935	-4.019	-6.985	-6.719	-1.98	-5.018	-2.974	-6.669	-6.784	-2.137	-6.424	-2.145	-3.243	-3.262
19.34	-1.663	-3.546	-6.322	-2.56	-6.833	-6.523	-4.885	-6.329	-6.028	-3.96	-2.785	-6.219	-6.549	-4.941	-2.406	-4.213	-6.535	-4.01	-7.056	-6.689	-2.004	-4.451	-2.9	-6.728	-6.531	-2.032	-6.446	-2.207	-3.222	-3.266
19.35	-1.89	-3.42	-6.409	-2.688	-6.812	-6.746	-6.608	-6.302	-5.254	-3.614	-2.72	-6.187	-6.624	-6.701	-2.242	-7.115	-6.644	-3.907	-6.871	-6.716	-2.001	-4.959	-3.073	-6.701	-6.565	-2.257	-6.515	-1.866	-3.208	-3.192
19.36	-1.896	-3.658	-6.279	-2.818	-6.725	-5.252	-6.525	-6.205	-1.615	-3.868	-2.472	-6.108	-6.456	-6.541	-2.221	-6.43	-6.945	-3.611	-6.965	-6.657	-1.989	-5.066	-6.535	-6.73	-6.583	-2.35	-6.624	-2.041	-3.208	-3.309
19.37	-1.941	-3.416	-6.623	-2.972	-6.789	-6.685	-6.497	-6.116	-1.571	-3.844	-2.332	-6.568	-6.423	-6.893	-2.238	-5.833	-6.692	-3.887	-6.813	-6.594	-2.023	-5.121	-6.667	-6.723	-6.723	-2.471	-6.517	-1.99	-3.012	-3.329
19.38	-1.951	-3.675	-6.377	-3.125	-6.669	-3.383	-6.679	-6.08	-1.568	-3.368	-2.506	-6.084	-5.798	-6.807	-2.291	-2.652	-6.66	-3.824	-6.825	-6.589	-1.975	-5.041	-6.443	-6.546	-6.682	-2.528	-6.615	-1.759	-2.388	-3.297
19.39	-1.977	-3.586	-6.358	-3.377	-6.605	-2.997	-6.776	-5.752	-1.343	-3.55	-2.339	-6.219	-5.538	-6.93	-2.304	-2.662	-6.904	-3.825	-6.657	-6.432	-2.009	-5.215	-6.468	-6.751	-6.655	-2.688	-6.561	-1.733	-2.654	-3.273
19.4	-1.947	-3.665	-6.397	-3.692	-6.549	-2.169	-6.869	-5.859	-1.44	-6.546	-2.302	-6.271	-5.734	-6.938	-2.416	-2.658	-6.81	-3.601	-6.618	-6.587	-2.031	-5.083	-6.862	-6.777	-6.825	-2.748	-6.58	-1.764	-1.856	-2.404
19.41	-2.055	-3.563	-6.27	-4.647	-6.176	-6.617	-2.231	-3.712	-1.428	-2.23	-2.167	-6.274	-5.673	-2.445	-2.928	-6.696	-6.516	-3.954	-6.232	-6.664	-6.858	-3.425	-6.212	-6.705	-6.894	-3.59	-6.406	-1.747	-2.744	-3.783
19.42	-2.003	-2.934	-6.409	-4.575	-6.365	-5.169	-2.161	-3.923	-1.439	-2.299	-2.14	-6.066	-4.608	-2.474	-2.789	-6.727	-6.733	-3.509	-6.516	-6.127	-6.811	-3.309	-6.135	-6.576	-6.692	-3.078	-6.714	-1.768	-2.433	-3.573
19.43	-2.001	-3.793	-6.539	-4.817	-6.31	-3.826	-2.213	-3.73	-2.047	-2.257	-2.138	-6.26	-4.883	-2.295	-3.013	-6.781	-6.737	-3.141	-6.514	-6.416	-6.686	-3.232	-6.009	-6.655	-6.809	-3.599	-6.891	-1.871	-2.367	-3.614
19.44	-1.962	-3.884	-6.517	-5.183	-6.265	-2.742	-2.244	-3.714	-1.647	-2.22	-2.167	-6.019	-3.523	-2.354	-3.207	-6.774	-6.765	-3.462	-6.469	-6.399	-6.941	-3.663	-5.995	-6.579	-6.815	-3.779	-6.714	-1.973	-2.233	-3.532
19.45	-1.955	-3.81	-6.574	-5.383	-6.174	-3.708	-2.185	-3.821	-1.78	-2.249	-2.172	-6.244	-3.851	-2.298	-3.216	-6.772	-6.743	-3.47	-6.085	-6.408	-6.911	-2.984	-5.939	-6.609	-6.879	-3.738	-6.823	-1.985	-2.168	-3.6
19.46	-1.91	-3.392	-6.735	-5.688	-6.137	-6.622	-2.189	-4.136	-1.813	-2.195	-2.267	-6.212	-4.022	-2.297	-3.703	-6.607	-7.043	-3.442	-6.074	-6.431	-6.914	-3.001	-5.584	-6.59	-6.75	-3.927	-6.826	-2.007	-2.143	-3.527
19.47	-1.884	-3.938	-6.772	-5.946	-6.157	-1.992	-2.301	-4.116	-1.921	-2.187	-2.335	-6.042	-3.209	-2.303	-3.946	-6.706	-6.781	-3.254	-6.188	-6.436	-6.903	-2.831	-5.739	-6.493	-6.834	-4.257	-6.797	-2.045	-2.061	-3.607
19.48	-1.915	-4.047	-6.789	-6.201	-6.022	-2.002	-2.295	-4.253	-1.888	-2.179	-2.337	-6.001	-3.406	-2.297	-4.232	-6.629	-6.801	-3.43	-5.983	-3.798	-6.832	-2.909	-5.444	-6.432	-6.874	-4.387	-6.867	-2.064	-2	-3.818
19.49	-1.918	-4.128	-6.849	-6.344	-5.974	-2.048	-2.521	-4.781	-1.974	-2.176	-2.367	-5.979	-3.456	-2.372	-4.482	-6.685	-6.766	-3.332	-6.082	-3.721	-6.95	-2.924	-5.482	-5.937	-6.942	-4.584	-1.993	-2.313	-1.788	-3.825
19.5	-1.884	-4.037	-6.791	-6.628	-5.641	-2.077	-2.498	-4.47	-1.95	-5.931	-4.448	-6.225	-3.127	-2.611	-4.313	-6.478	-6.766	-3.351	-5.285	-3.695	-6.96	-2.694	-5.407	-6.281	-6.871	-4.501	-3.872	-2.315	-1.903	-3.809
19.51	-6.355	-4.67	-6.804	-7.096	-5.105	-6.488	-4.069	-4.619	-1.944	-3.743	-5.048	-6.354	-3.151	-2.435	-5.722	-6.686	-2.479	-3.623	-5.116	-5.057	-6.968	-5.961	-3.193	-3.503	-6.782	-5.138	-5.218	-2.482	-2.025	-4.528
19.52	-6.34	-4.301	-6.782	-7.04	-5.43	-6.011	-2.905	-5.028	-1.927	-4.062	-5.078	-6.216	-2.91	-2.762	-5.502	-6.704	-2.27	-3.187	-5.584	-5.251	-6.958	-5.917	-3.806	-2.829	-6.894	-5.192	-5.349	-2.841	-1.82	-3.909
19.53	-6.369	-4.361	-6.764	-6.261	-5.309	-6.205	-2.775	-4.958	-1.958	-3.861	-5.238	-6.264	-2.63	-2.711	-5.827	-6.669	-2.644	-3.227	-5.884	-5.084	-7.013	-6.004	-4.028	-3.065	-6.947	-5.395	-5.52	-2.975	-1.764	-4.08
19.54	-6.516	-4.37	-6.641	-6.246	-5.22	-2.018	-2.918	-5.009	-1.825	-4.051	-5.443	-6.014	-2.619	-2.874	-6.147	-6.677	-2.637	-3.302	-5.416	-5.302	-6.98	-5.833	-3.805	-3.144	-6.942	-5.44	-5.745	-3.201	-1.842	-4.099
19.55	-6.438	-4.383	-6.715	-6.195	-5.089	-4.161	-3.967	-5.158	-1.864	-4.007	-6.068	-6.073	-2.448	-3.016	-6.145	-6.181	-2.676	-3.326	-5.426	-5.282	-6.935	-6.225	-4.057	-3.463	-6.904	-5.476	-5.799	-3.712	-1.854	-4.231
19.56	-6.511	-5.429	-6.734	-6.764	-5.208	-6.643	-3.518	-5.41	-1.886	-4.289	-5.676	-6.252	-2.486	-3.423	-5.385	-6.715	-2.31	-3.213	-5.478	-5.206	-6.979	-6.267	-4.1	-3.478	-6.906	-5.596	-5.762	-3.66	-1.788	-4.325
19.57	-6.479	-5.311	-6.673	-6.756	-4.868	-2.159	-3.553	-5.482	-1.925	-4.839	-6.024	-6.649	-2.42	-3.971	-6.754	-6.691	-2.734	-3.294	-5.123	-5.19	-7.018	-6.495	-4.285	-3.5	-6.949	-5.73	-1.93	-3.794	-1.745	-4.089
19.58	-6.476	-5.302	-6.562	-6.621	-4.74	-2.037	-3.559	-5.67	-2.157	-4.468	-5.942	-6.342	-2.368	-4.361	-6.976	-6.659	-2.802	-3.182	-5.195	-5.35	-6.983	-6.451	-4.248	-3.879	-6.943	-5.763	-2.037	-3.936	-1.764	-4.325
19.59	-6.533	-5.305	-6.639	-6.51	-4.677	-2.073	-3.586	-5.924	-2.028	-4.913	-6.028	-6.184	-2.364	-4.003	-7.136	-6.694	-2.793	-3.229	-5.162	-5.72	-6.994	-6.486	-6.723	-3.928	-6.898	-5.943	-2.028	-4.245	-1.752	-3.835
19.6	-6.543	-5.243	-6.61	-6.427	-4.581	-2.004	-3.645	-5.688	-1.961	-5.031	-6.459	-6.18	-2.324	-4.116	-7.182	-6.773	-2.558	-3.306	-5.856	-5.481	-6.96	-6.399	-2.757	-4.106	-6.898	-6.041	-2.013	-4.532	-1.738	-4.299
19.61	-6.449	-4.783	-6.617	-6.253	-3.761	-6.204	-5.105	-5.445	-1.855	-5.049	-2.814	-6.052	-2.309	-4.5	-7.21	-2.697	-2.972	-3.757	-4.725	-3.143	-6.956	-6.287	-2.265	-3.959	-6.903	-6.414	-1.969	-4.735	-1.729	-4.786
19.62	-6.394	-5.25	-6.444	-5.928	-4.032	-6.309	-4.784	-5.843	-1.958	-5.75	-2.831	-6.38	-2.421	-3.807	-7.263	-2.637	-2.952	-3.459	-5.058	-3.01	-7.008	-6.069	-3.352	-4.257	-6.891	-6.187	-2.201	-5.083	-1.78	-5.016
19.63	-6.392	-5.243	-6.244	-5.721	-3.961	-6.288	-4.77	-5.975	-2.597	-5.746	-2.719	-6.381	-2.369	-3.633	-7.141	-2.593	-2.915	-3.512	-5.213	-3.458	-7.014	-5.799	-3.571	-4.341	-6.768	-6.405	-2.514	-5.383	-1.783	-4.339
19.64	-6.388	-5.331	-6.286	-5.665	-3.675	-6.661	-4.557	-6.212	-1.867	-5.725	-2.54	-6.521	-2.39	-3.67	-7.105	-2.73	-3.16	-3.266	-5.124	-2.849	-3.632	-6.146	-3.91	-4.6	-2.937	-6.039	-2.524	-5.512	-1.747	-4.151
19.65	-6.49	-5.362	-6.225	-5.445	-3.642	-6.072	-4.475	-6.456	-1.922	-6.103	-2.538	-6.466	-2.452	-3.648	-7.007	-2.677	-2.997	-3.532	-5.028	-2.939	-2.578	-6.127	-3.257	-4.549	-3.175	-6.496	-2.421	-5.512	-5.933	-4.358
19.66	-6.477	-5.163	-6.112	-5.326	-3.455	-6.256	-4.507	-6.154	-1.937	-6.348	-2.433	-6.629	-2.642	-3.436	-6.594	-2.53	-3.409	-3.683	-5.267	-2.76	-2.479	-6.094	-3.646	-4.867	-3.478	-6.543	-2.458	-6.331	-5.81	-4.241
19.67	-6.596	-5.274	-6.085	-5.113	-3.244	-6.053	-4.213	-6.191	-2.005	-6.318	-2.359	-6.663	-2.845	-3.477	-7.024	-2.496	-3.541	-3.653	-4.967	-2.828	-2.486	-5.994	-3.925	-2.607	-3.224	-6.56	-2.869	-6.067	-5.694	-4.011
19.68	-6.571	-5.192	-5.979	-4.787	-3.079	-5.947	-4.103	-6.268	-1.977	-6.456	-2.315	-6.765	-2.729	-3.241	-6.384	-2.495	-6.842	-3.652	-5.103	-2.563	-2.475	-5.802	-4.257	-2.45	-3.354	-6.653	-4.944	-6.351	-5.762	-4.152
19.69	-6.532	-5.151	-6.009	-4.519	-2.911	-6.181	-3.681	-6.755	-2.009	-6.666	-2.336	-6.897	-2.805	-3.137	-6.22	-2.487	-6.715	-3.106	-4.912	-2.685	-2.5	-5.992	-4.399	-2.51	-3.578	-6.708	-4.925	-6.49	-5.759	-3.937
19.7	-6.523	-5.064	-5.835	-4.234	-2.745	-6.281	-3.726	-6.331	-2.003	-2.156	-2.3	-6.683	-2.863	-2.905	-5.887	-2.489	-6.609	-3.739	-5.275	-2.444	-2.438	-5.935	-4.258	-2.288	-3.597	-6.675	-4.537	-6.639	-5.661	-3.847
19.71	-6.612	-2.955	-5.663	-3.39	-2.385	-5.571	-5.242	-6.247	-2.016	-1.964	-2.303	-6.597	-2.845	-2.974	-4.937	-2.258	-3.042	-4.177	-4.677	-2.268	-2.21	-6.111	-4.049	-2.471	-3.436	-6.739	-4.274	-6.808	-3.358	-5.284
19.72	-6.403	-3.546	-5.682	-3.541	-2.347	-5.54	-5.462	-6.479	-2.103	-2.198	-2.267	-6.884	-4.108	-2.408	-5.242	-2.311	-3.2	-3.777	-4.827	-2.799	-2.387	-5.697	-4.195	-2.35	-4.029	-6.797	-4.243	-6.919	-3.256	-5.244
19.73	-6.485	-3.184	-5.566	-3.408	-2.272	-5.574	-5.887	-6.469	-2.13	-2.333	-2.332	-6.951	-3.456	-2.64	-5.022	-2.391	-3.315	-3.805	-4.856	-2.396	-2.783	-5.668	-4.037	-2.205	-4.102	-6.705	-4.585	-6.933	-3.159	-5.124
19.74	-6.412	-3.723	-5.597	-3.008	-2.174	-6.752	-5.652	-6.603	-2.161	-2.696	-2.427	-6.973	-3.668	-2.613	-4.51	-2.271	-3.061	-3.647	-4.88	-2.337	-2.326	-5.711	-4.002	-2.29	-4.275	-6.82	-4.584	-6.943	-3.195	-5.397
19.75	-6.401	-3.726	-5.603	-2.794	-2.493	-5.535	-5.771	-6.593	-2.089	-2.722	-2.412	-6.934	-3.708	-2.578	-4.172	-2.354	-3.588	-3.589	-4.893	-2.279	-2.722	-5.721	-3.601	-2.253	-4.811	-6.807	-4.396	-6.943	-3.387	-5.575
19.76	-6.473	-3.684	-5.225	-2.96	-2.127	-2.244	-5.67	-6.651	-2.085	-2.693	-2.45	-6.947	-4.521	-2.562	-3.89	-2.443	-3.868	-4.085	-4.972	-2.257	-2.196	-5.809	-3.457	-2.189	-4.631	-6.86	-4.38	-2.812	-3.384	-5.599
19.77	-6.391	-3.776	-4.688	-2.581	-2.178	-2.041	-5.996	-6.691	-2.139	-2.92	-2.547	-7.046	-4.058	-2.484	-3.994	-2.291	-3.943	-4.1	-4.748	-2.245	-2.267	-5.519	-3.368	-6.765	-4.901	-6.851	-4.504	-2.685	-3.477	-5.21
19.78	-6.397	-3.021	-5.48	-2.415	-2.204	-1.997	-5.861	-6.664	-2.146	-2.941	-2.628	-6.918	-4.28	-2.569	-3.587	-2.488	-4.12	-4.155	-5	-2.253	-2.124	-5.854	-3.286	-6.779	-4.945	-6.826	-4.632	-2.86	-3.382	-5.143
19.79	-6.416	-3.811	-5.313	-2.333	-2.163	-2.021	-6.1	-6.641	-5.721	-3.1	-3.839	-4.088	-4.387	-2.134	-3.245	-2.359	-4.336	-4.142	-4.65	-2.247	-2.109	-5.855	-3.257	-6.818	-5.095	-6.844	-4.634	-2.375	-3.496	-5.085
19.8	-6.385	-3.762	-5.419	-2.293	-2.341	-6.017	-6.008	-6.755	-5.634	-3.349	-2.898	-3.922	-4.447	-2.543	-2.906	-3.648	-4.567	-4.103	-4.605	-2.295	-2.103	-5.911	-3.035	-6.723	-5.26	-6.895	-4.503	-2.665	-3.604	-5.215
19.81	-6.554	-4.431	-5.616	-2.248	-2.694	-6.098	-5.954	-6.707	-5.972	-3.953	-6.158	-4.247	-4.903	-2.741	-2.428	-4.24	-5.414	-4.662	-4.102	-2.025	-7.05	-6.202	-2.571	-6.764	-5.37	-6.788	-4.586	-1.985	-3.243	-4.539
19.82	-6.411	-4.427	-4.838	-2.132	-2.611	-6.227	-6.312	-6.797	-5.605	-4.47	-5.946	-3.773	-5.237	-2.568	-2.456	-3.331	-5.22	-4.401	-4.576	-2.294	-7.055	-5.964	-2.86	-6.575	-5.776	-6.791	-4.628	-1.946	-3.073	-5.214
19.83	-6.073	-2.501	-5.284	-2.143	-2.716	-4.304	-6.355	-6.766	-5.558	-4.236	-4.295	-3.793	-5.425	-7.084	-2.448	-2.403	-5.367	-4.437	-4.332	-2.253	-7.136	-5.612	-2.72	-6.657	-5.757	-6.837	-4.563	-1.944	-3.087	-4.792
19.84	-6.425	-2.553	-5.246	-2.111	-2.847	-3.929	-6.346	-6.788	-5.336	-4.085	-4.256	-3.63	-5.424	-6.753	-2.51	-3.26	-5.599	-4.58	-4.329	-2.401	-7.075	-6.229	-2.709	-6.599	-5.977	-6.857	-4.8	-1.974	-3.062	-4.861
19.85	-6.434	-2.673	-5.126	-2.123	-2.631	-3.555	-6.465	-6.748	-5.842	-3.938	-4.087	-3.75	-5.709	-7.062	-2.322	-3.283	-5.137	-4.509	-4.135	-1.979	-7.053	-6.23	-2.7	-6.561	-6.094	-6.799	-4.888	-1.851	-2.219	-4.859
19.86	-6.535	-2.557	-5.198	-2.163	-3.178	-3.42	-6.436	-6.731	-5.386	-3.552	-3.807	-3.273	-5.753	-6.963	-2.304	-3.356	-5.793	-4.588	-4.156	-1.999	-7.024	-6.267	-2.653	-6.483	-6.304	-6.731	-4.666	-2.446	-1.973	-5.124
19.87	-6.504	-2.813	-4.737	-2.182	-3.316	-3.469	-6.583	-6.759	-4.963	-3.372	-3.877	-6.903	-6.166	-7.006	-2.348	-3.005	-4.685	-4.692	-4.02	-1.903	-6.873	-6.389	-2.637	-6.558	-6.332	-6.72	-4.669	-1.855	-2.285	-4.987
19.88	-6.536	-2.797	-5.199	-2.211	-3.442	-3.417	-6.478	-6.719	-5.553	-3.561	-3.659	-6.868	-6.47	-6.619	-2.348	-3.575	-6.229	-4.825	-3.885	-2.18	-6.911	-6.47	-2.516	-6.595	-6.394	-6.762	-5.356	-1.92	-3.058	-4.743
19.89	-6.495	-2.95	-5.32	-2.215	-3.639	-3.31	-6.496	-6.705	-5.169	-3.661	-3.456	-6.727	-6.647	-6.947	-2.376	-3.731	-6.408	-4.936	-3.882	-1.926	-6.8	-6.444	-2.482	-6.61	-6.558	-6.751	-4.917	-2.024	-3.033	-4.726
19.9	-6.587	-2.943	-5.285	-2.246	-3.781	-2.942	-6.367	-6.679	-4.945	-3.511	-3.558	-6.986	-6.54	-6.898	-2.584	-3.835	-6.524	-5.031	-3.835	-2.011	-6.736	-5.71	-3.911	-6.434	-6.363	-6.599	-5.86	-2.023	-2.295	-4.711
19.91	-6.7	-3.291	-5.787	-2.415	-4.555	-2.99	-1.848	-6.591	-3.491	-6.169	-5.997	-6.856	-6.644	-2.536	-3.08	-4.407	-6.891	-4.267	-3.148	-2.033	-6.372	-6.765	-2.146	-6.597	-6.6	-6.236	-4.427	-6.462	-2.63	-4.093
19.92	-6.652	-2.955	-5.6	-2.428	-4.291	-3.724	-1.835	-6.573	-3.727	-6.082	-6.371	-6.955	-6.925	-2.525	-2.986	-4.054	-6.785	-4.185	-3.635	-2.059	-6.575	-6.693	-2.35	-6.416	-6.795	-6.444	-4.666	-2.99	-2.285	-4.724
19.93	-6.669	-2.572	-5.629	-2.502	-4.304	-3.06	-1.936	-6.198	-3.792	-6.111	-6.13	-6.838	-7	-2.549	-3.148	-4.019	-3.963	-4.115	-3.603	-2.06	-6.454	-6.712	-2.824	-6.371	-6.76	-6.393	-4.788	-4.223	-2.389	-4.549
19.94	-6.714	-6.692	-5.674	-2.567	-4.457	-3.109	-1.949	-6.427	-3.455	-6.21	-6.746	-6.843	-7.13	-2.608	-3.04	-4.352	-3.954	-4.086	-3.263	-2.085	-6.223	-6.745	-2.308	-6.364	-6.891	-6.216	-4.766	-6.699	-2.337	-4.511
19.95	-6.685	-6.579	-5.659	-2.659	-4.796	-3.152	-1.982	-6.559	-2.735	-6.371	-6.366	-6.766	-7.215	-2.784	-3.495	-4.456	-3.691	-4.478	-3.184	-2.085	-5.995	-6.771	-2.285	-6.394	-6.861	-6.283	-4.866	-6.885	-2.27	-4.306
19.96	-6.708	-3.095	-5.608	-2.692	-4.91	-3.008	-2.021	-6.075	-3.056	-6.451	-6.395	-6.661	-2.656	-2.632	-3.233	-4.535	-3.542	-3.808	-3.16	-2.12	-5.832	-6.777	-2.36	-6.322	-6.955	-6.051	-5.097	-2.339	-2.21	-4.319
19.97	-6.72	-4.157	-5.87	-2.813	-5.118	-3.121	-2.003	-6.041	-3.412	-6.469	-6.875	-4.173	-2.826	-2.642	-3.876	-4.652	-3.521	-3.753	-3.193	-6.89	-5.937	-6.792	-2.278	-6.428	-6.933	-6.077	-4.807	-5.028	-2.116	-4.523
19.98	-6.746	-4.202	-5.941	-2.939	-5.263	-2.849	-1.988	-6.285	-3.509	-6.7	-6.825	-6.787	-3.632	-2.724	-3.955	-4.698	-3.466	-3.699	-3.268	-3.135	-2.199	-6.779	-2.287	-6.462	-6.899	-5.786	-4.831	-4.437	-2.132	-4.536
19.99	-6.747	-3.369	-5.972	-3.024	-5.466	-3.072	-2.028	-6.059	-3.582	-6.589	-6.57	-6.914	-4.563	-2.711	-4.058	-4.817	-3.218	-3.589	-3.019	-2.91	-2.314	-6.784	-2.214	-6.346	-6.924	-5.678	-4.789	-4.629	-2.133	-4.259
20	-6.743	-2.773	-5.898	-3.168	-5.531	-3.387	-2.46	-5.834	-3.503	-6.77	-6.64	-6.864	-5.094	-3.272	-4.255	-4.93	-3.12	-3.576	-2.955	-3.026	-2.385	-6.755	-2.282	-6.479	-2.455	-5.762	-4.806	-4.786	-2.102	-4.218
20.01	-2.058	-5.895	-6.534	-3.938	-6.18	-4.319	-2.056	-5.854	-5.646	-6.58	-6.612	-6.901	-5.172	-2.675	-5.076	-5.034	-6.483	-3.036	-2.627	-2.435	-3.019	-6.519	-6.64	-2.422	-2.467	-5.017	-4.574	-4.501	-1.805	-3.861
20.02	-2.066	-5.978	-5.916	-3.683	-6.047	-3.808	-2.387	-5.595	-5.465	-6.77	-6.813	-6.893	-5.129	-2.906	-4.936	-5.193	-6.311	-3.547	-2.818	-2.799	-2.935	-6.642	-6.678	-5.542	-2.708	-5.218	-4.73	-4.725	-1.913	-4.211
20.03	-2.07	-5.904	-6.025	-3.855	-5.778	-5.517	-2.379	-5.911	-5.41	-6.825	-6.962	-6.966	-6.089	-3.27	-5.208	-5.26	-6.702	-3.218	-2.931	-2.562	-3.162	-6.635	-6.781	-5.012	-2.759	-5.012	-6.047	-4.597	-1.68	-4.392
20.04	-2.088	-6.243	-6.491	-3.54	-6.293	-4.025	-2.646	-5.711	-5.502	-6.87	-6.94	-6.949	-5.612	-3.032	-5.451	-5.237	-6.759	-3.134	-3.015	-2.502	-3.253	-6.475	-6.583	-5.483	-2.927	-4.899	-4.792	-4.377	-1.784	-4.645
20.05	-2.085	-5.979	-6.224	-4.319	-6.397	-3.964	-2.534	-5.514	-5.817	-2.381	-7.108	-6.92	-5.723	-3.131	-5.358	-5.422	-6.82	-3.042	-3.255	-2.322	-3.388	-6.448	-2.192	-5.511	-3.488	-4.72	-4.784	-4.515	-1.765	-4.224
20.06	-2.053	-5.909	-6.573	-4.576	-6.503	-3.591	-2.647	-4.941	-6.045	-5.393	-6.839	-6.765	-6.048	-3.214	-5.623	-5.673	-6.822	-3.117	-2.73	-2.256	-3.507	-6.36	-5.963	-5.691	-3.071	-4.957	-4.89	-4.285	-1.724	-4.175
20.07	-2.132	-5.998	-6.605	-4.774	-6.528	-3.681	-2.852	-5.057	-5.619	-5.226	-6.97	-6.9	-6.059	-4.524	-5.687	-5.804	-6.757	-2.911	-2.766	-2.232	-3.727	-6.29	-6.009	-5.691	-3.146	-4.438	-4.85	-4.35	-1.922	-4.41
20.08	-2.088	-6.047	-6.609	-4.776	-6.63	-3.731	-2.875	-5.056	-5.583	-5.108	-7.069	-6.957	-6.606	-4.075	-6.105	-5.898	-6.816	-2.873	-2.703	-2.288	-4.099	-6.239	-6.163	-5.685	-3.145	-4.371	-4.834	-4.281	-1.904	-4.29
20.09	-2.1	-6.012	-2.859	-5.187	-6.71	-4.027	-3.098	-4.901	-6.303	-4.933	-7.093	-6.917	-6.455	-4.113	-6.389	-5.871	-7.068	-2.766	-2.751	-2.033	-4.321	-6.134	-6.015	-5.86	-3.182	-4.12	-4.773	-4.233	-1.866	-4.528
20.1	-2.191	-6.027	-6.767	-5.405	-6.783	-4.307	-3.609	-4.823	-6.329	-4.534	-7.112	-6.901	-6.452	-4.436	-6.409	-5.918	-6.812	-2.685	-2.745	-2.064	-4.481	-6.007	-6.216	-5.747	-3.221	-4.051	-4.714	-4.132	-1.869	-4.247
20.11	-6.669	-5.793	-7.021	-6.159	-6.9	-5.201	-3.351	-4.835	-6.563	-4.594	-7.079	-6.897	-6.577	-5.806	-6.845	-6.598	-7.261	-2.362	-2.571	-6.841	-5.182	-5.478	-6.517	-6.207	-2.997	-3.403	-4.184	-4.606	-1.719	-4.386
20.12	-6.678	-6.028	-6.839	-6.064	-6.896	-5.16	-3.824	-4.031	-5.791	-5.077	-7.113	-6.898	-6.97	-5.763	-6.773	-6.537	-7.161	-2.426	-2.576	-6.86	-4.874	-5.69	-6.484	-5.934	-3.667	-4.078	-4.806	-4.093	-1.525	-4.418
20.13	-6.64	-6.068	-6.885	-5.667	-6.865	-2.938	-3.979	-3.923	-6.007	-5.077	-7.059	-6.913	-6.905	-5.911	-6.98	-6.643	-7.183	-2.457	-2.672	-6.786	-4.938	-5.627	-3.676	-5.948	-4.08	-3.608	-4.503	-4.114	-1.561	-4.473
20.14	-6.664	-5.98	-6.849	-6.355	-6.919	-6.869	-4.001	-3.998	-6.542	-5.426	-7.086	-6.854	-7.145	-6.11	-7.074	-6.721	-7.215	-2.326	-2.834	-6.86	-5.492	-5.562	-3.811	-5.572	-3.559	-3.452	-4.553	-3.996	-1.678	-4.765
20.15	-6.633	-5.988	-6.713	-6.516	-6.891	-6.871	-4.477	-3.848	-2.088	-5.388	-7.089	-6.741	-7.108	-6.299	-7.123	-6.291	-7.239	-2.321	-2.643	-6.783	-2.654	-5.413	-3.58	-6.176	-3.643	-3.434	-4.372	-3.978	-1.71	-4.845
20.16	-6.681	-5.865	-6.976	-6.62	-6.888	-6.78	-4.289	-3.312	-2.184	-5.552	-6.864	-6.877	-7.169	-6.41	-7.106	-6.867	-7.209	-2.344	-2.63	-6.829	-2.084	-5.198	-3.442	-6.198	-3.653	-3.333	-4.472	-4.066	-1.589	-4.617
20.17	-6.665	-5.919	-7.12	-6.71	-6.827	-6.826	-4.572	-3.125	-2.16	-5.992	-6.692	-6.882	-7.189	-6.516	-7.143	-6.959	-7.16	-6.352	-2.52	-6.845	-5.58	-5.11	-3.72	-6.337	-3.759	-3.373	-4.345	-4.169	-1.548	-4.834
20.18	-6.62	-5.831	-6.647	-6.808	-6.835	-6.767	-5.302	-3.075	-2.167	-6.303	-6.596	-6.901	-7.249	-6.623	-7.18	-7.047	-7.167	-6.173	-2.527	-6.807	-4.473	-4.911	-3.278	-6.252	-3.708	-3.23	-4.252	-4.067	-1.549	-4.791
20.19	-6.783	-5.842	-5.048	-3.138	-6.792	-6.805	-5.325	-2.773	-2.166	-5.997	-6.784	-6.802	-7.246	-6.75	-7.209	-7.009	-7.078	-6.559	-2.51	-6.801	-4.684	-4.89	-3.338	-6.241	-3.684	-3.196	-4.022	-4.023	-1.551	-4.939
20.2	-6.562	-5.731	-5.014	-6.086	-6.733	-6.806	-5.469	-2.019	-2.106	-5.987	-6.694	-6.718	-7.217	-7.028	-7.134	-6.805	-2.355	-6.711	-2.519	-6.772	-4.563	-4.554	-3.205	-6.337	-3.645	-3.032	-3.908	-3.855	-1.553	-5.22
20.21	-2.359	-5.451	-4.616	-6.657	-6.41	-2.291	-5.322	-2.506	-7.059	-2.467	-2.702	-6.943	-2.592	-6.915	-6.788	-7.181	-2.27	-7.018	-2.451	-6.63	-5.114	-4.048	-2.709	-6.601	-3.958	-2.7	-3.271	-4.324	-1.493	-4.707
20.22	-2.364	-5.615	-4.83	-6.478	-6.567	-2.243	-5.412	-2.348	-7.061	-2.584	-2.955	-6.356	-2.484	-2.615	-6.91	-7.21	-2.285	-7.001	-2.43	-6.822	-5.071	-4.277	-2.886	-6.474	-3.342	-2.94	-3.54	-4.134	-1.633	-5.294
20.23	-2.393	-5.574	-4.869	-6.481	-6.755	-2.313	-5.561	-2.354	-7.051	-2.174	-2.848	-6.774	-2.715	-2.777	-6.713	-7.208	-2.237	-7.037	-2.408	-6.889	-5.418	-4.229	-2.92	-6.516	-3.362	-3.805	-4.085	-4.224	-1.565	-5.191
20.24	-2.406	-6.002	-4.731	-6.736	-6.442	-2.348	-5.639	-2.009	-7.034	-2.44	-2.649	-6.775	-2.716	-2.817	-6.564	-7.21	-2.255	-7.047	-2.406	-6.951	-5.572	-4.297	-2.855	-6.591	-3.239	-2.96	-4.078	-4.221	-1.587	-5.428
20.25	-2.41	-5.476	-4.654	-6.806	-6.35	-2.269	-5.856	-1.976	-7.015	-2.304	-3.073	-6.218	-2.835	-2.898	-6.402	-7.194	-2.293	-7.099	-2.483	-6.874	-4.909	-4.189	-3.016	-6.641	-3.249	-2.781	-4.295	-4.211	-1.534	-5.7
20.26	-2.427	-5.535	-5.398	-6.689	-6.522	-2.317	-5.864	-2.014	-7.012	-2.326	-3.182	-6.659	-3.19	-2.901	-6.212	-7.09	-2.319	-7.112	-2.432	-6.85	-5.742	-4.113	-2.881	-6.689	-3.239	-2.81	-4.392	-3.986	-1.526	-5.974
20.27	-2.415	-5.699	-4.563	-6.73	-6.226	-2.251	-5.973	-2.012	-6.721	-2.209	-4.146	-6.438	-3.145	-3.054	-6.208	-7.016	-2.315	-7.128	-2.437	-6.778	-5.891	-4.211	-2.667	-6.701	-2.991	-2.895	-4.422	-4.363	-1.531	-6.202
20.28	-2.39	-5.457	-4.575	-6.918	-6.146	-2.296	-6.02	-1.947	-6.741	-2.132	-3.745	-6.311	-3.473	-3.238	-6.05	-7.091	-2.362	-7.163	-2.459	-6.878	-6.04	-3.638	-2.718	-6.618	-3.295	-3.022	-4.704	-4.411	-1.657	-5.76
20.29	-2.407	-5.456	-4.435	-6.864	-6.058	-2.196	-6.029	-2.038	-6.724	-2.156	-3.8	-5.799	-3.476	-3.513	-5.544	-6.908	-2.373	-7.139	-2.49	-6.857	-6.148	-3.478	-2.607	-6.759	-3.29	-3.326	-4.706	-4.324	-1.628	-5.781
20.3	-2.419	-5.487	-4.361	-6.804	-6.04	-2.279	-6.363	-2.146	-6.69	-2.05	-3.837	-4.01	-3.854	-3.485	-5.777	-6.895	-2.461	-7.188	-2.484	-6.777	-6.169	-3.362	-2.609	-6.805	-2.084	-2.698	-4.928	-4.477	-1.765	-5.99
20.31	-2.555	-5.099	-3.969	-6.396	-5.846	-2.382	-6.386	-2.142	-6.661	-2.169	-4.56	-4.722	-5.311	-2.414	-4.618	-6.559	-2.87	-7.211	-2.643	-6.39	-6.746	-5.266	-2.203	-6.771	-3.356	-2.435	-4.008	-3.216	-1.603	-5.871
20.32	-2.387	-5.945	-4.153	-6.541	-5.733	-2.281	-4.887	-2.136	-6.284	-2.114	-4.93	-4.614	-4.563	-2.418	-4.482	-6.816	-2.74	-7.244	-2.479	-6.59	-6.65	-5.117	-2.414	-6.842	-4.243	-2.689	-3.931	-3.134	-1.632	-6.094
20.33	-2.359	-5.548	-4.119	-6.334	-5.692	-2.188	-6.393	-2.181	-5.616	-2.063	-4.542	-4.418	-5.229	-2.425	-4.374	-6.62	-2.897	-7.242	-2.565	-6.57	-6.622	-5.054	-2.379	-6.799	-4.266	-2.752	-4.91	-3.193	-1.636	-6.344
20.34	-2.359	-5.57	-3.966	-6.208	-5.571	-2.154	-6.482	-2.211	-6.224	-2.336	-4.538	-4.466	-4.818	-6.769	-4.036	-6.573	-2.921	-7.141	-2.553	-6.599	-6.773	-4.895	-2.318	-6.83	-6.005	-2.777	-3.868	-3.11	-1.595	-6.278
20.35	-2.137	-5.658	-3.875	-6.106	-5.525	-2.133	-6.459	-2.138	-4.498	-2.17	-4.39	-3.851	-4.977	-5.466	-3.899	-6.572	-2.937	-7.262	-2.657	-6.666	-6.793	-5.435	-2.238	-6.83	-5.904	-2.655	-3.686	-3.318	-1.46	-6.396
20.36	-2.341	-5.596	-3.82	-6.031	-5.479	-2.175	-6.624	-2.18	-4.529	-2.508	-4.136	-4.309	-3.984	-2.674	-3.551	-6.331	-3.113	-7.218	-2.625	-6.539	-6.804	-4.882	-2.243	-6.798	-5.97	-2.923	-3.75	-3.223	-5.884	-6.497
20.37	-2.307	-5.757	-4.454	-5.769	-5.352	-2.135	-6.706	-2.149	-5.153	-2.288	-4.011	-3.992	-4.336	-2.377	-3.41	-6.3	-2.924	-7.22	-2.469	-6.439	-6.873	-4.694	-2.185	-6.827	-6.037	-2.688	-3.759	-3.436	-5.813	-6.71
20.38	-2.278	-5.6	-3.627	-5.623	-5.208	-2.152	-6.756	-2.39	-4.897	-2.466	-3.531	-3.345	-4.272	-2.586	-3.294	-6.382	-3.426	-7.211	-2.68	-6.463	-6.856	-4.833	-2.229	-6.782	-6.074	-2.91	-3.735	-3.502	-6.062	-6.572
20.39	-2.178	-5.569	-3.543	-5.398	-5.188	-2.216	-6.709	-2.392	-5.08	-3.5	-3.559	-3.752	-4.196	-2.541	-3.157	-5.942	-3.473	-7.137	-2.664	-6.482	-6.902	-4.564	-2.134	-6.805	-6.107	-2.873	-3.496	-3.947	-6.141	-6.551
20.4	-2.249	-6.036	-3.433	-5.268	-5.108	-2.195	-6.698	-2.628	-5.156	-2.937	-3.383	-3.446	-4.053	-2.521	-2.833	-5.839	-3.684	-7.202	-2.823	-6.337	-6.827	-5.435	-2.775	-6.796	-6.076	-2.933	-3.536	-3.47	-6.094	-7.079
20.41	-2.389	-5.482	-2.943	-4.375	-4.648	-2.197	-2.027	-2.636	-4.834	-2.831	-6.132	-3.215	-3.355	-2.561	-2.446	-5.156	-4.345	-6.968	-3.159	-5.847	-6.754	-3.556	-2.116	-6.576	-2.073	-2.51	-5.543	-5.124	-6.459	-6.489
20.42	-2.232	-5.791	-3.425	-4.645	-4.731	-2.164	-2.05	-2.749	-5.596	-2.928	-6.534	-3.249	-3.06	-2.412	-2.518	-5.486	-4.189	-7.091	-2.97	-6.252	-6.597	-3.991	-2.132	-6.678	-2.097	-2.855	-5.422	-5.181	-6.365	-6.815
20.43	-2.161	-6.378	-3.113	-4.402	-4.659	-2.207	-2.143	-2.829	-5.744	-2.979	-6.387	-3.081	-2.999	-2.364	-2.431	-5.645	-4.388	-7.052	-3.023	-6.136	-6.733	-3.793	-2.117	-6.698	-2.043	-2.977	-5.796	-5.543	-6.252	-6.767
20.44	-2.224	-6.983	-2.975	-4.168	-4.597	-2.212	-2.008	-5.75	-6.009	-3.62	-6.485	-3.06	-2.92	-2.482	-2.441	-5.189	-4.244	-7.07	-3.056	-5.961	-6.772	-3.69	-2.129	-6.645	-2.067	-2.942	-5.52	-5.495	-6.224	-6.891
20.45	-2.206	-7.057	-2.926	-3.955	-4.511	-2.259	-2.297	-3.108	-5.982	-3.827	-6.566	-3.089	-2.568	-2.376	-2.418	-5.011	-4.783	-7.037	-3.123	-5.893	-6.632	-3.606	-2.23	-6.581	-2.085	-3.188	-5.548	-4.892	-6.234	-6.749
20.46	-2.226	-6.809	-2.865	-3.757	-4.364	-2.276	-2.059	-3.48	-6.034	-3.671	-6.502	-2.525	-2.426	-2.379	-2.421	-4.922	-4.765	-7.079	-3.253	-6.028	-6.594	-3.522	-2.134	-6.553	-2.066	-2.898	-2.742	-4.84	-6.238	-2.222
20.47	-2.204	-6.717	-2.754	-3.613	-4.214	-2.198	-2.099	-3.43	-6.339	-3.754	-6.682	-2.821	-2.618	-2.369	-2.457	-4.92	-4.983	-7.223	-3.566	-5.857	-6.53	-4.177	-2.124	-6.352	-2.061	-2.971	-2.488	-4.835	-6.277	-6.373
20.48	-2.178	-6.742	-2.727	-3.401	-4.063	-2.39	-2.109	-4.005	-6.458	-4.065	-6.896	-2.256	-2.656	-2.408	-2.541	-4.898	-5.378	-7.02	-3.253	-5.547	-6.515	-3.251	-2.094	-6.465	-2.042	-3.036	-2.242	-4.774	-6.278	-6.383
20.49	-2.173	-6.974	-2.69	-3.171	-3.996	-2.41	-2.117	-3.577	-6.522	-4.44	-6.86	-2.63	-2.566	-2.48	-2.513	-4.517	-5.5	-6.964	-3.457	-6.036	-6.191	-3.134	-2.044	-6.446	-2.048	-2.918	-6.988	-5.338	-6.4	-6.007
20.5	-2.195	-6.92	-2.625	-2.661	-4.414	-2.455	-2.339	-3.803	-6.677	-4.827	-7.013	-2.775	-2.422	-2.36	-2.629	-4.387	-5.685	-7.008	-3.496	-5.374	-6.145	-2.975	-2.058	-6.453	-2.066	-3.074	-7.012	-4.673	-3.282	-5.889
20.51	-6.833	-7.031	-2.576	-2.417	-3.278	-2.374	-6.611	-3.723	-6.362	-4.309	-2.262	-2.939	-2.37	-2.375	-3.086	-3.738	-3.58	-6.702	-4.076	-3.177	-5.644	-2.527	-2.096	-6.138	-2.106	-3.163	-3.383	-4.09	-4.831	-4.656
20.52	-6.874	-6.933	-2.566	-2.53	-3.519	-2.495	-3.225	-4.531	-6.519	-4.819	-2.269	-2.519	-2.357	-2.421	-2.969	-4.092	-3.503	-6.94	-3.808	-3.738	-5.827	-2.694	-2.117	-6.316	-2.037	-2.982	-3.596	-4.67	-5.398	-4.469
20.53	-6.863	-6.376	-2.579	-2.492	-3.466	-6.14	-3.959	-4.934	-6.501	-4.882	-2.304	-2.57	-2.348	-2.439	-3.086	-4.1	-3.314	-6.932	-3.79	-3.767	-5.965	-3.527	-2.086	-6.442	-2.3	-2.933	-5.016	-4.65	-3.668	-4.115
20.54	-6.848	-6.325	-2.566	-2.409	-3.569	-5.812	-3.311	-4.608	-6.555	-4.958	-2.311	-2.504	-2.364	-2.949	-3.265	-4.102	-3.064	-6.915	-3.995	-4.062	-5.734	-2.305	-2.099	-6.189	-2.066	-2.834	-4.938	-4.572	-5.118	-4.136
20.55	-6.875	-6.261	-2.573	-2.269	-3.282	-5.768	-3.845	-4.437	-6.637	-5.057	-2.695	-2.557	-2.322	-2.396	-3.343	-3.731	-2.983	-6.954	-4.182	-4.025	-5.649	-2.242	-2.188	-6.621	-2.075	-2.913	-5.643	-4.596	-5.274	-4.251
20.56	-6.895	-6.138	-2.615	-2.248	-3.322	-5.606	-3.696	-4.624	-6.752	-5.526	-2.537	-2.577	-2.333	-2.411	-3.737	-3.594	-2.807	-6.808	-4.299	-4.158	-5.375	-2.235	-2.055	-6.275	-2.129	-3.009	-2.234	-4.628	-5.072	-3.569
20.57	-6.854	-6.007	-2.677	-2.15	-3.161	-5.78	-3.737	-5.317	-6.725	-5.576	-3.505	-2.547	-2.339	-2.413	-3.944	-3.511	-2.747	-6.837	-3.894	-3.644	-5.361	-2.136	-2.201	-6.144	-2.082	-2.833	-5.621	-4.648	-5.276	-4.142
20.58	-6.83	-5.701	-2.702	-2.12	-4.024	-5.477	-3.933	-4.774	-6.98	-5.392	-2.746	-2.538	-2.482	-2.53	-3.804	-3.443	-2.613	-6.77	-4.365	-4.246	-5.247	-2.039	-2.104	-6.118	-2.1	-2.797	-6.941	-4.729	-5.418	-4.033
20.59	-6.876	-5.496	-2.717	-3.057	-2.855	-5.742	-3.853	-5.092	-6.75	-6.191	-2.95	-2.41	-2.96	-2.541	-4.479	-3.535	-2.568	-6.825	-6.436	-4.662	-5.203	-2.014	-2.117	-6.081	-2.08	-2.717	-6.327	-4.675	-5.492	-3.971
20.6	-6.836	-5.323	-2.758	-2.233	-2.766	-5.38	-4.209	-5.064	-6.982	-5.641	-3.318	-2.438	-2.579	-2.479	-4.532	-3.305	-2.501	-6.865	-6.439	-4.706	-5.55	-2.015	-2.112	-6.096	-2.064	-2.706	-6.842	-4.973	-5.32	-3.019
20.61	-2.113	-5.235	-3.065	-2.403	-2.338	-5.923	-4.564	-4.959	-6.937	-5.504	-3.579	-2.729	-2.623	-2.457	-4.958	-2.861	-2.394	-6.585	-3.326	-3.942	-4.909	-1.909	-2.107	-5.561	-2.122	-2.423	-6.481	-4.586	-5.669	-5.917
20.62	-2.13	-4.783	-2.996	-2.338	-2.455	-5.543	-5.725	-5.623	-6.969	-6.401	-4.232	-2.389	-2.864	-2.505	-5.436	-3.148	-2.372	-7.022	-3.556	-4.228	-5.042	-1.904	-2.069	-5.939	-2.079	-2.568	-7.048	-4.73	-5.24	-5.872
20.63	-2.154	-4.263	-3.028	-2.401	-2.535	-5.558	-5.762	-5.533	-6.833	-6.178	-4.944	-2.492	-3.216	-2.507	-5.41	-2.995	-2.399	-6.759	-3.691	-3.846	-4.841	-1.914	-2.089	-5.802	-2.102	-2.695	-7.042	-4.607	-5.355	-6.256
20.64	-2.153	-4.057	-3.078	-2.396	-2.494	-5.513	-5.762	-5.702	-6.954	-6.338	-4.441	-2.488	-5.068	-2.531	-5.883	-3.309	-2.468	-6.805	-6.974	-3.754	-4.905	-1.967	-2.116	-5.729	-2.047	-2.677	-7.029	-4.576	-5.365	-5.887
20.65	-2.169	-4.151	-2.637	-2.318	-2.308	-5.628	-6.318	-5.721	-6.772	-6.412	-4.652	-2.361	-3.245	-2.546	-6.009	-3.022	-2.503	-6.8	-6.879	-3.724	-4.742	-1.933	-2.16	-5.717	-2.143	-2.492	-6.925	-4.651	-5.275	-5.816
20.66	-6.499	-4.117	-3.536	-2.605	-2.274	-5.557	-6.181	-5.551	-6.71	-6.293	-5.939	-2.431	-4.575	-2.509	-6.143	-3.079	-2.582	-6.926	-6.841	-3.587	-4.862	-1.983	-2.097	-6.041	-2.07	-2.533	-6.952	-4.699	-5.306	-6.218
20.67	-6.48	-4.011	-2.943	-2.869	-2.274	-5.423	-5.986	-6.337	-6.708	-6.445	-5.131	-2.335	-6.686	-2.509	-6.477	-2.868	-2.646	-6.912	-6.771	-4.365	-4.705	-1.991	-2.138	-5.659	-2.083	-2.592	-6.999	-4.585	-5.114	-5.628
20.68	-6.528	-3.862	-3.442	-2.967	-2.197	-5.624	-6.072	-5.921	-6.835	-6.504	-5.439	-2.597	-6.732	-2.566	-6.639	-2.736	-2.727	-6.908	-6.83	-3.555	-4.617	-2.003	-2.177	-5.673	-2.113	-2.371	-6.889	-4.65	-4.769	-2.736
20.69	-2.23	-3.671	-3.468	-3.125	-2.193	-5.539	-6.159	-5.909	-6.617	-6.451	-5.481	-2.386	-6.842	-2.498	-6.87	-2.724	-2.803	-7.255	-6.612	-3.208	-2.155	-2.036	-2.126	-5.481	-2.115	-2.338	-6.865	-4.758	-5.238	-2.606
20.7	-6.545	-3.517	-3.24	-3.292	-2.199	-5.629	-6.179	-5.996	-6.763	-6.615	-5.82	-2.372	-7.046	-2.58	-7.005	-2.838	-2.908	-6.944	-6.751	-3.179	-2.474	-2.104	-3.661	-5.395	-2.12	-2.437	-6.834	-4.642	-5.218	-2.939
20.71	-3.475	-3.482	-6.739	-3.97	-2.088	-3.512	-2.55	-5.737	-6.827	-6.441	-2.918	-2.461	-7.117	-2.241	-7.192	-2.413	-6.46	-6.576	-3.233	-2.731	-3.125	-2.327	-6.927	-4.983	-2.148	-2.204	-2.131	-4.129	-5.731	-6.648
20.72	-3.615	-3.142	-6.834	-3.692	-2.152	-3.684	-2.295	-6.017	-6.563	-6.665	-2.679	-2.096	-7.131	-2.202	-7.182	-2.598	-6.319	-6.886	-3.104	-2.992	-2.781	-2.168	-6.901	-5.167	-2.158	-2.337	-6.692	-5.513	-5.324	-6.226
20.73	-3.752	-3.09	-6.827	-4.04	-2.117	-3.782	-6.784	-6.232	-6.588	-7.097	-2.605	-2.128	-7.017	-2.31	-7.3	-2.599	-6.02	-6.885	-3.282	-3.065	-2.785	-2.242	-6.929	-5.19	-2.169	-2.249	-2.196	-4.653	-4.981	-6.256
20.74	-6.879	-2.7	-6.73	-4.266	-2.178	-3.785	-6.839	-6.214	-6.438	-6.775	-2.471	-2.039	-7.014	-2.326	-7.258	-2.573	-6.023	-6.865	-3.293	-2.993	-2.91	-2.292	-6.948	-5.089	-2.133	-2.265	-2.293	-4.495	-5.154	-4.775
20.75	-2.307	-2.834	-2.598	-4.444	-2.243	-3.732	-6.818	-6.372	-6.235	-6.799	-2.308	-2.093	-6.663	-2.371	-7.27	-2.671	-2.613	-6.88	-3.533	-2.838	-2.841	-2.115	-6.908	-5.012	-2.135	-2.799	-2.555	-4.611	-5.069	-4.655
20.76	-2.511	-2.835	-2.623	-4.59	-2.129	-3.753	-6.558	-6.359	-6.403	-6.886	-6.66	-2.171	-6.693	-2.378	-7.223	-2.721	-2.995	-6.846	-3.457	-2.656	-2.955	-2.26	-6.871	-4.901	-2.146	-2.262	-2.269	-4.426	-5.039	-4.664
20.77	-2.627	-2.789	-2.639	-4.917	-2.156	-3.784	-6.739	-6.358	-6.07	-6.947	-6.755	-2.211	-6.426	-2.393	-7.199	-2.546	-3.254	-6.919	-3.408	-2.601	-2.742	-2.345	-6.93	-4.806	-2.193	-2.295	-2.274	-4.992	-4.966	-4.663
20.78	-2.551	-2.678	-2.645	-4.953	-2.148	-3.884	-6.761	-6.43	-6.011	-7.073	-6.724	-2.379	-6.221	-2.299	-7.125	-2.532	-3.331	-6.866	-3.792	-2.446	-3.318	-2.334	-6.927	-4.553	-2.11	-2.34	-2.38	-4.475	-4.687	-4.366
20.79	-2.512	-2.112	-2.681	-5.309	-2.118	-3.657	-6.697	-6.681	-5.892	-7.142	-6.643	-2.186	-6.149	-2.276	-6.909	-2.477	-3.589	-6.855	-3.528	-2.518	-3.419	-2.337	-6.957	-5.071	-2.222	-2.385	-2.304	-4.353	-4.716	-3.774
20.8	-2.519	-2.579	-2.707	-5.222	-2.131	-3.912	-6.654	-6.766	-5.428	-6.988	-6.596	-6.185	-5.749	-2.343	-6.848	-2.87	-3.612	-7.038	-3.905	-2.577	-2.533	-2.363	-6.948	-4.29	-2.284	-2.213	-2.459	-4.489	-4.63	-4.723
20.81	-6.464	-2.583	-2.95	-4.451	-2.245	-4.19	-6.544	-6.681	-5.96	-6.862	-6.399	-4.837	-5.5	-2.419	-6.319	-2.433	-5.705	-6.606	-4.303	-2.176	-3.593	-6.61	-6.948	-3.553	-2.444	-2.032	-2.252	-4.526	-4.955	-4.876
20.82	-5.957	-2.375	-2.819	-4.561	-2.192	-3.951	-6.499	-6.952	-5.693	-6.887	-5.821	-4.714	-4.753	-2.319	-6.681	-2.662	-5.539	-6.899	-3.955	-2.285	-3.641	-6.358	-6.914	-3.95	-2.276	-2.135	-2.411	-4.772	-4.412	-2.664
20.83	-6.536	-2.329	-2.833	-4.345	-2.15	-3.54	-6.334	-7.064	-5.536	-6.975	-5.432	-4.928	-4.584	-2.376	-6.587	-6.501	-5.48	-6.849	-4.016	-2.132	-4	-6.492	-6.948	-3.729	-2.371	-2.144	-2.357	-4.834	-4.26	-7.162
20.84	-6.157	-2.406	-2.594	-4.216	-6.704	-3.899	-6.364	-6.936	-5.302	-6.953	-5.508	-4.868	-4.246	-2.385	-6.242	-6.349	-5.358	-6.903	-4.084	-1.943	-4.177	-6.438	-7.001	-3.867	-2.35	-2.173	-5.245	-4.855	-4.06	-7.258
20.85	-6.565	-2.322	-2.738	-3.998	-6.753	-2.987	-6.219	-7.042	-5.103	-7.074	-5.481	-4.856	-4.225	-2.473	-6.147	-5.026	-5.361	-6.806	-3.852	-1.939	-4.131	-6.514	-6.982	-3.4	-2.444	-2.219	-3.455	-4.675	-4.039	-7.18
20.86	-6.145	-2.226	-2.937	-3.814	-6.435	-3.885	-6.245	-6.998	-5.036	-6.96	-5.442	-4.9	-3.384	-2.478	-6.621	-6.572	-4.851	-6.824	-3.123	-1.977	-4.395	-6.372	-6.996	-3.235	-2.286	-2.083	-5.209	-4.595	-4.081	-7.124
20.87	-5.766	-2.267	-2.97	-3.754	-6.787	-3.957	-5.951	-6.979	-4.987	-6.798	-4.944	-5.443	-3.637	-2.543	-5.843	-6.63	-4.664	-6.772	-3.721	-1.81	-5.1	-6.574	-6.996	-3.243	-2.343	-2.106	-5.232	-4.833	-3.956	-7.151
20.88	-6.447	-2.18	-2.77	-3.359	-6.875	-3.9	-6.11	-7.039	-4.757	-7.045	-4.839	-4.78	-3.238	-2.648	-5.847	-6.746	-4.518	-6.794	-4.108	-2.16	-5.008	-6.285	-6.95	-2.973	-2.416	-2.136	-5.238	-4.865	-3.818	-7.194
20.89	-6.354	-2.164	-3.049	-3.172	-6.856	-6.5	-5.955	-3.092	-4.674	-6.703	-4.043	-4.82	-3.106	-2.654	-5.569	-6.756	-5.075	-6.911	-4.347	-1.766	-5.173	-6.212	-6.985	-3.101	-2.474	-2.2	-5.261	-4.931	-3.625	-7.259
20.9	-6.559	-2.039	-3.092	-3.069	-6.691	-6.497	-5.746	-2.791	-4.462	-6.96	-4.57	-5.147	-2.967	-2.787	-5.48	-6.053	-4.184	-6.716	-3.562	-1.779	-5.122	-6.783	-6.952	-3.807	-2.397	-2.108	-4.557	-4.949	-3.633	-7.15
20.91	-6.845	-2.121	-3.124	-2.842	-6.915	-2.505	-5.946	-2.69	-4.517	-6.15	-4.662	-3.858	-3.029	-3.297	-5.241	-2.731	-6.208	-6.334	-4.974	-1.885	-4.085	-5.834	-6.767	-2.333	-2.672	-2.025	-3.544	-5.52	-3.87	-7.103
20.92	-5.153	-2.213	-3.2	-3.391	-6.954	-3.014	-5.333	-2.938	-3.99	-4.473	-3.934	-4.58	-2.507	-2.947	-4.884	-2.584	-6.366	-6.495	-4.737	-1.853	-4.294	-6.162	-6.988	-2.447	-2.51	-2.142	-3.615	-5.033	-3.317	-7.119
20.93	-5.263	-2.374	-2.968	-2.513	-6.927	-2.96	-5.176	-3.047	-3.633	-5.455	-3.522	-3.981	-2.431	-3.188	-4.861	-2.497	-6.553	-6.413	-4.651	-1.915	-4.41	-6.12	-6.934	-2.371	-2.426	-2.129	-3.631	-5.09	-3.108	-7.104
20.94	-5.226	-2.359	-3.26	-2.501	-6.922	-2.855	-5.096	-3.037	-3.983	-5.279	-3.507	-4.339	-2.165	-3.442	-4.805	-2.443	-6.675	-6.739	-4.88	-1.884	-4.527	-6.033	-2.263	-2.399	-2.485	-2.599	-3.488	-5.161	-3.089	-7.121
20.95	-5.314	-6.151	-3.321	-2.396	-6.941	-2.464	-4.481	-3.492	-3.969	-5.233	-3.151	-3.855	-2.371	-3.506	-4.512	-2.459	-6.749	-6.294	-4.518	-1.983	-4.719	-5.917	-2.225	-2.363	-2.572	-2.167	-3.753	-4.606	-3.015	-7.056
20.96	-5.458	-6.514	-3.297	-2.423	-6.926	-2.924	-4.936	-3.32	-3.819	-5.063	-3.287	-4.364	-2.291	-3.714	-4.314	-2.434	-6.896	-6.171	-4.778	-2.022	-4.866	-5.913	-2.22	-2.238	-2.553	-2.198	-3.742	-5.255	-3.042	-7.065
20.97	-5.698	-6.104	-3.337	-2.439	-6.987	-3.087	-4.737	-3.311	-3.532	-4.822	-2.907	-4.266	-2.198	-3.805	-4.126	-2.391	-7.017	-6.065	-5.229	-2.132	-5.015	-6.022	-2.35	-2.248	-2.537	-2.226	-3.751	-5.098	-2.974	-6.988
20.98	-5.337	-6.454	-3.394	-2.51	-6.956	-3.138	-4.15	-3.519	-3.623	-4.908	-2.796	-4.356	-2.193	-3.739	-4.092	-2.352	-7.04	-6.028	-5.03	-2.319	-5.023	-5.519	-2.556	-2.099	-2.377	-2.289	-3.587	-5.277	-2.859	-3.544
20.99	-4.376	-6.383	-3.406	-2.624	-6.967	-3.329	-4.208	-3.521	-3.616	-4.421	-2.653	-4.212	-2.155	-4	-4.162	-2.354	-7.166	-6.67	-5.296	-2.395	-5.11	-5.496	-2.175	-2.041	-2.566	-2.325	-3.992	-5.386	-2.833	-3.365
21	-6.415	-6.189	-3.519	-2.643	-6.902	-3.463	-4.214	-3.691	-3.384	-4.544	-2.592	-3.836	-2.641	-4.049	-3.684	-2.363	-7.161	-5.792	-5.099	-2.387	-5.215	-5.564	-2.219	-2.104	-2.541	-2.446	-3.664	-4.272	-2.673	-3.73
21.01	-6.813	-3.933	-3.873	-3.102	-6.867	-3.827	-4.25	-5.203	-3.628	-4.377	-2.505	-4.22	-2.308	-4.755	-3.145	-2.513	-7.379	-5.201	-5.67	-3.079	-6.212	-4.923	-2.297	-1.918	-2.718	-2.489	-3.361	-5.898	-2.81	-3.728
21.02	-5.537	-3.587	-3.606	-3.074	-6.895	-3.628	-3.869	-5.087	-3.217	-3.949	-2.239	-4.119	-2.615	-4.122	-3.176	-2.349	-7.373	-5.356	-5.127	-2.548	-6.043	-5.241	-2.216	-1.918	-2.576	-2.646	-3.884	-5.657	-2.632	-4.41
21.03	-5.473	-4.192	-3.64	-3.227	-6.927	-3.381	-3.799	-5.022	-3.241	-3.986	-2.119	-3.624	-2.911	-4.661	-3.047	-2.458	-7.388	-5.232	-5.471	-3.06	-6.008	-5.415	-2.239	-2.029	-2.472	-2.545	-4.168	-5.504	-2.557	-4.396
21.04	-5.465	-4.025	-3.518	-3.541	-6.969	-3.624	-3.17	-4.846	-3.081	-3.154	-2.004	-3.852	-2.694	-4.686	-2.975	-2.556	-7.367	-4.964	-5.537	-3.192	-6.22	-4.955	-2.266	-1.946	-2.417	-2.564	-3.836	-5.865	-2.369	-4.384
21.05	-5.637	-6.499	-3.764	-3.755	-6.913	-3.682	-3.464	-4.239	-3.1	-3.418	-1.894	-3.629	-3.305	-5.081	-2.992	-2.583	-7.351	-4.969	-5.847	-3.327	-5.854	-4.83	-2.286	-1.964	-2.521	-2.793	-4.206	-5.904	-2.218	-4.53
21.06	-5.557	-6.576	-3.782	-4.052	-6.999	-3.331	-3.184	-4.671	-2.946	-3.653	-1.9	-3.415	-2.956	-5.327	-2.788	-2.682	-7.295	-4.781	-5.689	-3.501	-6.37	-4.736	-2.32	-1.994	-2.548	-2.754	-3.846	-5.929	-2.313	-4.633
21.07	-5.545	-6.544	-3.289	-4.172	-6.902	-3.762	-3.226	-4.575	-3.072	-3.546	-1.957	-3.514	-3.297	-5.479	-2.676	-2.687	-7.202	-4.537	-5.886	-3.277	-6.381	-4.636	-2.295	-1.972	-2.55	-2.691	-4.046	-6.033	-2.307	-3.094
21.08	-5.47	-6.896	-3.904	-4.421	-6.903	-3.845	-2.897	-4.459	-3.289	-3.379	-3.466	-3.18	-3.328	-5.529	-2.619	-2.767	-7.177	-4.386	-6.039	-3.691	-6.469	-4.577	-2.432	-2.034	-2.564	-2.819	-4.053	-5.915	-2.297	-3.1
21.09	-5.572	-6.944	-3.638	-4.814	-6.898	-3.725	-2.789	-4.271	-2.879	-3.221	-4.335	-3.126	-3.654	-5.358	-2.822	-2.942	-7.182	-4.193	-5.68	-3.743	-6.464	-4.661	-2.296	-2.111	-2.42	-2.776	-4.093	-5.657	-2.261	-2.907
21.1	-5.514	-6.803	-3.873	-5.051	-6.832	-3.967	-3.003	-4.207	-2.905	-2.691	-3.097	-3.082	-3.887	-5.763	-2.638	-3.062	-7.027	-4.032	-6.259	-3.897	-6.525	-4.132	-2.53	-2.063	-2.574	-3.148	-4.034	-6.189	-2.24	-2.928
21.11	-3.46	-2.35	-4.473	-6.126	-6.686	-4.404	-3.115	-4.283	-3.294	-2.696	-2.876	-6.227	-4.559	-6.337	-2.559	-3.635	-6.584	-3.293	-6.584	-4.479	-6.71	-3.483	-2.842	-2.399	-6.5	-2.722	-5.196	-6.516	-2.292	-6.724
21.12	-3.697	-6.686	-3.396	-6.039	-6.807	-3.903	-2.63	-3.951	-2.938	-7.241	-3.286	-6.368	-4.522	-6.004	-2.557	-3.443	-6.644	-3.602	-5.936	-4.095	-6.668	-3.748	-2.625	-2.392	-6.509	-3.106	-5.075	-6.361	-2.137	-6.8
21.13	-3.744	-6.505	-4.098	-6.3	-6.772	-4.192	-2.515	-3.898	-3.143	-3.177	-3.802	-6.377	-4.897	-5.588	-2.584	-2.945	-6.575	-3.531	-5.812	-3.919	-6.7	-3.836	-2.727	-2.391	-6.491	-3.226	-4.955	-6.274	-2.166	-6.846
21.14	-3.374	-6.474	-4.264	-6.415	-6.991	-4.128	-2.468	-3.778	-2.872	-3.559	-3.729	-6.604	-5.411	-5.945	-2.553	-3.733	-6.574	-3.255	-6.093	-3.738	-6.709	-3.888	-6.973	-2.44	-6.495	-3.299	-4.874	-6.299	-2.135	-6.879
21.15	-3.871	-6.342	-4.227	-6.438	-6.951	-4.191	-2.791	-3.71	-2.663	-3.467	-4.167	-6.524	-5.424	-6.304	-2.566	-3.869	-6.345	-3.048	-6.383	-4.47	-6.714	-3.349	-2.454	-2.578	-6.482	-3.131	-4.893	-6.514	-2.133	-7.157
21.16	-3.842	-6.276	-3.657	-6.821	-6.713	-4.285	-2.717	-3.605	-2.338	-3.613	-4.574	-6.581	-5.529	-6.391	-2.58	-3.979	-6.377	-3.27	-4.297	-4.766	-6.707	-3.378	-2.539	-2.486	-6.459	-3.416	-4.864	-6.531	-2.11	-7.045
21.17	-3.81	-6.006	-4.299	-6.74	-6.707	-3.637	-2.703	-3.225	-2.9	-3.865	-4.495	-6.677	-5.659	-6.327	-2.625	-3.874	-6.375	-3.045	-4.142	-4.602	-6.785	-3.22	-2.348	-2.631	-6.77	-3.361	-4.843	-6.523	-2.145	-7.072
21.18	-3.767	-5.975	-6.698	-7.005	-7.015	-4.309	-2.671	-2.92	-2.913	-3.885	-4.693	-6.702	-5.901	-6.695	-2.624	-4.175	-6.206	-2.847	-3.745	-4.49	-6.616	-3.386	-2.368	-2.606	-6.441	-3.529	-4.679	-6.604	-2.08	-7.13
21.19	-3.919	-5.901	-6.704	-6.46	-6.672	-4.2	-2.625	-3.342	-2.807	-4.305	-4.896	-6.86	-6.78	-6.636	-2.7	-4.292	-6.145	-3.317	-3.178	-4.195	-6.474	-3.228	-2.405	-2.81	-6.437	-3.346	-4.607	-6.634	-2.056	-7.107
21.2	-3.828	-5.783	-6.848	-7.085	-6.769	-4.385	-2.528	-3.187	-2.45	-4.069	-5.349	-6.803	-6.403	-6.499	-2.722	-4.586	-6.047	-2.703	-3.254	-4.719	-6.438	-3.114	-2.602	-2.917	-6.508	-3.436	-4.605	-6.723	-2.183	-7.127
21.21	-4.26	-3.913	-6.52	-6.807	-6.445	-4.776	-2.662	-5.686	-2.696	-4.016	-5.754	-6.782	-6.758	-6.998	-2.946	-5.058	-5.505	-2.497	-4.181	-5.154	-6.227	-6.604	-6.912	-3.478	-6.128	-3.151	-4.697	-6.831	-2.124	-7.11
21.22	-3.943	-4.102	-6.637	-6.946	-6.604	-4.411	-2.435	-5.672	-2.771	-4.592	-5.949	-6.859	-6.975	-6.774	-2.792	-4.91	-5.732	-3.152	-4.189	-5.064	-6.288	-6.697	-6.941	-3.093	-6.401	-3.83	-4.41	-6.822	-2.279	-7.154
21.23	-3.818	-4.118	-6.515	-6.569	-6.572	-4.489	-2.387	-6.084	-2.834	-3.454	-6.587	-6.899	-7.068	-6.928	-2.678	-4.894	-5.757	-2.535	-4.202	-4.776	-6.206	-6.814	-6.935	-3.428	-6.433	-3.648	-4.374	-6.858	-2.362	-3.365
21.24	-2.333	-4.315	-6.486	-6.728	-6.437	-4.445	-2.409	-5.784	-2.785	-3.226	-6.263	-6.835	-7.203	-6.948	-2.981	-4.806	-5.544	-2.477	-4.306	-4.619	-6.232	-6.888	-6.952	-3.303	-6.367	-3.791	-4.128	-6.806	-2.437	-3.615
21.25	-3.901	-4.536	-6.936	-6.458	-6.352	-4.375	-2.41	-5.775	-2.644	-2.845	-6.484	-6.974	-7.204	-6.966	-2.981	-4.674	-5.473	-2.488	-4.18	-5.094	-6.001	-6.896	-6.895	-3.827	-6.456	-3.679	-6.539	-6.786	-2.42	-3.423
21.26	-3.719	-4.561	-6.439	-6.266	-6.357	-4.1	-2.398	-5.886	-2.789	-3.195	-2.129	-7	-7.262	-7.038	-2.773	-4.718	-5.432	-7.091	-4.096	-5.049	-5.962	-6.976	-6.987	-3.782	-6.239	-3.871	-6.563	-6.849	-2.524	-3.445
21.27	-3.241	-6.998	-6.347	-6.158	-6.667	-4.4	-6.555	-5.895	-2.745	-2.947	-2.261	-7	-7.253	-7.137	-2.987	-4.757	-5.484	-4.472	-4.34	-5.154	-5.771	-6.946	-6.944	-3.976	-6.185	-4.563	-6.548	-6.843	-2.553	-3.584
21.28	-3.778	-6.127	-6.273	-6.034	-6.155	-4.465	-6.238	-5.804	-2.734	-2.85	-2.563	-2.288	-6.72	-6.294	-3.121	-4.496	-5.58	-3.352	-3.803	-4.996	-5.704	-7.053	-6.944	-3.92	-6.211	-3.962	-6.692	-6.814	-2.767	-3.854
21.29	-3.771	-6.265	-6.239	-5.697	-6.143	-4.477	-6.006	-2.672	-2.711	-2.669	-2.311	-7.079	-7.241	-7.214	-3.258	-4.378	-5.205	-7.231	-4.248	-5.012	-5.974	-6.851	-7.006	-4.231	-6.155	-3.918	-6.649	-6.833	-2.821	-3.638
21.3	-3.716	-6.204	-6.154	-5.74	-6.102	-4.113	-5.644	-5.54	-2.58	-2.872	-2.648	-2.937	-7.096	-7.214	-3.301	-4.449	-5.175	-3.354	-4.137	-5.315	-5.607	-7.113	-6.9	-4.413	-6.105	-4.106	-6.641	-6.836	-2.975	-4.025
21.31	-3.897	-6.176	-5.925	-4.546	-3.368	-4.426	-3.826	-5.498	-3.005	-6.932	-2.607	-2.757	-7.15	-7.302	-3.74	-3.5	-4.642	-4.998	-4.468	-3.711	-4.884	-2.186	-6.949	-5.136	-5.82	-3.635	-6.441	-6.646	-6.269	-5.417
21.32	-3.645	-6.397	-6.298	-4.74	-3.457	-4.214	-3.946	-2.229	-2.795	-6.774	-3.03	-2.975	-6.874	-7.253	-2.925	-3.963	-4.929	-6.243	-3.933	-3.743	-5.152	-2.146	-6.986	-4.726	-6.431	-5.509	-6.728	-6.726	-6.335	-5.196
21.33	-3.622	-6.467	-5.837	-4.467	-2.895	-3.973	-4.207	-2.197	-7.109	-6.975	-3.334	-3.983	-6.574	-7.301	-3.613	-4.062	-5.156	-2.874	-3.843	-3.838	-5.098	-2.132	-6.968	-5.089	-5.941	-4.259	-6.884	-2.292	-5.494	-5.227
21.34	-3.485	-6.517	-5.673	-4.217	-3.74	-4.279	-4.034	-4.311	-7.075	-6.888	-3.433	-2.999	-6.592	-7.318	-3.673	-3.999	-4.904	-7.298	-3.673	-3.474	-4.989	-2.071	-6.988	-5.166	-5.888	-4.141	-6.884	-1.842	-6.12	-4.973
21.35	-3.386	-6.597	-5.438	-4.019	-3.414	-6.618	-4.308	-5.24	-7.079	-6.891	-4.306	-3.278	-6.389	-4.276	-3.748	-4.123	-4.875	-3.092	-3.941	-3.693	-4.918	-2.149	-7.006	-5.381	-6.328	-4.101	-6.849	-1.849	-5.998	-5.03
21.36	-3.403	-6.759	-5.337	-3.876	-3.93	-6.389	-4.392	-6.291	-7.084	-6.963	-3.934	-2.974	-5.956	-4.176	-3.876	-4.092	-4.925	-3.374	-3.71	-3.446	-4.696	-2.128	-7.056	-5.514	-6.485	-4.288	-6.866	-1.778	-5.724	-5.001
21.37	-3.252	-6.612	-5.188	-3.619	-3.913	-6.78	-4.729	-5.837	-7.107	-6.834	-4.127	-3.784	-5.891	-4.144	-3.609	-4.193	-4.839	-3.071	-3.769	-3.428	-4.637	-2.148	-7.037	-5.507	-5.845	-4.128	-7.134	-1.8	-5.95	-4.843
21.38	-3.024	-6.592	-5.063	-3.875	-4.082	-6.456	-5.027	-2.328	-7.132	-6.831	-4.645	-3.144	-5.609	-3.889	-3.863	-3.075	-4.717	-2.648	-2.408	-4.124	-4.489	-2.118	-7.047	-5.788	-5.774	-4.36	-6.913	-1.787	-5.856	-4.804
21.39	-2.672	-6.616	-4.947	-3.144	-4.168	-6.421	-5.195	-1.97	-7.117	-6.844	-4.667	-3.123	-5.39	-3.818	-4.098	-4.232	-4.771	-2.593	-3.36	-3.391	-4.323	-2.157	-7.007	-5.886	-5.761	-4.197	-6.957	-1.772	-5.873	-4.507
21.4	-2.932	-6.883	-4.824	-2.936	-4.174	-6.624	-5.151	-5.41	-7.103	-6.829	-5.203	-3.504	-5.271	-3.847	-4.162	-4.056	-5.413	-6.419	-3.55	-3.072	-4.251	-2.104	-7.018	-6.051	-5.587	-4.262	-6.909	-2.203	-5.937	-4.572
21.41	-2.988	-6.789	-5.154	-2.443	-5.163	-6.362	-5.166	-4.294	-2.303	-1.986	-3.841	-2.978	-5.133	-3.164	-4.58	-4.978	-4.623	-3.66	-4.08	-2.729	-3.659	-2.216	-6.95	-6.631	-5.026	-3.98	-6.71	-6.823	-6.114	-4.64
21.42	-2.681	-6.707	-5.488	-2.483	-5.056	-6.569	-5.507	-4.726	-2.319	-2.03	-3.103	-3.117	-5.349	-3.194	-4.163	-4.186	-4.663	-5.656	-4.441	-3.035	-3.869	-2.122	-7.015	-6.438	-5.415	-4.129	-7.074	-6.817	-5.501	-3.974
21.43	-2.689	-6.655	-5.36	-2.508	-4.945	-6.644	-5.68	-3.878	-2.339	-2.01	-3.404	-3.217	-6.122	-3.121	-4.397	-4.755	-4.44	-5.43	-4.524	-2.746	-4.037	-2.156	-7.052	-6.523	-5.349	-4.063	-6.915	-6.785	-5.572	-3.991
21.44	-2.657	-6.661	-5.609	-2.264	-4.928	-6.658	-5.856	-5.924	-2.684	-2.181	-3.066	-3.127	-5.854	-2.983	-4.657	-4.828	-4.548	-5.541	-4.276	-3.321	-3.756	-2.192	-7.033	-6.192	-5.219	-4.109	-7.042	-6.771	-5.425	-3.754
21.45	-2.558	-6.725	-5.755	-2.155	-4.884	-6.701	-5.9	-3.962	-2.467	-2.213	-3.104	-3.673	-6.069	-2.997	-4.779	-4.528	-4.339	-5.484	-4.368	-2.808	-3.728	-6.913	-6.954	-6.587	-6.289	-4.217	-7.059	-6.781	-5.546	-3.62
21.46	-2.513	-6.736	-5.867	-2.134	-4.763	-6.818	-6.183	-4.419	-2.318	-2.216	-2.813	-3.105	-6.253	-2.818	-4.827	-4.691	-4.381	-5.704	-4.238	-2.689	-3.49	-6.931	-6.961	-6.703	-5.045	-3.972	-7.093	-6.792	-5.392	-3.69
21.47	-2.453	-6.656	-5.966	-2.129	-5.159	-6.739	-6.462	-3.877	-2.308	-2.988	-2.542	-3.048	-6.502	-2.707	-5	-4.866	-4.347	-5.527	-4.166	-2.542	-3.428	-6.975	-6.955	-6.749	-5.097	-3.908	-2.179	-6.725	-5.594	-3.297
21.48	-2.468	-6.699	-5.378	-2.038	-4.729	-6.756	-6.365	-3.919	-2.322	-2.369	-2.313	-3.335	-6.653	-2.551	-5.043	-5.152	-4.305	-5.751	-4.271	-2.398	-3.408	-7.004	-6.937	-6.737	-5.022	-3.924	-6.497	-6.789	-5.457	-3.293
21.49	-2.181	-6.949	-6.141	-2.101	-4.632	-6.756	-6.399	-3.912	-2.283	-2.562	-2.459	-3.216	-6.741	-2.526	-4.607	-5.145	-4.307	-5.927	-3.941	-2.398	-3.34	-6.964	-6.984	-6.748	-4.946	-4.119	-6.424	-6.774	-5.379	-2.361
21.5	-2.103	-6.616	-6.082	-2.106	-4.669	-6.873	-6.787	-3.975	-2.333	-2.461	-2.395	-3.319	-6.957	-2.433	-5.205	-4.51	-4.356	-5.815	-3.859	-2.362	-3.071	-7.009	-6.926	-6.664	-4.757	-3.945	-7.043	-6.808	-5.439	-3.168
21.51	-2.185	-6.28	-6.716	-2.384	-4.054	-2.305	-2.238	-3.469	-2.298	-2.418	-2.383	-2.907	-7.226	-7.222	-4.398	-5.834	-3.885	-6.033	-4.224	-2.145	-2.448	-2.387	-6.766	-6.96	-4.206	-3.356	-2.786	-6.756	-5.838	-6.632
21.52	-2.173	-6.422	-6.408	-2.345	-4.753	-2.276	-2.078	-3.979	-2.321	-2.712	-2.292	-3.785	-7.328	-7.255	-4.438	-5.399	-4.287	-5.804	-3.882	-2.173	-3.475	-2.286	-6.916	-6.96	-4.514	-3.771	-2.689	-6.813	-5.34	-6.737
21.53	-2.147	-6.417	-6.451	-2.443	-4.348	-2.282	-2.161	-3.868	-2.34	-3.183	-2.339	-3.282	-7.253	-7.284	-4.316	-5.645	-4.282	-6.209	-3.702	-2.185	-4.488	-2.802	-6.894	-6.649	-4.381	-3.871	-2.865	-6.822	-4.373	-6.702
21.54	-2.122	-6.365	-6.52	-2.456	-4.246	-2.107	-2.121	-3.199	-2.329	-2.962	-2.249	-3.301	-7.221	-7.245	-4.179	-5.84	-4.255	-5.694	-3.704	-2.162	-4.954	-2.282	-6.857	-6.98	-4.282	-3.587	-2.884	-6.814	-5.215	-6.731
21.55	-2.109	-6.344	-6.548	-2.613	-4.185	-2.095	-2.122	-3.209	-2.302	-2.773	-2.4	-3.852	-6.859	-7.151	-4.021	-5.893	-4.269	-6.479	-2.948	-2.151	-5.111	-2.875	-6.876	-7.009	-4.31	-3.696	-2.807	-6.824	-5.327	-7.165
21.56	-2.058	-6.343	-6.571	-2.395	-4.03	-2.184	-2.152	-2.808	-2.385	-3.049	-2.283	-3.518	-7	-7.054	-4.204	-5.362	-4.457	-6.56	-3.486	-2.161	-4.981	-2.236	-6.768	-6.955	-4.197	-3.508	-2.839	-6.795	-5.313	-7.066
21.57	-2.062	-6.359	-6.551	-2.821	-4.049	-2.168	-2.08	-2.877	-2.397	-3.392	-2.47	-3.568	-6.914	-7.339	-3.803	-5.965	-4.231	-6.633	-3.338	-2.117	-4.803	-5.721	-6.803	-7.013	-4.114	-3.868	-2.726	-6.767	-4.608	-7.098
21.58	-2.023	-6.306	-6.127	-3.017	-4.014	-2.124	-2.184	-3.421	-2.394	-3.059	-2.551	-3.568	-6.673	-6.971	-3.749	-5.995	-4.247	-6.589	-3.199	-2.144	-4.732	-6.029	-6.77	-7.02	-4.064	-3.465	-2.547	-6.808	-5.209	-7.098
21.59	-2.061	-6.314	-5.832	-3.11	-3.966	-2.14	-2.097	-3.04	-2.51	-3.322	-2.56	-3.631	-6.659	-6.86	-3.634	-6.247	-4.297	-6.804	-3.159	-2.208	-4.616	-4.528	-6.714	-7.015	-4.136	-4.185	-2.322	-6.788	-5.136	-7.203
21.6	-2.095	-6.304	-6.58	-3.245	-3.901	-2.108	-2.199	-6.318	-2.48	-3.137	-2.881	-4.041	-6.494	-6.811	-3.75	-6.269	-4.306	-6.762	-2.949	-2.234	-4.371	-4.944	-6.689	-6.954	-3.82	-3.589	-2.42	-6.737	-5.06	-7.136
21.61	-2.077	-5.756	-3.426	-3.969	-3.374	-2.177	-2.218	-6.161	-2.388	-5.364	-3.036	-5.241	-6.484	-6.234	-2.988	-3.569	-3.962	-7.094	-6.915	-2.607	-3.669	-4.205	-6.326	-6.726	-3.3	-3.319	-4.767	-1.83	-5.176	-7.118
21.62	-2.174	-5.957	-3.251	-3.786	-3.804	-2.205	-2.513	-6.327	-2.6	-5.765	-3.22	-4.849	-5.631	-6.813	-3.143	-3.368	-4.095	-7.022	-6.656	-2.439	-4.045	-4.691	-6.515	-6.783	-3.726	-3.583	-7.181	-2.006	-4.911	-7.234
21.63	-2.239	-6.046	-3.264	-3.922	-3.61	-2.235	-3.077	-6.344	-2.554	-4.851	-3.555	-5.075	-5.734	-6.2	-3.05	-3.318	-4.125	-7.117	-6.744	-2.485	-3.906	-4.602	-6.466	-6.809	-3.575	-3.44	-7.251	-2.161	-4.745	-7.241
21.64	-2.309	-6.316	-3.23	-4.061	-3.701	-2.117	-3.1	-6.44	-2.605	-5.318	-3.674	-4.823	-5.383	-6.116	-2.965	-3.162	-4.137	-7.213	-6.887	-2.608	-3.813	-6.453	-6.472	-6.911	-5.658	-3.652	-7.259	-2.288	-4.828	-7.221
21.65	-2.348	-6.274	-3.229	-4.209	-3.597	-2.101	-3.84	-6.316	-2.69	-5.407	-4.746	-4.834	-5.328	-6.338	-2.954	-3.094	-4.239	-7.148	-6.879	-2.683	-3.741	-6.252	-6.451	-6.739	-3.451	-3.716	-6.981	-2.282	-4.532	-7.095
21.66	-2.409	-6.226	-3.171	-4.192	-3.495	-2.153	-3.296	-6.253	-2.759	-4.836	-3.691	-4.344	-4.64	-2.49	-2.831	-3.11	-4.038	-7.279	-2.363	-2.652	-3.625	-6.197	-6.363	-6.776	-3.295	-3.786	-6.963	-2.43	-4.257	-7.191
21.67	-2.497	-6.271	-3.321	-4.652	-3.446	-2.255	-3.512	-6.2	-4.425	-5.078	-3.775	-4.515	-4.999	-2.722	-2.776	-3.001	-5.13	-7.305	-2.36	-2.835	-3.498	-2.323	-6.413	-6.596	-3.269	-3.536	-6.95	-2.36	-4.329	-6.781
21.68	-2.58	-6.515	-3.366	-4.921	-3.331	-2.244	-3.802	-6.25	-2.837	-5.249	-4.266	-4.36	-4.742	-3.118	-2.694	-3.053	-4.014	-7.323	-2.518	-2.991	-3.516	-2.304	-6.343	-6.633	-3.287	-3.746	-6.89	-2.556	-4.42	-6.053
21.69	-2.589	-6.322	-3.133	-4.464	-3.322	-2.081	-4.118	-6.292	-2.776	-4.741	-5.048	-4.288	-4.07	-3.368	-2.684	-2.9	-4.103	-7.297	-2.404	-2.937	-3.333	-2.178	-6.156	-6.591	-3.707	-3.93	-6.851	-2.595	-4.312	-5.411
21.7	-2.663	-6.328	-3.124	-5.011	-3.541	-2.139	-4.02	-6.341	-5.151	-5.163	-4.292	-3.927	-4.426	-3.417	-2.65	-2.946	-3.869	-7.227	-2.413	-3.065	-3.739	-2.348	-6.237	-6.553	-3.142	-3.861	-6.827	-2.601	-4.177	-5.413
21.71	-2.7	-6.068	-6.364	-3.629	-5.481	-2.209	-4.961	-1.748	-4.678	-5.672	-4.191	-5.744	-3.986	-4.232	-7.348	-2.619	-3.52	-7.142	-7.153	-3.391	-2.828	-2.397	-5.668	-6.122	-2.725	-3.397	-6.872	-6.143	-4.365	-3.012
21.72	-3.002	-6.239	-6.816	-3.513	-5.479	-2.295	-4.804	-1.76	-5.085	-4.946	-4.541	-6.232	-3.615	-3.816	-7.44	-2.783	-3.694	-7.267	-7.226	-3.515	-2.892	-2.314	-6.079	-6.43	-2.859	-4.137	-6.745	-6.185	-3.893	-2.519
21.73	-3.088	-6.428	-6.987	-3.312	-6.198	-4.547	-4.588	-1.726	-5.012	-5.023	-4.77	-5.991	-3.574	-4.181	-7.397	-2.656	-3.682	-7.166	-7.207	-3.722	-3.026	-2.267	-6.133	-6.364	-2.852	-3.891	-6.113	-5.894	-3.877	-3.155
21.74	-3.112	-6.209	-6.999	-3.305	-6.301	-2.783	-3.864	-1.782	-4.912	-4.925	-4.971	-6.076	-3.149	-4.433	-7.359	-2.573	-3.612	-7.249	-7.189	-3.686	-2.735	-2.417	-5.92	-6.29	-2.736	-3.825	-5.969	-5.382	-3.835	-3.421
21.75	-3.201	-6.213	-6.981	-3.219	-6.274	-2.834	-3.572	-1.868	-5.167	-4.836	-4.825	-6.341	-7.18	-4.559	-7.39	-3.007	-3.616	-7.172	-7.208	-4.128	-2.645	-2.374	-5.858	-6.237	-2.756	-3.852	-5.224	-5.753	-3.9	-7.118
21.76	-3.262	-6.217	-7	-3.035	-6.39	-2.831	-3.947	-1.903	-5.135	-4.644	-5.329	-7.119	-7.147	-4.845	-7.338	-2.647	-3.639	-7.051	-7.168	-4.252	-2.938	-2.34	-5.817	-6.303	-2.611	-3.889	-4.71	-5.75	-3.716	-2.669
21.77	-3.148	-6.225	-7.052	-2.942	-5.6	-2.915	-3.746	-2.31	-5.451	-4.219	-4.97	-6.533	-7.076	-4.847	-7.336	-2.524	-3.455	-7.032	-7.136	-4.488	-5.034	-2.264	-5.841	-6.242	-2.649	-4.014	-4.765	-5.531	-3.602	-2.688
21.78	-4.197	-6.225	-7.12	-2.862	-6.409	-3.204	-3.233	-2.386	-5.478	-4.492	-5.501	-6.58	-7.208	-5.169	-7.242	-2.519	-3.386	-6.922	-7.173	-4.474	-5.321	-2.311	-5.834	-6.071	-2.505	-3.908	-4.76	-5.195	-3.608	-3.27
21.79	-3.267	-6.234	-7.22	-2.789	-5.911	-3.219	-3.354	-2.611	-5.275	-4.409	-5.232	-6.625	-7.251	-5.408	-7.198	-2.511	-3.478	-6.971	-7.181	-3.986	-5.596	-2.386	-5.9	-6.183	-2.546	-4.545	-4.566	-5.302	-3.549	-3.011
21.8	-3.194	-6.418	-3.885	-2.783	-5.951	-3.184	-3.093	-2.821	-5.811	-4.512	-5.667	-6.961	-7.189	-5.592	-7.17	-2.548	-3.339	-6.867	-7.079	-4.901	-5.7	-2.445	-5.684	-6.171	-2.425	-4.854	-4.304	-5.384	-3.609	-3.228
21.81	-3.134	-6.143	-3.31	-2.453	-6.699	-3.113	-3.012	-2.501	-5.186	-4.723	-4.054	-7.248	-2.685	-6.286	-6.823	-7.173	-2.995	-6.323	-7.217	-5.504	-5.803	-6.958	-5.332	-5.606	-2.179	-4.99	-4.585	-3.154	-3.856	-3.242
21.82	-3.433	-6.363	-4.098	-2.564	-6.479	-3.442	-2.735	-2.796	-5.643	-4.165	-3.921	-7.23	-2.669	-6.206	-7.131	-7.053	-3.298	-6.645	-6.944	-4.836	-5.77	-7.066	-5.724	-6.017	-2.213	-5.519	-3.947	-3.14	-3.318	-4.129
21.83	-4.327	-6.399	-3.421	-2.541	-6.179	-3.382	-2.139	-3.071	-6.032	-4.156	-3.699	-7.29	-2.877	-6.183	-6.966	-6.033	-3.309	-2.605	-6.896	-4.865	-5.802	-7.004	-5.656	-5.972	-2.209	-5.374	-3.907	-2.959	-3.034	-4.082
21.84	-3.702	-6.297	-3.493	-2.514	-6.338	-3.575	-2.507	-2.872	-5.698	-3.858	-3.802	-7.392	-3.434	-6.492	-6.839	-5.514	-3.335	-2.55	-6.575	-5.634	-6.141	-6.899	-5.606	-5.946	-2.127	-5.485	-3.79	-2.984	-3.285	-4.45
21.85	-3.381	-6.387	-3.398	-2.615	-6.423	-3.579	-2.442	-2.891	-5.758	-3.888	-3.75	-7.408	-3.28	-6.604	-6.802	-5.397	-3.253	-2.638	-6.928	-5.51	-6.188	-6.925	-6.017	-5.947	-2.141	-5.239	-3.683	-6.866	-3.218	-4.749
21.86	-3.408	-6.308	-3.159	-2.438	-6.472	-3.862	-2.364	-3.66	-6.049	-3.706	-3.557	-7.45	-3.559	-6.785	-6.749	-5.318	-3.32	-2.659	-6.727	-5.947	-4.619	-6.964	-5.685	-5.97	-2.191	-5.488	-6.227	-6.959	-3.09	-4.939
21.87	-3.476	-6.429	-3.307	-2.45	-6.399	-3.72	-2.293	-3.058	-5.974	-3.693	-3.167	-7.402	-3.683	-6.916	-6.772	-7.033	-3.35	-2.719	-6.846	-5.979	-4.486	-6.958	-5.534	-6.02	-2.174	-5.456	-6.333	-6.954	-3.071	-5.133
21.88	-3.583	-6.369	-3.038	-2.432	-6.348	-3.955	-2.179	-3.372	-6.349	-3.653	-3.526	-7.231	-4.056	-6.941	-6.952	-6.51	-3.301	-2.699	-6.864	-5.135	-4.964	-6.972	-5.504	-5.903	-2.164	-5.22	-6.685	-6.947	-2.899	-5.26
21.89	-3.603	-6.412	-2.992	-2.351	-6.437	-4.626	-2.182	-3.133	-6.086	-3.508	-3.433	-7.268	-4.339	-6.899	-7.202	-6.525	-3.307	-2.611	-6.833	-6.324	-4.107	-6.88	-5.373	-5.751	-2.155	-5.201	-6.573	-6.945	-2.967	-6.097
21.9	-3.596	-6.431	-2.96	-2.202	-6.565	-4.092	-6.556	-3.271	-6.729	-3.276	-3.431	-7.179	-4.69	-7.217	-6.461	-2.638	-3.348	-2.795	-6.891	-6.459	-4.239	-6.911	-5.461	-5.847	-2.191	-6.121	-6.454	-7.037	-7.299	-5.776
21.91	-3.555	-6.146	-2.702	-2.191	-6.737	-3.947	-6.59	-3.098	-6.024	-3.429	-6.18	-7.173	-5.266	-7.404	-6.417	-3.123	-3.025	-3.017	-6.998	-6.937	-5.367	-6.884	-4.85	-5.389	-2.435	-4.651	-2.178	-7.025	-7.218	-5.851
21.92	-6.822	-6.507	-2.76	-2.17	-6.645	-4.537	-6.337	-3.454	-6.213	-2.9	-6.285	-6.795	-6.481	-7.342	-6.319	-2.76	-3.305	-2.843	-6.879	-6.882	-5.429	-6.811	-5.243	-5.668	-2.351	-5.737	-1.805	-7.02	-7.304	-6.199
21.93	-5.116	-6.301	-2.759	-2.174	-6.217	-4.565	-6.341	-3.774	-6.251	-3.025	-6.731	-6.645	-5.839	-7.371	-6.901	-3.138	-4.145	-2.861	-6.835	-6.953	-5.43	-6.796	-5.144	-5.791	-2.366	-5.044	-1.725	-7.021	-7.348	-6.725
21.94	-5.006	-6.467	-2.673	-2.217	-6.583	-4.763	-6.171	-3.841	-6.556	-2.803	-6.233	-6.204	-5.989	-7.416	-6.147	-2.936	-3.54	-2.863	-6.764	-7.023	-5.556	-6.838	-5.236	-5.714	-2.465	-4.946	-1.694	-7.13	-7.339	-2.319
21.95	-4.977	-6.754	-2.8	-2.267	-6.627	-4.982	-5.416	-3.65	-6.371	-2.792	-6.489	-6.235	-6.224	-7.363	-6.11	-7.19	-3.499	-2.81	-6.854	-7.132	-5.566	-6.747	-5.163	-5.511	-2.524	-4.849	-1.67	-7.102	-7.381	-6.974
21.96	-5.029	-6.692	-2.668	-2.348	-6.771	-4.945	-6.028	-3.779	-6.417	-2.863	-6.463	-5.984	-6.47	-7.324	-5.997	-2.484	-3.585	-2.768	-6.94	-7.205	-5.539	-6.85	-2.73	-5.5	-2.58	-4.923	-1.706	-6.997	-7.34	-6.921
21.97	-5.128	-6.627	-2.75	-2.41	-6.805	-5.028	-5.958	-4.074	-6.375	-2.664	-6.709	-5.038	-6.679	-7.267	-6.126	-2.483	-3.591	-2.847	-6.903	-7.205	-5.42	-6.782	-2.934	-5.474	-2.606	-4.905	-1.81	-7.106	-7.338	-4.604
21.98	-5.03	-6.613	-2.672	-2.441	-6.805	-5.222	-5.711	-3.721	-6.441	-2.687	-6.415	-5.712	-6.737	-7.246	-6.121	-2.477	-3.644	-3.096	-6.929	-7.212	-5.647	-6.709	-2.659	-5.528	-2.731	-4.85	-1.975	-7.145	-7.097	-3.918
21.99	-4.978	-6.586	-2.645	-2.58	-6.688	-5.391	-5.114	-4.185	-6.85	-2.559	-6.431	-4.671	-6.885	-7.316	-5.851	-2.455	-3.67	-3.151	-7.06	-7.241	-5.857	-6.665	-2.95	-5.467	-2.779	-4.61	-2.044	-6.899	-7.357	-7.28
22	-5.026	-6.602	-2.679	-2.637	-6.698	-5.521	-5.501	-3.86	-6.523	-2.607	-6.627	-5.069	-6.94	-7.068	-5.723	-2.481	-3.822	-3.123	-7.098	-7.253	-5.848	-6.617	-3.018	-5.485	-2.415	-4.735	-2.029	-7.11	-7.326	-7.078
