# SCAN started at: 2019-02-13 13:21:22
# Elen_Scan Mass: 20.3 Resolution: 30
# ----------------------------------------
# 
19	3.001e-06	2.94e-06	2.905e-06	2.872e-06	2.844e-06	2.824e-06	2.814e-06	2.796e-06	2.782e-06	2.768e-06	2.756e-06	2.743e-06	2.752e-06	2.723e-06	2.723e-06	2.715e-06	2.717e-06	2.71e-06	2.703e-06	2.698e-06	2.693e-06	2.69e-06	2.662e-06	2.651e-06	2.659e-06	2.676e-06	2.676e-06	2.676e-06	2.694e-06	2.659e-06
19.01	3.001e-06	2.94e-06	2.905e-06	2.872e-06	2.844e-06	2.824e-06	2.814e-06	2.796e-06	2.782e-06	2.768e-06	2.756e-06	2.743e-06	2.752e-06	2.723e-06	2.723e-06	2.715e-06	2.717e-06	2.71e-06	2.703e-06	2.698e-06	2.693e-06	2.69e-06	2.662e-06	2.651e-06	2.659e-06	2.676e-06	2.676e-06	2.676e-06	2.694e-06	2.659e-06
19.02	3.001e-06	2.94e-06	2.905e-06	2.872e-06	2.844e-06	2.824e-06	2.814e-06	2.796e-06	2.782e-06	2.768e-06	2.756e-06	2.743e-06	2.752e-06	2.723e-06	2.723e-06	2.715e-06	2.717e-06	2.71e-06	2.703e-06	2.698e-06	2.693e-06	2.69e-06	2.662e-06	2.651e-06	2.659e-06	2.676e-06	2.676e-06	2.676e-06	2.694e-06	2.659e-06
19.03	3.001e-06	2.94e-06	2.905e-06	2.872e-06	2.844e-06	2.824e-06	2.814e-06	2.796e-06	2.782e-06	2.768e-06	2.756e-06	2.743e-06	2.752e-06	2.723e-06	2.723e-06	2.715e-06	2.717e-06	2.71e-06	2.703e-06	2.698e-06	2.693e-06	2.69e-06	2.662e-06	2.651e-06	2.659e-06	2.676e-06	2.676e-06	2.676e-06	2.694e-06	2.659e-06
19.04	3.001e-06	2.94e-06	2.905e-06	2.872e-06	2.844e-06	2.824e-06	2.814e-06	2.796e-06	2.782e-06	2.768e-06	2.756e-06	2.743e-06	2.752e-06	2.723e-06	2.723e-06	2.715e-06	2.717e-06	2.71e-06	2.703e-06	2.698e-06	2.693e-06	2.69e-06	2.662e-06	2.651e-06	2.659e-06	2.676e-06	2.676e-06	2.676e-06	2.694e-06	2.659e-06
19.05	3.001e-06	2.94e-06	2.905e-06	2.872e-06	2.844e-06	2.824e-06	2.814e-06	2.796e-06	2.782e-06	2.768e-06	2.756e-06	2.743e-06	2.752e-06	2.723e-06	2.723e-06	2.715e-06	2.717e-06	2.71e-06	2.703e-06	2.698e-06	2.693e-06	2.69e-06	2.662e-06	2.651e-06	2.659e-06	2.676e-06	2.676e-06	2.676e-06	2.694e-06	2.659e-06
19.06	3.001e-06	2.94e-06	2.905e-06	2.872e-06	2.844e-06	2.824e-06	2.814e-06	2.796e-06	2.782e-06	2.768e-06	2.756e-06	2.743e-06	2.752e-06	2.723e-06	2.723e-06	2.715e-06	2.717e-06	2.71e-06	2.703e-06	2.698e-06	2.693e-06	2.69e-06	2.662e-06	2.651e-06	2.659e-06	2.676e-06	2.676e-06	2.676e-06	2.694e-06	2.659e-06
19.07	3.001e-06	2.94e-06	2.905e-06	2.872e-06	2.844e-06	2.824e-06	2.814e-06	2.796e-06	2.782e-06	2.768e-06	2.756e-06	2.743e-06	2.752e-06	2.723e-06	2.723e-06	2.715e-06	2.717e-06	2.71e-06	2.703e-06	2.698e-06	2.693e-06	2.69e-06	2.662e-06	2.651e-06	2.659e-06	2.676e-06	2.676e-06	2.676e-06	2.694e-06	2.659e-06
19.08	3.001e-06	2.94e-06	2.905e-06	2.872e-06	2.844e-06	2.824e-06	2.814e-06	2.796e-06	2.782e-06	2.768e-06	2.756e-06	2.743e-06	2.752e-06	2.723e-06	2.723e-06	2.715e-06	2.717e-06	2.71e-06	2.703e-06	2.698e-06	2.693e-06	2.69e-06	2.662e-06	2.651e-06	2.659e-06	2.676e-06	2.676e-06	2.676e-06	2.694e-06	2.659e-06
19.09	3.001e-06	2.94e-06	2.905e-06	2.872e-06	2.844e-06	2.824e-06	2.814e-06	2.796e-06	2.782e-06	2.768e-06	2.756e-06	2.743e-06	2.752e-06	2.723e-06	2.723e-06	2.715e-06	2.717e-06	2.71e-06	2.703e-06	2.698e-06	2.693e-06	2.69e-06	2.662e-06	2.651e-06	2.659e-06	2.676e-06	2.676e-06	2.676e-06	2.694e-06	2.659e-06
19.1	3.011e-06	2.951e-06	2.892e-06	2.868e-06	2.844e-06	2.824e-06	2.813e-06	2.795e-06	2.783e-06	2.766e-06	2.765e-06	2.743e-06	2.742e-06	2.733e-06	2.722e-06	2.716e-06	2.706e-06	2.699e-06	2.691e-06	2.698e-06	2.693e-06	2.699e-06	2.672e-06	2.662e-06	2.66e-06	2.675e-06	2.677e-06	2.675e-06	2.681e-06	2.658e-06
19.11	3.011e-06	2.951e-06	2.892e-06	2.868e-06	2.844e-06	2.824e-06	2.813e-06	2.795e-06	2.783e-06	2.766e-06	2.765e-06	2.743e-06	2.742e-06	2.733e-06	2.722e-06	2.716e-06	2.706e-06	2.699e-06	2.691e-06	2.698e-06	2.693e-06	2.699e-06	2.672e-06	2.662e-06	2.66e-06	2.675e-06	2.677e-06	2.675e-06	2.681e-06	2.658e-06
19.12	3.011e-06	2.951e-06	2.892e-06	2.868e-06	2.844e-06	2.824e-06	2.813e-06	2.795e-06	2.783e-06	2.766e-06	2.765e-06	2.743e-06	2.742e-06	2.733e-06	2.722e-06	2.716e-06	2.706e-06	2.699e-06	2.691e-06	2.698e-06	2.693e-06	2.699e-06	2.672e-06	2.662e-06	2.66e-06	2.675e-06	2.677e-06	2.675e-06	2.681e-06	2.658e-06
19.13	3.011e-06	2.951e-06	2.892e-06	2.868e-06	2.844e-06	2.824e-06	2.813e-06	2.795e-06	2.783e-06	2.766e-06	2.765e-06	2.743e-06	2.742e-06	2.733e-06	2.722e-06	2.716e-06	2.706e-06	2.699e-06	2.691e-06	2.698e-06	2.693e-06	2.699e-06	2.672e-06	2.662e-06	2.66e-06	2.675e-06	2.677e-06	2.675e-06	2.681e-06	2.658e-06
19.14	3.011e-06	2.951e-06	2.892e-06	2.868e-06	2.844e-06	2.824e-06	2.813e-06	2.795e-06	2.783e-06	2.766e-06	2.765e-06	2.743e-06	2.742e-06	2.733e-06	2.722e-06	2.716e-06	2.706e-06	2.699e-06	2.691e-06	2.698e-06	2.693e-06	2.699e-06	2.672e-06	2.662e-06	2.66e-06	2.675e-06	2.677e-06	2.675e-06	2.681e-06	2.658e-06
19.15	3.011e-06	2.951e-06	2.892e-06	2.868e-06	2.844e-06	2.824e-06	2.813e-06	2.795e-06	2.783e-06	2.766e-06	2.765e-06	2.743e-06	2.742e-06	2.733e-06	2.722e-06	2.716e-06	2.706e-06	2.699e-06	2.691e-06	2.698e-06	2.693e-06	2.699e-06	2.672e-06	2.662e-06	2.66e-06	2.675e-06	2.677e-06	2.675e-06	2.681e-06	2.658e-06
19.16	3.011e-06	2.951e-06	2.892e-06	2.868e-06	2.844e-06	2.824e-06	2.813e-06	2.795e-06	2.783e-06	2.766e-06	2.765e-06	2.743e-06	2.742e-06	2.733e-06	2.722e-06	2.716e-06	2.706e-06	2.699e-06	2.691e-06	2.698e-06	2.693e-06	2.699e-06	2.672e-06	2.662e-06	2.66e-06	2.675e-06	2.677e-06	2.675e-06	2.681e-06	2.658e-06
19.17	3.011e-06	2.951e-06	2.892e-06	2.868e-06	2.844e-06	2.824e-06	2.813e-06	2.795e-06	2.783e-06	2.766e-06	2.765e-06	2.743e-06	2.742e-06	2.733e-06	2.722e-06	2.716e-06	2.706e-06	2.699e-06	2.691e-06	2.698e-06	2.693e-06	2.699e-06	2.672e-06	2.662e-06	2.66e-06	2.675e-06	2.677e-06	2.675e-06	2.681e-06	2.658e-06
19.18	3.011e-06	2.951e-06	2.892e-06	2.868e-06	2.844e-06	2.824e-06	2.813e-06	2.795e-06	2.783e-06	2.766e-06	2.765e-06	2.743e-06	2.742e-06	2.733e-06	2.722e-06	2.716e-06	2.706e-06	2.699e-06	2.691e-06	2.698e-06	2.693e-06	2.699e-06	2.672e-06	2.662e-06	2.66e-06	2.675e-06	2.677e-06	2.675e-06	2.681e-06	2.658e-06
19.19	3.011e-06	2.951e-06	2.892e-06	2.868e-06	2.844e-06	2.824e-06	2.813e-06	2.795e-06	2.783e-06	2.766e-06	2.765e-06	2.743e-06	2.742e-06	2.733e-06	2.722e-06	2.716e-06	2.706e-06	2.699e-06	2.691e-06	2.698e-06	2.693e-06	2.699e-06	2.672e-06	2.662e-06	2.66e-06	2.675e-06	2.677e-06	2.675e-06	2.681e-06	2.658e-06
19.2	2.995e-06	2.936e-06	2.9e-06	2.868e-06	2.843e-06	2.833e-06	2.814e-06	2.796e-06	2.782e-06	2.768e-06	2.753e-06	2.741e-06	2.741e-06	2.744e-06	2.712e-06	2.716e-06	2.714e-06	2.709e-06	2.702e-06	2.686e-06	2.694e-06	2.688e-06	2.671e-06	2.652e-06	2.674e-06	2.676e-06	2.677e-06	2.685e-06	2.67e-06	2.659e-06
19.21	2.995e-06	2.936e-06	2.9e-06	2.868e-06	2.843e-06	2.833e-06	2.814e-06	2.796e-06	2.782e-06	2.768e-06	2.753e-06	2.741e-06	2.741e-06	2.744e-06	2.712e-06	2.716e-06	2.714e-06	2.709e-06	2.702e-06	2.686e-06	2.694e-06	2.688e-06	2.671e-06	2.652e-06	2.674e-06	2.676e-06	2.677e-06	2.685e-06	2.67e-06	2.659e-06
19.22	2.995e-06	2.936e-06	2.9e-06	2.868e-06	2.843e-06	2.833e-06	2.814e-06	2.796e-06	2.782e-06	2.768e-06	2.753e-06	2.741e-06	2.741e-06	2.744e-06	2.712e-06	2.716e-06	2.714e-06	2.709e-06	2.702e-06	2.686e-06	2.694e-06	2.688e-06	2.671e-06	2.652e-06	2.674e-06	2.676e-06	2.677e-06	2.685e-06	2.67e-06	2.659e-06
19.23	2.995e-06	2.936e-06	2.9e-06	2.868e-06	2.843e-06	2.833e-06	2.814e-06	2.796e-06	2.782e-06	2.768e-06	2.753e-06	2.741e-06	2.741e-06	2.744e-06	2.712e-06	2.716e-06	2.714e-06	2.709e-06	2.702e-06	2.686e-06	2.694e-06	2.688e-06	2.671e-06	2.652e-06	2.674e-06	2.676e-06	2.677e-06	2.685e-06	2.67e-06	2.659e-06
19.24	2.995e-06	2.936e-06	2.9e-06	2.868e-06	2.843e-06	2.833e-06	2.814e-06	2.796e-06	2.782e-06	2.768e-06	2.753e-06	2.741e-06	2.741e-06	2.744e-06	2.712e-06	2.716e-06	2.714e-06	2.709e-06	2.702e-06	2.686e-06	2.694e-06	2.688e-06	2.671e-06	2.652e-06	2.674e-06	2.676e-06	2.677e-06	2.685e-06	2.67e-06	2.659e-06
19.25	2.995e-06	2.936e-06	2.9e-06	2.868e-06	2.843e-06	2.833e-06	2.814e-06	2.796e-06	2.782e-06	2.768e-06	2.753e-06	2.741e-06	2.741e-06	2.744e-06	2.712e-06	2.716e-06	2.714e-06	2.709e-06	2.702e-06	2.686e-06	2.694e-06	2.688e-06	2.671e-06	2.652e-06	2.674e-06	2.676e-06	2.677e-06	2.685e-06	2.67e-06	2.659e-06
19.26	2.995e-06	2.936e-06	2.9e-06	2.868e-06	2.843e-06	2.833e-06	2.814e-06	2.796e-06	2.782e-06	2.768e-06	2.753e-06	2.741e-06	2.741e-06	2.744e-06	2.712e-06	2.716e-06	2.714e-06	2.709e-06	2.702e-06	2.686e-06	2.694e-06	2.688e-06	2.671e-06	2.652e-06	2.674e-06	2.676e-06	2.677e-06	2.685e-06	2.67e-06	2.659e-06
19.27	2.995e-06	2.936e-06	2.9e-06	2.868e-06	2.843e-06	2.833e-06	2.814e-06	2.796e-06	2.782e-06	2.768e-06	2.753e-06	2.741e-06	2.741e-06	2.744e-06	2.712e-06	2.716e-06	2.714e-06	2.709e-06	2.702e-06	2.686e-06	2.694e-06	2.688e-06	2.671e-06	2.652e-06	2.674e-06	2.676e-06	2.677e-06	2.685e-06	2.67e-06	2.659e-06
19.28	2.995e-06	2.936e-06	2.9e-06	2.868e-06	2.843e-06	2.833e-06	2.814e-06	2.796e-06	2.782e-06	2.768e-06	2.753e-06	2.741e-06	2.741e-06	2.744e-06	2.712e-06	2.716e-06	2.714e-06	2.709e-06	2.702e-06	2.686e-06	2.694e-06	2.688e-06	2.671e-06	2.652e-06	2.674e-06	2.676e-06	2.677e-06	2.685e-06	2.67e-06	2.659e-06
19.29	2.995e-06	2.936e-06	2.9e-06	2.868e-06	2.843e-06	2.833e-06	2.814e-06	2.796e-06	2.782e-06	2.768e-06	2.753e-06	2.741e-06	2.741e-06	2.744e-06	2.712e-06	2.716e-06	2.714e-06	2.709e-06	2.702e-06	2.686e-06	2.694e-06	2.688e-06	2.671e-06	2.652e-06	2.674e-06	2.676e-06	2.677e-06	2.685e-06	2.67e-06	2.659e-06
19.3	2.993e-06	2.933e-06	2.913e-06	2.869e-06	2.841e-06	2.82e-06	2.812e-06	2.807e-06	2.782e-06	2.768e-06	2.755e-06	2.741e-06	2.73e-06	2.732e-06	2.7e-06	2.717e-06	2.704e-06	2.708e-06	2.712e-06	2.698e-06	2.692e-06	2.688e-06	2.662e-06	2.652e-06	2.684e-06	2.665e-06	2.677e-06	2.686e-06	2.703e-06	2.658e-06
19.31	2.993e-06	2.933e-06	2.913e-06	2.869e-06	2.841e-06	2.82e-06	2.812e-06	2.807e-06	2.782e-06	2.768e-06	2.755e-06	2.741e-06	2.73e-06	2.732e-06	2.7e-06	2.717e-06	2.704e-06	2.708e-06	2.712e-06	2.698e-06	2.692e-06	2.688e-06	2.662e-06	2.652e-06	2.684e-06	2.665e-06	2.677e-06	2.686e-06	2.703e-06	2.658e-06
19.32	2.993e-06	2.933e-06	2.913e-06	2.869e-06	2.841e-06	2.82e-06	2.812e-06	2.807e-06	2.782e-06	2.768e-06	2.755e-06	2.741e-06	2.73e-06	2.732e-06	2.7e-06	2.717e-06	2.704e-06	2.708e-06	2.712e-06	2.698e-06	2.692e-06	2.688e-06	2.662e-06	2.652e-06	2.684e-06	2.665e-06	2.677e-06	2.686e-06	2.703e-06	2.658e-06
19.33	2.993e-06	2.933e-06	2.913e-06	2.869e-06	2.841e-06	2.82e-06	2.812e-06	2.807e-06	2.782e-06	2.768e-06	2.755e-06	2.741e-06	2.73e-06	2.732e-06	2.7e-06	2.717e-06	2.704e-06	2.708e-06	2.712e-06	2.698e-06	2.692e-06	2.688e-06	2.662e-06	2.652e-06	2.684e-06	2.665e-06	2.677e-06	2.686e-06	2.703e-06	2.658e-06
19.34	2.993e-06	2.933e-06	2.913e-06	2.869e-06	2.841e-06	2.82e-06	2.812e-06	2.807e-06	2.782e-06	2.768e-06	2.755e-06	2.741e-06	2.73e-06	2.732e-06	2.7e-06	2.717e-06	2.704e-06	2.708e-06	2.712e-06	2.698e-06	2.692e-06	2.688e-06	2.662e-06	2.652e-06	2.684e-06	2.665e-06	2.677e-06	2.686e-06	2.703e-06	2.658e-06
19.35	2.993e-06	2.933e-06	2.913e-06	2.869e-06	2.841e-06	2.82e-06	2.812e-06	2.807e-06	2.782e-06	2.768e-06	2.755e-06	2.741e-06	2.73e-06	2.732e-06	2.7e-06	2.717e-06	2.704e-06	2.708e-06	2.712e-06	2.698e-06	2.692e-06	2.688e-06	2.662e-06	2.652e-06	2.684e-06	2.665e-06	2.677e-06	2.686e-06	2.703e-06	2.658e-06
19.36	2.993e-06	2.933e-06	2.913e-06	2.869e-06	2.841e-06	2.82e-06	2.812e-06	2.807e-06	2.782e-06	2.768e-06	2.755e-06	2.741e-06	2.73e-06	2.732e-06	2.7e-06	2.717e-06	2.704e-06	2.708e-06	2.712e-06	2.698e-06	2.692e-06	2.688e-06	2.662e-06	2.652e-06	2.684e-06	2.665e-06	2.677e-06	2.686e-06	2.703e-06	2.658e-06
19.37	2.993e-06	2.933e-06	2.913e-06	2.869e-06	2.841e-06	2.82e-06	2.812e-06	2.807e-06	2.782e-06	2.768e-06	2.755e-06	2.741e-06	2.73e-06	2.732e-06	2.7e-06	2.717e-06	2.704e-06	2.708e-06	2.712e-06	2.698e-06	2.692e-06	2.688e-06	2.662e-06	2.652e-06	2.684e-06	2.665e-06	2.677e-06	2.686e-06	2.703e-06	2.658e-06
19.38	2.993e-06	2.933e-06	2.913e-06	2.869e-06	2.841e-06	2.82e-06	2.812e-06	2.807e-06	2.782e-06	2.768e-06	2.755e-06	2.741e-06	2.73e-06	2.732e-06	2.7e-06	2.717e-06	2.704e-06	2.708e-06	2.712e-06	2.698e-06	2.692e-06	2.688e-06	2.662e-06	2.652e-06	2.684e-06	2.665e-06	2.677e-06	2.686e-06	2.703e-06	2.658e-06
19.39	2.993e-06	2.933e-06	2.913e-06	2.869e-06	2.841e-06	2.82e-06	2.812e-06	2.807e-06	2.782e-06	2.768e-06	2.755e-06	2.741e-06	2.73e-06	2.732e-06	2.7e-06	2.717e-06	2.704e-06	2.708e-06	2.712e-06	2.698e-06	2.692e-06	2.688e-06	2.662e-06	2.652e-06	2.684e-06	2.665e-06	2.677e-06	2.686e-06	2.703e-06	2.658e-06
19.4	2.99e-06	2.954e-06	2.898e-06	2.88e-06	2.852e-06	2.83e-06	2.8e-06	2.795e-06	2.781e-06	2.767e-06	2.753e-06	2.751e-06	2.729e-06	2.731e-06	2.721e-06	2.725e-06	2.706e-06	2.708e-06	2.702e-06	2.687e-06	2.714e-06	2.687e-06	2.661e-06	2.652e-06	2.672e-06	2.686e-06	2.687e-06	2.673e-06	2.671e-06	2.647e-06
19.41	2.99e-06	2.954e-06	2.898e-06	2.88e-06	2.852e-06	2.83e-06	2.8e-06	2.795e-06	2.781e-06	2.767e-06	2.753e-06	2.751e-06	2.729e-06	2.731e-06	2.721e-06	2.725e-06	2.706e-06	2.708e-06	2.702e-06	2.687e-06	2.714e-06	2.687e-06	2.661e-06	2.652e-06	2.672e-06	2.686e-06	2.687e-06	2.673e-06	2.671e-06	2.647e-06
19.42	2.99e-06	2.954e-06	2.898e-06	2.88e-06	2.852e-06	2.83e-06	2.8e-06	2.795e-06	2.781e-06	2.767e-06	2.753e-06	2.751e-06	2.729e-06	2.731e-06	2.721e-06	2.725e-06	2.706e-06	2.708e-06	2.702e-06	2.687e-06	2.714e-06	2.687e-06	2.661e-06	2.652e-06	2.672e-06	2.686e-06	2.687e-06	2.673e-06	2.671e-06	2.647e-06
19.43	2.99e-06	2.954e-06	2.898e-06	2.88e-06	2.852e-06	2.83e-06	2.8e-06	2.795e-06	2.781e-06	2.767e-06	2.753e-06	2.751e-06	2.729e-06	2.731e-06	2.721e-06	2.725e-06	2.706e-06	2.708e-06	2.702e-06	2.687e-06	2.714e-06	2.687e-06	2.661e-06	2.652e-06	2.672e-06	2.686e-06	2.687e-06	2.673e-06	2.671e-06	2.647e-06
19.44	2.99e-06	2.954e-06	2.898e-06	2.88e-06	2.852e-06	2.83e-06	2.8e-06	2.795e-06	2.781e-06	2.767e-06	2.753e-06	2.751e-06	2.729e-06	2.731e-06	2.721e-06	2.725e-06	2.706e-06	2.708e-06	2.702e-06	2.687e-06	2.714e-06	2.687e-06	2.661e-06	2.652e-06	2.672e-06	2.686e-06	2.687e-06	2.673e-06	2.671e-06	2.647e-06
19.45	2.99e-06	2.954e-06	2.898e-06	2.88e-06	2.852e-06	2.83e-06	2.8e-06	2.795e-06	2.781e-06	2.767e-06	2.753e-06	2.751e-06	2.729e-06	2.731e-06	2.721e-06	2.725e-06	2.706e-06	2.708e-06	2.702e-06	2.687e-06	2.714e-06	2.687e-06	2.661e-06	2.652e-06	2.672e-06	2.686e-06	2.687e-06	2.673e-06	2.671e-06	2.647e-06
19.46	2.99e-06	2.954e-06	2.898e-06	2.88e-06	2.852e-06	2.83e-06	2.8e-06	2.795e-06	2.781e-06	2.767e-06	2.753e-06	2.751e-06	2.729e-06	2.731e-06	2.721e-06	2.725e-06	2.706e-06	2.708e-06	2.702e-06	2.687e-06	2.714e-06	2.687e-06	2.661e-06	2.652e-06	2.672e-06	2.686e-06	2.687e-06	2.673e-06	2.671e-06	2.647e-06
19.47	2.99e-06	2.954e-06	2.898e-06	2.88e-06	2.852e-06	2.83e-06	2.8e-06	2.795e-06	2.781e-06	2.767e-06	2.753e-06	2.751e-06	2.729e-06	2.731e-06	2.721e-06	2.725e-06	2.706e-06	2.708e-06	2.702e-06	2.687e-06	2.714e-06	2.687e-06	2.661e-06	2.652e-06	2.672e-06	2.686e-06	2.687e-06	2.673e-06	2.671e-06	2.647e-06
19.48	2.99e-06	2.954e-06	2.898e-06	2.88e-06	2.852e-06	2.83e-06	2.8e-06	2.795e-06	2.781e-06	2.767e-06	2.753e-06	2.751e-06	2.729e-06	2.731e-06	2.721e-06	2.725e-06	2.706e-06	2.708e-06	2.702e-06	2.687e-06	2.714e-06	2.687e-06	2.661e-06	2.652e-06	2.672e-06	2.686e-06	2.687e-06	2.673e-06	2.671e-06	2.647e-06
19.49	2.99e-06	2.954e-06	2.898e-06	2.88e-06	2.852e-06	2.83e-06	2.8e-06	2.795e-06	2.781e-06	2.767e-06	2.753e-06	2.751e-06	2.729e-06	2.731e-06	2.721e-06	2.725e-06	2.706e-06	2.708e-06	2.702e-06	2.687e-06	2.714e-06	2.687e-06	2.661e-06	2.652e-06	2.672e-06	2.686e-06	2.687e-06	2.673e-06	2.671e-06	2.647e-06
19.5	3e-06	2.943e-06	2.887e-06	2.866e-06	2.841e-06	2.809e-06	2.812e-06	2.795e-06	2.78e-06	2.766e-06	2.751e-06	2.751e-06	2.739e-06	2.732e-06	2.72e-06	2.725e-06	2.714e-06	2.72e-06	2.702e-06	2.697e-06	2.693e-06	2.687e-06	2.659e-06	2.654e-06	2.673e-06	2.677e-06	2.677e-06	2.686e-06	2.691e-06	2.657e-06
19.51	3e-06	2.943e-06	2.887e-06	2.866e-06	2.841e-06	2.809e-06	2.812e-06	2.795e-06	2.78e-06	2.766e-06	2.751e-06	2.751e-06	2.739e-06	2.732e-06	2.72e-06	2.725e-06	2.714e-06	2.72e-06	2.702e-06	2.697e-06	2.693e-06	2.687e-06	2.659e-06	2.654e-06	2.673e-06	2.677e-06	2.677e-06	2.686e-06	2.691e-06	2.657e-06
19.52	3e-06	2.943e-06	2.887e-06	2.866e-06	2.841e-06	2.809e-06	2.812e-06	2.795e-06	2.78e-06	2.766e-06	2.751e-06	2.751e-06	2.739e-06	2.732e-06	2.72e-06	2.725e-06	2.714e-06	2.72e-06	2.702e-06	2.697e-06	2.693e-06	2.687e-06	2.659e-06	2.654e-06	2.673e-06	2.677e-06	2.677e-06	2.686e-06	2.691e-06	2.657e-06
19.53	3e-06	2.943e-06	2.887e-06	2.866e-06	2.841e-06	2.809e-06	2.812e-06	2.795e-06	2.78e-06	2.766e-06	2.751e-06	2.751e-06	2.739e-06	2.732e-06	2.72e-06	2.725e-06	2.714e-06	2.72e-06	2.702e-06	2.697e-06	2.693e-06	2.687e-06	2.659e-06	2.654e-06	2.673e-06	2.677e-06	2.677e-06	2.686e-06	2.691e-06	2.657e-06
19.54	3e-06	2.943e-06	2.887e-06	2.866e-06	2.841e-06	2.809e-06	2.812e-06	2.795e-06	2.78e-06	2.766e-06	2.751e-06	2.751e-06	2.739e-06	2.732e-06	2.72e-06	2.725e-06	2.714e-06	2.72e-06	2.702e-06	2.697e-06	2.693e-06	2.687e-06	2.659e-06	2.654e-06	2.673e-06	2.677e-06	2.677e-06	2.686e-06	2.691e-06	2.657e-06
19.55	3e-06	2.943e-06	2.887e-06	2.866e-06	2.841e-06	2.809e-06	2.812e-06	2.795e-06	2.78e-06	2.766e-06	2.751e-06	2.751e-06	2.739e-06	2.732e-06	2.72e-06	2.725e-06	2.714e-06	2.72e-06	2.702e-06	2.697e-06	2.693e-06	2.687e-06	2.659e-06	2.654e-06	2.673e-06	2.677e-06	2.677e-06	2.686e-06	2.691e-06	2.657e-06
19.56	3e-06	2.943e-06	2.887e-06	2.866e-06	2.841e-06	2.809e-06	2.812e-06	2.795e-06	2.78e-06	2.766e-06	2.751e-06	2.751e-06	2.739e-06	2.732e-06	2.72e-06	2.725e-06	2.714e-06	2.72e-06	2.702e-06	2.697e-06	2.693e-06	2.687e-06	2.659e-06	2.654e-06	2.673e-06	2.677e-06	2.677e-06	2.686e-06	2.691e-06	2.657e-06
19.57	3e-06	2.943e-06	2.887e-06	2.866e-06	2.841e-06	2.809e-06	2.812e-06	2.795e-06	2.78e-06	2.766e-06	2.751e-06	2.751e-06	2.739e-06	2.732e-06	2.72e-06	2.725e-06	2.714e-06	2.72e-06	2.702e-06	2.697e-06	2.693e-06	2.687e-06	2.659e-06	2.654e-06	2.673e-06	2.677e-06	2.677e-06	2.686e-06	2.691e-06	2.657e-06
19.58	3e-06	2.943e-06	2.887e-06	2.866e-06	2.841e-06	2.809e-06	2.812e-06	2.795e-06	2.78e-06	2.766e-06	2.751e-06	2.751e-06	2.739e-06	2.732e-06	2.72e-06	2.725e-06	2.714e-06	2.72e-06	2.702e-06	2.697e-06	2.693e-06	2.687e-06	2.659e-06	2.654e-06	2.673e-06	2.677e-06	2.677e-06	2.686e-06	2.691e-06	2.657e-06
19.59	3e-06	2.943e-06	2.887e-06	2.866e-06	2.841e-06	2.809e-06	2.812e-06	2.795e-06	2.78e-06	2.766e-06	2.751e-06	2.751e-06	2.739e-06	2.732e-06	2.72e-06	2.725e-06	2.714e-06	2.72e-06	2.702e-06	2.697e-06	2.693e-06	2.687e-06	2.659e-06	2.654e-06	2.673e-06	2.677e-06	2.677e-06	2.686e-06	2.691e-06	2.657e-06
19.6	2.997e-06	2.941e-06	2.898e-06	2.865e-06	2.85e-06	2.818e-06	2.81e-06	2.806e-06	2.78e-06	2.765e-06	2.763e-06	2.738e-06	2.74e-06	2.731e-06	2.731e-06	2.725e-06	2.705e-06	2.696e-06	2.69e-06	2.686e-06	2.692e-06	2.686e-06	2.669e-06	2.654e-06	2.674e-06	2.677e-06	2.677e-06	2.684e-06	2.679e-06	2.655e-06
19.61	2.997e-06	2.941e-06	2.898e-06	2.865e-06	2.85e-06	2.818e-06	2.81e-06	2.806e-06	2.78e-06	2.765e-06	2.763e-06	2.738e-06	2.74e-06	2.731e-06	2.731e-06	2.725e-06	2.705e-06	2.696e-06	2.69e-06	2.686e-06	2.692e-06	2.686e-06	2.669e-06	2.654e-06	2.674e-06	2.677e-06	2.677e-06	2.684e-06	2.679e-06	2.655e-06
19.62	2.997e-06	2.941e-06	2.898e-06	2.865e-06	2.85e-06	2.818e-06	2.81e-06	2.806e-06	2.78e-06	2.765e-06	2.763e-06	2.738e-06	2.74e-06	2.731e-06	2.731e-06	2.725e-06	2.705e-06	2.696e-06	2.69e-06	2.686e-06	2.692e-06	2.686e-06	2.669e-06	2.654e-06	2.674e-06	2.677e-06	2.677e-06	2.684e-06	2.679e-06	2.655e-06
19.63	2.997e-06	2.941e-06	2.898e-06	2.865e-06	2.85e-06	2.818e-06	2.81e-06	2.806e-06	2.78e-06	2.765e-06	2.763e-06	2.738e-06	2.74e-06	2.731e-06	2.731e-06	2.725e-06	2.705e-06	2.696e-06	2.69e-06	2.686e-06	2.692e-06	2.686e-06	2.669e-06	2.654e-06	2.674e-06	2.677e-06	2.677e-06	2.684e-06	2.679e-06	2.655e-06
19.64	2.997e-06	2.941e-06	2.898e-06	2.865e-06	2.85e-06	2.818e-06	2.81e-06	2.806e-06	2.78e-06	2.765e-06	2.763e-06	2.738e-06	2.74e-06	2.731e-06	2.731e-06	2.725e-06	2.705e-06	2.696e-06	2.69e-06	2.686e-06	2.692e-06	2.686e-06	2.669e-06	2.654e-06	2.674e-06	2.677e-06	2.677e-06	2.684e-06	2.679e-06	2.655e-06
19.65	2.997e-06	2.941e-06	2.898e-06	2.865e-06	2.85e-06	2.818e-06	2.81e-06	2.806e-06	2.78e-06	2.765e-06	2.763e-06	2.738e-06	2.74e-06	2.731e-06	2.731e-06	2.725e-06	2.705e-06	2.696e-06	2.69e-06	2.686e-06	2.692e-06	2.686e-06	2.669e-06	2.654e-06	2.674e-06	2.677e-06	2.677e-06	2.684e-06	2.679e-06	2.655e-06
19.66	2.997e-06	2.941e-06	2.898e-06	2.865e-06	2.85e-06	2.818e-06	2.81e-06	2.806e-06	2.78e-06	2.765e-06	2.763e-06	2.738e-06	2.74e-06	2.731e-06	2.731e-06	2.725e-06	2.705e-06	2.696e-06	2.69e-06	2.686e-06	2.692e-06	2.686e-06	2.669e-06	2.654e-06	2.674e-06	2.677e-06	2.677e-06	2.684e-06	2.679e-06	2.655e-06
19.67	2.997e-06	2.941e-06	2.898e-06	2.865e-06	2.85e-06	2.818e-06	2.81e-06	2.806e-06	2.78e-06	2.765e-06	2.763e-06	2.738e-06	2.74e-06	2.731e-06	2.731e-06	2.725e-06	2.705e-06	2.696e-06	2.69e-06	2.686e-06	2.692e-06	2.686e-06	2.669e-06	2.654e-06	2.674e-06	2.677e-06	2.677e-06	2.684e-06	2.679e-06	2.655e-06
19.68	2.997e-06	2.941e-06	2.898e-06	2.865e-06	2.85e-06	2.818e-06	2.81e-06	2.806e-06	2.78e-06	2.765e-06	2.763e-06	2.738e-06	2.74e-06	2.731e-06	2.731e-06	2.725e-06	2.705e-06	2.696e-06	2.69e-06	2.686e-06	2.692e-06	2.686e-06	2.669e-06	2.654e-06	2.674e-06	2.677e-06	2.677e-06	2.684e-06	2.679e-06	2.655e-06
19.69	2.997e-06	2.941e-06	2.898e-06	2.865e-06	2.85e-06	2.818e-06	2.81e-06	2.806e-06	2.78e-06	2.765e-06	2.763e-06	2.738e-06	2.74e-06	2.731e-06	2.731e-06	2.725e-06	2.705e-06	2.696e-06	2.69e-06	2.686e-06	2.692e-06	2.686e-06	2.669e-06	2.654e-06	2.674e-06	2.677e-06	2.677e-06	2.684e-06	2.679e-06	2.655e-06
19.7	2.996e-06	2.938e-06	2.896e-06	2.875e-06	2.851e-06	2.816e-06	2.831e-06	2.784e-06	2.78e-06	2.765e-06	2.75e-06	2.739e-06	2.729e-06	2.731e-06	2.721e-06	2.714e-06	2.716e-06	2.696e-06	2.712e-06	2.687e-06	2.693e-06	2.696e-06	2.649e-06	2.664e-06	2.664e-06	2.688e-06	2.677e-06	2.685e-06	2.678e-06	2.655e-06
19.71	2.996e-06	2.938e-06	2.896e-06	2.875e-06	2.851e-06	2.816e-06	2.831e-06	2.784e-06	2.78e-06	2.765e-06	2.75e-06	2.739e-06	2.729e-06	2.731e-06	2.721e-06	2.714e-06	2.716e-06	2.696e-06	2.712e-06	2.687e-06	2.693e-06	2.696e-06	2.649e-06	2.664e-06	2.664e-06	2.688e-06	2.677e-06	2.685e-06	2.678e-06	2.655e-06
19.72	2.996e-06	2.938e-06	2.896e-06	2.875e-06	2.851e-06	2.816e-06	2.831e-06	2.784e-06	2.78e-06	2.765e-06	2.75e-06	2.739e-06	2.729e-06	2.731e-06	2.721e-06	2.714e-06	2.716e-06	2.696e-06	2.712e-06	2.687e-06	2.693e-06	2.696e-06	2.649e-06	2.664e-06	2.664e-06	2.688e-06	2.677e-06	2.685e-06	2.678e-06	2.655e-06
19.73	2.996e-06	2.938e-06	2.896e-06	2.875e-06	2.851e-06	2.816e-06	2.831e-06	2.784e-06	2.78e-06	2.765e-06	2.75e-06	2.739e-06	2.729e-06	2.731e-06	2.721e-06	2.714e-06	2.716e-06	2.696e-06	2.712e-06	2.687e-06	2.693e-06	2.696e-06	2.649e-06	2.664e-06	2.664e-06	2.688e-06	2.677e-06	2.685e-06	2.678e-06	2.655e-06
19.74	2.996e-06	2.938e-06	2.896e-06	2.875e-06	2.851e-06	2.816e-06	2.831e-06	2.784e-06	2.78e-06	2.765e-06	2.75e-06	2.739e-06	2.729e-06	2.731e-06	2.721e-06	2.714e-06	2.716e-06	2.696e-06	2.712e-06	2.687e-06	2.693e-06	2.696e-06	2.649e-06	2.664e-06	2.664e-06	2.688e-06	2.677e-06	2.685e-06	2.678e-06	2.655e-06
19.75	2.996e-06	2.938e-06	2.896e-06	2.875e-06	2.851e-06	2.816e-06	2.831e-06	2.784e-06	2.78e-06	2.765e-06	2.75e-06	2.739e-06	2.729e-06	2.731e-06	2.721e-06	2.714e-06	2.716e-06	2.696e-06	2.712e-06	2.687e-06	2.693e-06	2.696e-06	2.649e-06	2.664e-06	2.664e-06	2.688e-06	2.677e-06	2.685e-06	2.678e-06	2.655e-06
19.76	2.996e-06	2.938e-06	2.896e-06	2.875e-06	2.851e-06	2.816e-06	2.831e-06	2.784e-06	2.78e-06	2.765e-06	2.75e-06	2.739e-06	2.729e-06	2.731e-06	2.721e-06	2.714e-06	2.716e-06	2.696e-06	2.712e-06	2.687e-06	2.693e-06	2.696e-06	2.649e-06	2.664e-06	2.664e-06	2.688e-06	2.677e-06	2.685e-06	2.678e-06	2.655e-06
19.77	2.996e-06	2.938e-06	2.896e-06	2.875e-06	2.851e-06	2.816e-06	2.831e-06	2.784e-06	2.78e-06	2.765e-06	2.75e-06	2.739e-06	2.729e-06	2.731e-06	2.721e-06	2.714e-06	2.716e-06	2.696e-06	2.712e-06	2.687e-06	2.693e-06	2.696e-06	2.649e-06	2.664e-06	2.664e-06	2.688e-06	2.677e-06	2.685e-06	2.678e-06	2.655e-06
19.78	2.996e-06	2.938e-06	2.896e-06	2.875e-06	2.851e-06	2.816e-06	2.831e-06	2.784e-06	2.78e-06	2.765e-06	2.75e-06	2.739e-06	2.729e-06	2.731e-06	2.721e-06	2.714e-06	2.716e-06	2.696e-06	2.712e-06	2.687e-06	2.693e-06	2.696e-06	2.649e-06	2.664e-06	2.664e-06	2.688e-06	2.677e-06	2.685e-06	2.678e-06	2.655e-06
19.79	2.996e-06	2.938e-06	2.896e-06	2.875e-06	2.851e-06	2.816e-06	2.831e-06	2.784e-06	2.78e-06	2.765e-06	2.75e-06	2.739e-06	2.729e-06	2.731e-06	2.721e-06	2.714e-06	2.716e-06	2.696e-06	2.712e-06	2.687e-06	2.693e-06	2.696e-06	2.649e-06	2.664e-06	2.664e-06	2.688e-06	2.677e-06	2.685e-06	2.678e-06	2.655e-06
19.8	2.981e-06	2.926e-06	2.894e-06	2.864e-06	2.85e-06	2.816e-06	2.81e-06	2.794e-06	2.8e-06	2.775e-06	2.773e-06	2.739e-06	2.738e-06	2.731e-06	2.718e-06	2.713e-06	2.716e-06	2.696e-06	2.7e-06	2.697e-06	2.693e-06	2.684e-06	2.67e-06	2.654e-06	2.675e-06	2.676e-06	2.688e-06	2.684e-06	2.689e-06	2.655e-06
19.81	2.981e-06	2.926e-06	2.894e-06	2.864e-06	2.85e-06	2.816e-06	2.81e-06	2.794e-06	2.8e-06	2.775e-06	2.773e-06	2.739e-06	2.738e-06	2.731e-06	2.718e-06	2.713e-06	2.716e-06	2.696e-06	2.7e-06	2.697e-06	2.693e-06	2.684e-06	2.67e-06	2.654e-06	2.675e-06	2.676e-06	2.688e-06	2.684e-06	2.689e-06	2.655e-06
19.82	2.981e-06	2.926e-06	2.894e-06	2.864e-06	2.85e-06	2.816e-06	2.81e-06	2.794e-06	2.8e-06	2.775e-06	2.773e-06	2.739e-06	2.738e-06	2.731e-06	2.718e-06	2.713e-06	2.716e-06	2.696e-06	2.7e-06	2.697e-06	2.693e-06	2.684e-06	2.67e-06	2.654e-06	2.675e-06	2.676e-06	2.688e-06	2.684e-06	2.689e-06	2.655e-06
19.83	2.981e-06	2.926e-06	2.894e-06	2.864e-06	2.85e-06	2.816e-06	2.81e-06	2.794e-06	2.8e-06	2.775e-06	2.773e-06	2.739e-06	2.738e-06	2.731e-06	2.718e-06	2.713e-06	2.716e-06	2.696e-06	2.7e-06	2.697e-06	2.693e-06	2.684e-06	2.67e-06	2.654e-06	2.675e-06	2.676e-06	2.688e-06	2.684e-06	2.689e-06	2.655e-06
19.84	2.981e-06	2.926e-06	2.894e-06	2.864e-06	2.85e-06	2.816e-06	2.81e-06	2.794e-06	2.8e-06	2.775e-06	2.773e-06	2.739e-06	2.738e-06	2.731e-06	2.718e-06	2.713e-06	2.716e-06	2.696e-06	2.7e-06	2.697e-06	2.693e-06	2.684e-06	2.67e-06	2.654e-06	2.675e-06	2.676e-06	2.688e-06	2.684e-06	2.689e-06	2.655e-06
19.85	2.981e-06	2.926e-06	2.894e-06	2.864e-06	2.85e-06	2.816e-06	2.81e-06	2.794e-06	2.8e-06	2.775e-06	2.773e-06	2.739e-06	2.738e-06	2.731e-06	2.718e-06	2.713e-06	2.716e-06	2.696e-06	2.7e-06	2.697e-06	2.693e-06	2.684e-06	2.67e-06	2.654e-06	2.675e-06	2.676e-06	2.688e-06	2.684e-06	2.689e-06	2.655e-06
19.86	2.981e-06	2.926e-06	2.894e-06	2.864e-06	2.85e-06	2.816e-06	2.81e-06	2.794e-06	2.8e-06	2.775e-06	2.773e-06	2.739e-06	2.738e-06	2.731e-06	2.718e-06	2.713e-06	2.716e-06	2.696e-06	2.7e-06	2.697e-06	2.693e-06	2.684e-06	2.67e-06	2.654e-06	2.675e-06	2.676e-06	2.688e-06	2.684e-06	2.689e-06	2.655e-06
19.87	2.981e-06	2.926e-06	2.894e-06	2.864e-06	2.85e-06	2.816e-06	2.81e-06	2.794e-06	2.8e-06	2.775e-06	2.773e-06	2.739e-06	2.738e-06	2.731e-06	2.718e-06	2.713e-06	2.716e-06	2.696e-06	2.7e-06	2.697e-06	2.693e-06	2.684e-06	2.67e-06	2.654e-06	2.675e-06	2.676e-06	2.688e-06	2.684e-06	2.689e-06	2.655e-06
19.88	2.981e-06	2.926e-06	2.894e-06	2.864e-06	2.85e-06	2.816e-06	2.81e-06	2.794e-06	2.8e-06	2.775e-06	2.773e-06	2.739e-06	2.738e-06	2.731e-06	2.718e-06	2.713e-06	2.716e-06	2.696e-06	2.7e-06	2.697e-06	2.693e-06	2.684e-06	2.67e-06	2.654e-06	2.675e-06	2.676e-06	2.688e-06	2.684e-06	2.689e-06	2.655e-06
19.89	2.981e-06	2.926e-06	2.894e-06	2.864e-06	2.85e-06	2.816e-06	2.81e-06	2.794e-06	2.8e-06	2.775e-06	2.773e-06	2.739e-06	2.738e-06	2.731e-06	2.718e-06	2.713e-06	2.716e-06	2.696e-06	2.7e-06	2.697e-06	2.693e-06	2.684e-06	2.67e-06	2.654e-06	2.675e-06	2.676e-06	2.688e-06	2.684e-06	2.689e-06	2.655e-06
19.9	2.98e-06	2.935e-06	2.894e-06	2.851e-06	2.85e-06	2.827e-06	2.808e-06	2.793e-06	2.778e-06	2.775e-06	2.75e-06	2.738e-06	2.738e-06	2.729e-06	2.718e-06	2.714e-06	2.705e-06	2.707e-06	2.69e-06	2.696e-06	2.693e-06	2.693e-06	2.66e-06	2.654e-06	2.673e-06	2.677e-06	2.678e-06	2.682e-06	2.678e-06	2.654e-06
19.91	2.98e-06	2.935e-06	2.894e-06	2.851e-06	2.85e-06	2.827e-06	2.808e-06	2.793e-06	2.778e-06	2.775e-06	2.75e-06	2.738e-06	2.738e-06	2.729e-06	2.718e-06	2.714e-06	2.705e-06	2.707e-06	2.69e-06	2.696e-06	2.693e-06	2.693e-06	2.66e-06	2.654e-06	2.673e-06	2.677e-06	2.678e-06	2.682e-06	2.678e-06	2.654e-06
19.92	2.98e-06	2.935e-06	2.894e-06	2.851e-06	2.85e-06	2.827e-06	2.808e-06	2.793e-06	2.778e-06	2.775e-06	2.75e-06	2.738e-06	2.738e-06	2.729e-06	2.718e-06	2.714e-06	2.705e-06	2.707e-06	2.69e-06	2.696e-06	2.693e-06	2.693e-06	2.66e-06	2.654e-06	2.673e-06	2.677e-06	2.678e-06	2.682e-06	2.678e-06	2.654e-06
19.93	2.98e-06	2.935e-06	2.894e-06	2.851e-06	2.85e-06	2.827e-06	2.808e-06	2.793e-06	2.778e-06	2.775e-06	2.75e-06	2.738e-06	2.738e-06	2.729e-06	2.718e-06	2.714e-06	2.705e-06	2.707e-06	2.69e-06	2.696e-06	2.693e-06	2.693e-06	2.66e-06	2.654e-06	2.673e-06	2.677e-06	2.678e-06	2.682e-06	2.678e-06	2.654e-06
19.94	2.98e-06	2.935e-06	2.894e-06	2.851e-06	2.85e-06	2.827e-06	2.808e-06	2.793e-06	2.778e-06	2.775e-06	2.75e-06	2.738e-06	2.738e-06	2.729e-06	2.718e-06	2.714e-06	2.705e-06	2.707e-06	2.69e-06	2.696e-06	2.693e-06	2.693e-06	2.66e-06	2.654e-06	2.673e-06	2.677e-06	2.678e-06	2.682e-06	2.678e-06	2.654e-06
19.95	2.98e-06	2.935e-06	2.894e-06	2.851e-06	2.85e-06	2.827e-06	2.808e-06	2.793e-06	2.778e-06	2.775e-06	2.75e-06	2.738e-06	2.738e-06	2.729e-06	2.718e-06	2.714e-06	2.705e-06	2.707e-06	2.69e-06	2.696e-06	2.693e-06	2.693e-06	2.66e-06	2.654e-06	2.673e-06	2.677e-06	2.678e-06	2.682e-06	2.678e-06	2.654e-06
19.96	2.98e-06	2.935e-06	2.894e-06	2.851e-06	2.85e-06	2.827e-06	2.808e-06	2.793e-06	2.778e-06	2.775e-06	2.75e-06	2.738e-06	2.738e-06	2.729e-06	2.718e-06	2.714e-06	2.705e-06	2.707e-06	2.69e-06	2.696e-06	2.693e-06	2.693e-06	2.66e-06	2.654e-06	2.673e-06	2.677e-06	2.678e-06	2.682e-06	2.678e-06	2.654e-06
19.97	2.98e-06	2.935e-06	2.894e-06	2.851e-06	2.85e-06	2.827e-06	2.808e-06	2.793e-06	2.778e-06	2.775e-06	2.75e-06	2.738e-06	2.738e-06	2.729e-06	2.718e-06	2.714e-06	2.705e-06	2.707e-06	2.69e-06	2.696e-06	2.693e-06	2.693e-06	2.66e-06	2.654e-06	2.673e-06	2.677e-06	2.678e-06	2.682e-06	2.678e-06	2.654e-06
19.98	2.98e-06	2.935e-06	2.894e-06	2.851e-06	2.85e-06	2.827e-06	2.808e-06	2.793e-06	2.778e-06	2.775e-06	2.75e-06	2.738e-06	2.738e-06	2.729e-06	2.718e-06	2.714e-06	2.705e-06	2.707e-06	2.69e-06	2.696e-06	2.693e-06	2.693e-06	2.66e-06	2.654e-06	2.673e-06	2.677e-06	2.678e-06	2.682e-06	2.678e-06	2.654e-06
19.99	2.98e-06	2.935e-06	2.894e-06	2.851e-06	2.85e-06	2.827e-06	2.808e-06	2.793e-06	2.778e-06	2.775e-06	2.75e-06	2.738e-06	2.738e-06	2.729e-06	2.718e-06	2.714e-06	2.705e-06	2.707e-06	2.69e-06	2.696e-06	2.693e-06	2.693e-06	2.66e-06	2.654e-06	2.673e-06	2.677e-06	2.678e-06	2.682e-06	2.678e-06	2.654e-06
20	2.978e-06	2.933e-06	2.891e-06	2.872e-06	2.849e-06	2.827e-06	2.798e-06	2.792e-06	2.777e-06	2.775e-06	2.748e-06	2.761e-06	2.739e-06	2.741e-06	2.717e-06	2.701e-06	2.713e-06	2.706e-06	2.702e-06	2.696e-06	2.703e-06	2.682e-06	2.648e-06	2.665e-06	2.674e-06	2.676e-06	2.676e-06	2.684e-06	2.675e-06	2.665e-06
20.01	2.978e-06	2.933e-06	2.891e-06	2.872e-06	2.849e-06	2.827e-06	2.798e-06	2.792e-06	2.777e-06	2.775e-06	2.748e-06	2.761e-06	2.739e-06	2.741e-06	2.717e-06	2.701e-06	2.713e-06	2.706e-06	2.702e-06	2.696e-06	2.703e-06	2.682e-06	2.648e-06	2.665e-06	2.674e-06	2.676e-06	2.676e-06	2.684e-06	2.675e-06	2.665e-06
20.02	2.978e-06	2.933e-06	2.891e-06	2.872e-06	2.849e-06	2.827e-06	2.798e-06	2.792e-06	2.777e-06	2.775e-06	2.748e-06	2.761e-06	2.739e-06	2.741e-06	2.717e-06	2.701e-06	2.713e-06	2.706e-06	2.702e-06	2.696e-06	2.703e-06	2.682e-06	2.648e-06	2.665e-06	2.674e-06	2.676e-06	2.676e-06	2.684e-06	2.675e-06	2.665e-06
20.03	2.978e-06	2.933e-06	2.891e-06	2.872e-06	2.849e-06	2.827e-06	2.798e-06	2.792e-06	2.777e-06	2.775e-06	2.748e-06	2.761e-06	2.739e-06	2.741e-06	2.717e-06	2.701e-06	2.713e-06	2.706e-06	2.702e-06	2.696e-06	2.703e-06	2.682e-06	2.648e-06	2.665e-06	2.674e-06	2.676e-06	2.676e-06	2.684e-06	2.675e-06	2.665e-06
20.04	2.978e-06	2.933e-06	2.891e-06	2.872e-06	2.849e-06	2.827e-06	2.798e-06	2.792e-06	2.777e-06	2.775e-06	2.748e-06	2.761e-06	2.739e-06	2.741e-06	2.717e-06	2.701e-06	2.713e-06	2.706e-06	2.702e-06	2.696e-06	2.703e-06	2.682e-06	2.648e-06	2.665e-06	2.674e-06	2.676e-06	2.676e-06	2.684e-06	2.675e-06	2.665e-06
20.05	2.978e-06	2.933e-06	2.891e-06	2.872e-06	2.849e-06	2.827e-06	2.798e-06	2.792e-06	2.777e-06	2.775e-06	2.748e-06	2.761e-06	2.739e-06	2.741e-06	2.717e-06	2.701e-06	2.713e-06	2.706e-06	2.702e-06	2.696e-06	2.703e-06	2.682e-06	2.648e-06	2.665e-06	2.674e-06	2.676e-06	2.676e-06	2.684e-06	2.675e-06	2.665e-06
20.06	2.978e-06	2.933e-06	2.891e-06	2.872e-06	2.849e-06	2.827e-06	2.798e-06	2.792e-06	2.777e-06	2.775e-06	2.748e-06	2.761e-06	2.739e-06	2.741e-06	2.717e-06	2.701e-06	2.713e-06	2.706e-06	2.702e-06	2.696e-06	2.703e-06	2.682e-06	2.648e-06	2.665e-06	2.674e-06	2.676e-06	2.676e-06	2.684e-06	2.675e-06	2.665e-06
20.07	2.978e-06	2.933e-06	2.891e-06	2.872e-06	2.849e-06	2.827e-06	2.798e-06	2.792e-06	2.777e-06	2.775e-06	2.748e-06	2.761e-06	2.739e-06	2.741e-06	2.717e-06	2.701e-06	2.713e-06	2.706e-06	2.702e-06	2.696e-06	2.703e-06	2.682e-06	2.648e-06	2.665e-06	2.674e-06	2.676e-06	2.676e-06	2.684e-06	2.675e-06	2.665e-06
20.08	2.978e-06	2.933e-06	2.891e-06	2.872e-06	2.849e-06	2.827e-06	2.798e-06	2.792e-06	2.777e-06	2.775e-06	2.748e-06	2.761e-06	2.739e-06	2.741e-06	2.717e-06	2.701e-06	2.713e-06	2.706e-06	2.702e-06	2.696e-06	2.703e-06	2.682e-06	2.648e-06	2.665e-06	2.674e-06	2.676e-06	2.676e-06	2.684e-06	2.675e-06	2.665e-06
20.09	2.978e-06	2.933e-06	2.891e-06	2.872e-06	2.849e-06	2.827e-06	2.798e-06	2.792e-06	2.777e-06	2.775e-06	2.748e-06	2.761e-06	2.739e-06	2.741e-06	2.717e-06	2.701e-06	2.713e-06	2.706e-06	2.702e-06	2.696e-06	2.703e-06	2.682e-06	2.648e-06	2.665e-06	2.674e-06	2.676e-06	2.676e-06	2.684e-06	2.675e-06	2.665e-06
20.1	2.975e-06	2.932e-06	2.89e-06	2.861e-06	2.848e-06	2.825e-06	2.796e-06	2.803e-06	2.779e-06	2.773e-06	2.748e-06	2.748e-06	2.738e-06	2.73e-06	2.729e-06	2.724e-06	2.713e-06	2.705e-06	2.7e-06	2.697e-06	2.703e-06	2.681e-06	2.66e-06	2.654e-06	2.673e-06	2.664e-06	2.676e-06	2.684e-06	2.675e-06	2.643e-06
20.11	2.975e-06	2.932e-06	2.89e-06	2.861e-06	2.848e-06	2.825e-06	2.796e-06	2.803e-06	2.779e-06	2.773e-06	2.748e-06	2.748e-06	2.738e-06	2.73e-06	2.729e-06	2.724e-06	2.713e-06	2.705e-06	2.7e-06	2.697e-06	2.703e-06	2.681e-06	2.66e-06	2.654e-06	2.673e-06	2.664e-06	2.676e-06	2.684e-06	2.675e-06	2.643e-06
20.12	2.975e-06	2.932e-06	2.89e-06	2.861e-06	2.848e-06	2.825e-06	2.796e-06	2.803e-06	2.779e-06	2.773e-06	2.748e-06	2.748e-06	2.738e-06	2.73e-06	2.729e-06	2.724e-06	2.713e-06	2.705e-06	2.7e-06	2.697e-06	2.703e-06	2.681e-06	2.66e-06	2.654e-06	2.673e-06	2.664e-06	2.676e-06	2.684e-06	2.675e-06	2.643e-06
20.13	2.975e-06	2.932e-06	2.89e-06	2.861e-06	2.848e-06	2.825e-06	2.796e-06	2.803e-06	2.779e-06	2.773e-06	2.748e-06	2.748e-06	2.738e-06	2.73e-06	2.729e-06	2.724e-06	2.713e-06	2.705e-06	2.7e-06	2.697e-06	2.703e-06	2.681e-06	2.66e-06	2.654e-06	2.673e-06	2.664e-06	2.676e-06	2.684e-06	2.675e-06	2.643e-06
20.14	2.975e-06	2.932e-06	2.89e-06	2.861e-06	2.848e-06	2.825e-06	2.796e-06	2.803e-06	2.779e-06	2.773e-06	2.748e-06	2.748e-06	2.738e-06	2.73e-06	2.729e-06	2.724e-06	2.713e-06	2.705e-06	2.7e-06	2.697e-06	2.703e-06	2.681e-06	2.66e-06	2.654e-06	2.673e-06	2.664e-06	2.676e-06	2.684e-06	2.675e-06	2.643e-06
20.15	2.975e-06	2.932e-06	2.89e-06	2.861e-06	2.848e-06	2.825e-06	2.796e-06	2.803e-06	2.779e-06	2.773e-06	2.748e-06	2.748e-06	2.738e-06	2.73e-06	2.729e-06	2.724e-06	2.713e-06	2.705e-06	2.7e-06	2.697e-06	2.703e-06	2.681e-06	2.66e-06	2.654e-06	2.673e-06	2.664e-06	2.676e-06	2.684e-06	2.675e-06	2.643e-06
20.16	2.975e-06	2.932e-06	2.89e-06	2.861e-06	2.848e-06	2.825e-06	2.796e-06	2.803e-06	2.779e-06	2.773e-06	2.748e-06	2.748e-06	2.738e-06	2.73e-06	2.729e-06	2.724e-06	2.713e-06	2.705e-06	2.7e-06	2.697e-06	2.703e-06	2.681e-06	2.66e-06	2.654e-06	2.673e-06	2.664e-06	2.676e-06	2.684e-06	2.675e-06	2.643e-06
20.17	2.975e-06	2.932e-06	2.89e-06	2.861e-06	2.848e-06	2.825e-06	2.796e-06	2.803e-06	2.779e-06	2.773e-06	2.748e-06	2.748e-06	2.738e-06	2.73e-06	2.729e-06	2.724e-06	2.713e-06	2.705e-06	2.7e-06	2.697e-06	2.703e-06	2.681e-06	2.66e-06	2.654e-06	2.673e-06	2.664e-06	2.676e-06	2.684e-06	2.675e-06	2.643e-06
20.18	2.975e-06	2.932e-06	2.89e-06	2.861e-06	2.848e-06	2.825e-06	2.796e-06	2.803e-06	2.779e-06	2.773e-06	2.748e-06	2.748e-06	2.738e-06	2.73e-06	2.729e-06	2.724e-06	2.713e-06	2.705e-06	2.7e-06	2.697e-06	2.703e-06	2.681e-06	2.66e-06	2.654e-06	2.673e-06	2.664e-06	2.676e-06	2.684e-06	2.675e-06	2.643e-06
20.19	2.975e-06	2.932e-06	2.89e-06	2.861e-06	2.848e-06	2.825e-06	2.796e-06	2.803e-06	2.779e-06	2.773e-06	2.748e-06	2.748e-06	2.738e-06	2.73e-06	2.729e-06	2.724e-06	2.713e-06	2.705e-06	2.7e-06	2.697e-06	2.703e-06	2.681e-06	2.66e-06	2.654e-06	2.673e-06	2.664e-06	2.676e-06	2.684e-06	2.675e-06	2.643e-06
20.2	2.985e-06	2.929e-06	2.878e-06	2.862e-06	2.846e-06	2.825e-06	2.796e-06	2.802e-06	2.776e-06	2.762e-06	2.749e-06	2.737e-06	2.726e-06	2.729e-06	2.718e-06	2.712e-06	2.713e-06	2.706e-06	2.699e-06	2.697e-06	2.693e-06	2.681e-06	2.669e-06	2.655e-06	2.653e-06	2.666e-06	2.689e-06	2.684e-06	2.684e-06	2.644e-06
20.21	2.985e-06	2.929e-06	2.878e-06	2.862e-06	2.846e-06	2.825e-06	2.796e-06	2.802e-06	2.776e-06	2.762e-06	2.749e-06	2.737e-06	2.726e-06	2.729e-06	2.718e-06	2.712e-06	2.713e-06	2.706e-06	2.699e-06	2.697e-06	2.693e-06	2.681e-06	2.669e-06	2.655e-06	2.653e-06	2.666e-06	2.689e-06	2.684e-06	2.684e-06	2.644e-06
20.22	2.985e-06	2.929e-06	2.878e-06	2.862e-06	2.846e-06	2.825e-06	2.796e-06	2.802e-06	2.776e-06	2.762e-06	2.749e-06	2.737e-06	2.726e-06	2.729e-06	2.718e-06	2.712e-06	2.713e-06	2.706e-06	2.699e-06	2.697e-06	2.693e-06	2.681e-06	2.669e-06	2.655e-06	2.653e-06	2.666e-06	2.689e-06	2.684e-06	2.684e-06	2.644e-06
20.23	2.985e-06	2.929e-06	2.878e-06	2.862e-06	2.846e-06	2.825e-06	2.796e-06	2.802e-06	2.776e-06	2.762e-06	2.749e-06	2.737e-06	2.726e-06	2.729e-06	2.718e-06	2.712e-06	2.713e-06	2.706e-06	2.699e-06	2.697e-06	2.693e-06	2.681e-06	2.669e-06	2.655e-06	2.653e-06	2.666e-06	2.689e-06	2.684e-06	2.684e-06	2.644e-06
20.24	2.985e-06	2.929e-06	2.878e-06	2.862e-06	2.846e-06	2.825e-06	2.796e-06	2.802e-06	2.776e-06	2.762e-06	2.749e-06	2.737e-06	2.726e-06	2.729e-06	2.718e-06	2.712e-06	2.713e-06	2.706e-06	2.699e-06	2.697e-06	2.693e-06	2.681e-06	2.669e-06	2.655e-06	2.653e-06	2.666e-06	2.689e-06	2.684e-06	2.684e-06	2.644e-06
20.25	2.985e-06	2.929e-06	2.878e-06	2.862e-06	2.846e-06	2.825e-06	2.796e-06	2.802e-06	2.776e-06	2.762e-06	2.749e-06	2.737e-06	2.726e-06	2.729e-06	2.718e-06	2.712e-06	2.713e-06	2.706e-06	2.699e-06	2.697e-06	2.693e-06	2.681e-06	2.669e-06	2.655e-06	2.653e-06	2.666e-06	2.689e-06	2.684e-06	2.684e-06	2.644e-06
20.26	2.985e-06	2.929e-06	2.878e-06	2.862e-06	2.846e-06	2.825e-06	2.796e-06	2.802e-06	2.776e-06	2.762e-06	2.749e-06	2.737e-06	2.726e-06	2.729e-06	2.718e-06	2.712e-06	2.713e-06	2.706e-06	2.699e-06	2.697e-06	2.693e-06	2.681e-06	2.669e-06	2.655e-06	2.653e-06	2.666e-06	2.689e-06	2.684e-06	2.684e-06	2.644e-06
20.27	2.985e-06	2.929e-06	2.878e-06	2.862e-06	2.846e-06	2.825e-06	2.796e-06	2.802e-06	2.776e-06	2.762e-06	2.749e-06	2.737e-06	2.726e-06	2.729e-06	2.718e-06	2.712e-06	2.713e-06	2.706e-06	2.699e-06	2.697e-06	2.693e-06	2.681e-06	2.669e-06	2.655e-06	2.653e-06	2.666e-06	2.689e-06	2.684e-06	2.684e-06	2.644e-06
20.28	2.985e-06	2.929e-06	2.878e-06	2.862e-06	2.846e-06	2.825e-06	2.796e-06	2.802e-06	2.776e-06	2.762e-06	2.749e-06	2.737e-06	2.726e-06	2.729e-06	2.718e-06	2.712e-06	2.713e-06	2.706e-06	2.699e-06	2.697e-06	2.693e-06	2.681e-06	2.669e-06	2.655e-06	2.653e-06	2.666e-06	2.689e-06	2.684e-06	2.684e-06	2.644e-06
20.29	2.985e-06	2.929e-06	2.878e-06	2.862e-06	2.846e-06	2.825e-06	2.796e-06	2.802e-06	2.776e-06	2.762e-06	2.749e-06	2.737e-06	2.726e-06	2.729e-06	2.718e-06	2.712e-06	2.713e-06	2.706e-06	2.699e-06	2.697e-06	2.693e-06	2.681e-06	2.669e-06	2.655e-06	2.653e-06	2.666e-06	2.689e-06	2.684e-06	2.684e-06	2.644e-06
20.3	2.983e-06	2.927e-06	2.878e-06	2.859e-06	2.833e-06	2.802e-06	2.808e-06	2.79e-06	2.776e-06	2.761e-06	2.749e-06	2.725e-06	2.738e-06	2.719e-06	2.718e-06	2.69e-06	2.712e-06	2.706e-06	2.699e-06	2.696e-06	2.693e-06	2.681e-06	2.658e-06	2.655e-06	2.674e-06	2.677e-06	2.687e-06	2.682e-06	2.674e-06	2.642e-06
20.31	2.983e-06	2.927e-06	2.878e-06	2.859e-06	2.833e-06	2.802e-06	2.808e-06	2.79e-06	2.776e-06	2.761e-06	2.749e-06	2.725e-06	2.738e-06	2.719e-06	2.718e-06	2.69e-06	2.712e-06	2.706e-06	2.699e-06	2.696e-06	2.693e-06	2.681e-06	2.658e-06	2.655e-06	2.674e-06	2.677e-06	2.687e-06	2.682e-06	2.674e-06	2.642e-06
20.32	2.983e-06	2.927e-06	2.878e-06	2.859e-06	2.833e-06	2.802e-06	2.808e-06	2.79e-06	2.776e-06	2.761e-06	2.749e-06	2.725e-06	2.738e-06	2.719e-06	2.718e-06	2.69e-06	2.712e-06	2.706e-06	2.699e-06	2.696e-06	2.693e-06	2.681e-06	2.658e-06	2.655e-06	2.674e-06	2.677e-06	2.687e-06	2.682e-06	2.674e-06	2.642e-06
20.33	2.983e-06	2.927e-06	2.878e-06	2.859e-06	2.833e-06	2.802e-06	2.808e-06	2.79e-06	2.776e-06	2.761e-06	2.749e-06	2.725e-06	2.738e-06	2.719e-06	2.718e-06	2.69e-06	2.712e-06	2.706e-06	2.699e-06	2.696e-06	2.693e-06	2.681e-06	2.658e-06	2.655e-06	2.674e-06	2.677e-06	2.687e-06	2.682e-06	2.674e-06	2.642e-06
20.34	2.983e-06	2.927e-06	2.878e-06	2.859e-06	2.833e-06	2.802e-06	2.808e-06	2.79e-06	2.776e-06	2.761e-06	2.749e-06	2.725e-06	2.738e-06	2.719e-06	2.718e-06	2.69e-06	2.712e-06	2.706e-06	2.699e-06	2.696e-06	2.693e-06	2.681e-06	2.658e-06	2.655e-06	2.674e-06	2.677e-06	2.687e-06	2.682e-06	2.674e-06	2.642e-06
20.35	2.983e-06	2.927e-06	2.878e-06	2.859e-06	2.833e-06	2.802e-06	2.808e-06	2.79e-06	2.776e-06	2.761e-06	2.749e-06	2.725e-06	2.738e-06	2.719e-06	2.718e-06	2.69e-06	2.712e-06	2.706e-06	2.699e-06	2.696e-06	2.693e-06	2.681e-06	2.658e-06	2.655e-06	2.674e-06	2.677e-06	2.687e-06	2.682e-06	2.674e-06	2.642e-06
20.36	2.983e-06	2.927e-06	2.878e-06	2.859e-06	2.833e-06	2.802e-06	2.808e-06	2.79e-06	2.776e-06	2.761e-06	2.749e-06	2.725e-06	2.738e-06	2.719e-06	2.718e-06	2.69e-06	2.712e-06	2.706e-06	2.699e-06	2.696e-06	2.693e-06	2.681e-06	2.658e-06	2.655e-06	2.674e-06	2.677e-06	2.687e-06	2.682e-06	2.674e-06	2.642e-06
20.37	2.983e-06	2.927e-06	2.878e-06	2.859e-06	2.833e-06	2.802e-06	2.808e-06	2.79e-06	2.776e-06	2.761e-06	2.749e-06	2.725e-06	2.738e-06	2.719e-06	2.718e-06	2.69e-06	2.712e-06	2.706e-06	2.699e-06	2.696e-06	2.693e-06	2.681e-06	2.658e-06	2.655e-06	2.674e-06	2.677e-06	2.687e-06	2.682e-06	2.674e-06	2.642e-06
20.38	2.983e-06	2.927e-06	2.878e-06	2.859e-06	2.833e-06	2.802e-06	2.808e-06	2.79e-06	2.776e-06	2.761e-06	2.749e-06	2.725e-06	2.738e-06	2.719e-06	2.718e-06	2.69e-06	2.712e-06	2.706e-06	2.699e-06	2.696e-06	2.693e-06	2.681e-06	2.658e-06	2.655e-06	2.674e-06	2.677e-06	2.687e-06	2.682e-06	2.674e-06	2.642e-06
20.39	2.983e-06	2.927e-06	2.878e-06	2.859e-06	2.833e-06	2.802e-06	2.808e-06	2.79e-06	2.776e-06	2.761e-06	2.749e-06	2.725e-06	2.738e-06	2.719e-06	2.718e-06	2.69e-06	2.712e-06	2.706e-06	2.699e-06	2.696e-06	2.693e-06	2.681e-06	2.658e-06	2.655e-06	2.674e-06	2.677e-06	2.687e-06	2.682e-06	2.674e-06	2.642e-06
20.4	2.98e-06	2.926e-06	2.886e-06	2.857e-06	2.834e-06	2.814e-06	2.808e-06	2.801e-06	2.776e-06	2.772e-06	2.747e-06	2.745e-06	2.727e-06	2.718e-06	2.727e-06	2.721e-06	2.713e-06	2.705e-06	2.7e-06	2.707e-06	2.692e-06	2.682e-06	2.648e-06	2.666e-06	2.664e-06	2.675e-06	2.687e-06	2.684e-06	2.683e-06	2.632e-06
20.41	2.98e-06	2.926e-06	2.886e-06	2.857e-06	2.834e-06	2.814e-06	2.808e-06	2.801e-06	2.776e-06	2.772e-06	2.747e-06	2.745e-06	2.727e-06	2.718e-06	2.727e-06	2.721e-06	2.713e-06	2.705e-06	2.7e-06	2.707e-06	2.692e-06	2.682e-06	2.648e-06	2.666e-06	2.664e-06	2.675e-06	2.687e-06	2.684e-06	2.683e-06	2.632e-06
20.42	2.98e-06	2.926e-06	2.886e-06	2.857e-06	2.834e-06	2.814e-06	2.808e-06	2.801e-06	2.776e-06	2.772e-06	2.747e-06	2.745e-06	2.727e-06	2.718e-06	2.727e-06	2.721e-06	2.713e-06	2.705e-06	2.7e-06	2.707e-06	2.692e-06	2.682e-06	2.648e-06	2.666e-06	2.664e-06	2.675e-06	2.687e-06	2.684e-06	2.683e-06	2.632e-06
20.43	2.98e-06	2.926e-06	2.886e-06	2.857e-06	2.834e-06	2.814e-06	2.808e-06	2.801e-06	2.776e-06	2.772e-06	2.747e-06	2.745e-06	2.727e-06	2.718e-06	2.727e-06	2.721e-06	2.713e-06	2.705e-06	2.7e-06	2.707e-06	2.692e-06	2.682e-06	2.648e-06	2.666e-06	2.664e-06	2.675e-06	2.687e-06	2.684e-06	2.683e-06	2.632e-06
20.44	2.98e-06	2.926e-06	2.886e-06	2.857e-06	2.834e-06	2.814e-06	2.808e-06	2.801e-06	2.776e-06	2.772e-06	2.747e-06	2.745e-06	2.727e-06	2.718e-06	2.727e-06	2.721e-06	2.713e-06	2.705e-06	2.7e-06	2.707e-06	2.692e-06	2.682e-06	2.648e-06	2.666e-06	2.664e-06	2.675e-06	2.687e-06	2.684e-06	2.683e-06	2.632e-06
20.45	2.98e-06	2.926e-06	2.886e-06	2.857e-06	2.834e-06	2.814e-06	2.808e-06	2.801e-06	2.776e-06	2.772e-06	2.747e-06	2.745e-06	2.727e-06	2.718e-06	2.727e-06	2.721e-06	2.713e-06	2.705e-06	2.7e-06	2.707e-06	2.692e-06	2.682e-06	2.648e-06	2.666e-06	2.664e-06	2.675e-06	2.687e-06	2.684e-06	2.683e-06	2.632e-06
20.46	2.98e-06	2.926e-06	2.886e-06	2.857e-06	2.834e-06	2.814e-06	2.808e-06	2.801e-06	2.776e-06	2.772e-06	2.747e-06	2.745e-06	2.727e-06	2.718e-06	2.727e-06	2.721e-06	2.713e-06	2.705e-06	2.7e-06	2.707e-06	2.692e-06	2.682e-06	2.648e-06	2.666e-06	2.664e-06	2.675e-06	2.687e-06	2.684e-06	2.683e-06	2.632e-06
20.47	2.98e-06	2.926e-06	2.886e-06	2.857e-06	2.834e-06	2.814e-06	2.808e-06	2.801e-06	2.776e-06	2.772e-06	2.747e-06	2.745e-06	2.727e-06	2.718e-06	2.727e-06	2.721e-06	2.713e-06	2.705e-06	2.7e-06	2.707e-06	2.692e-06	2.682e-06	2.648e-06	2.666e-06	2.664e-06	2.675e-06	2.687e-06	2.684e-06	2.683e-06	2.632e-06
20.48	2.98e-06	2.926e-06	2.886e-06	2.857e-06	2.834e-06	2.814e-06	2.808e-06	2.801e-06	2.776e-06	2.772e-06	2.747e-06	2.745e-06	2.727e-06	2.718e-06	2.727e-06	2.721e-06	2.713e-06	2.705e-06	2.7e-06	2.707e-06	2.692e-06	2.682e-06	2.648e-06	2.666e-06	2.664e-06	2.675e-06	2.687e-06	2.684e-06	2.683e-06	2.632e-06
20.49	2.98e-06	2.926e-06	2.886e-06	2.857e-06	2.834e-06	2.814e-06	2.808e-06	2.801e-06	2.776e-06	2.772e-06	2.747e-06	2.745e-06	2.727e-06	2.718e-06	2.727e-06	2.721e-06	2.713e-06	2.705e-06	2.7e-06	2.707e-06	2.692e-06	2.682e-06	2.648e-06	2.666e-06	2.664e-06	2.675e-06	2.687e-06	2.684e-06	2.683e-06	2.632e-06
20.5	2.979e-06	2.914e-06	2.886e-06	2.858e-06	2.832e-06	2.813e-06	2.806e-06	2.788e-06	2.775e-06	2.772e-06	2.748e-06	2.746e-06	2.725e-06	2.729e-06	2.727e-06	2.72e-06	2.704e-06	2.693e-06	2.7e-06	2.696e-06	2.694e-06	2.68e-06	2.66e-06	2.646e-06	2.675e-06	2.676e-06	2.686e-06	2.684e-06	2.671e-06	2.64e-06
20.51	2.979e-06	2.914e-06	2.886e-06	2.858e-06	2.832e-06	2.813e-06	2.806e-06	2.788e-06	2.775e-06	2.772e-06	2.748e-06	2.746e-06	2.725e-06	2.729e-06	2.727e-06	2.72e-06	2.704e-06	2.693e-06	2.7e-06	2.696e-06	2.694e-06	2.68e-06	2.66e-06	2.646e-06	2.675e-06	2.676e-06	2.686e-06	2.684e-06	2.671e-06	2.64e-06
20.52	2.979e-06	2.914e-06	2.886e-06	2.858e-06	2.832e-06	2.813e-06	2.806e-06	2.788e-06	2.775e-06	2.772e-06	2.748e-06	2.746e-06	2.725e-06	2.729e-06	2.727e-06	2.72e-06	2.704e-06	2.693e-06	2.7e-06	2.696e-06	2.694e-06	2.68e-06	2.66e-06	2.646e-06	2.675e-06	2.676e-06	2.686e-06	2.684e-06	2.671e-06	2.64e-06
20.53	2.979e-06	2.914e-06	2.886e-06	2.858e-06	2.832e-06	2.813e-06	2.806e-06	2.788e-06	2.775e-06	2.772e-06	2.748e-06	2.746e-06	2.725e-06	2.729e-06	2.727e-06	2.72e-06	2.704e-06	2.693e-06	2.7e-06	2.696e-06	2.694e-06	2.68e-06	2.66e-06	2.646e-06	2.675e-06	2.676e-06	2.686e-06	2.684e-06	2.671e-06	2.64e-06
20.54	2.979e-06	2.914e-06	2.886e-06	2.858e-06	2.832e-06	2.813e-06	2.806e-06	2.788e-06	2.775e-06	2.772e-06	2.748e-06	2.746e-06	2.725e-06	2.729e-06	2.727e-06	2.72e-06	2.704e-06	2.693e-06	2.7e-06	2.696e-06	2.694e-06	2.68e-06	2.66e-06	2.646e-06	2.675e-06	2.676e-06	2.686e-06	2.684e-06	2.671e-06	2.64e-06
20.55	2.979e-06	2.914e-06	2.886e-06	2.858e-06	2.832e-06	2.813e-06	2.806e-06	2.788e-06	2.775e-06	2.772e-06	2.748e-06	2.746e-06	2.725e-06	2.729e-06	2.727e-06	2.72e-06	2.704e-06	2.693e-06	2.7e-06	2.696e-06	2.694e-06	2.68e-06	2.66e-06	2.646e-06	2.675e-06	2.676e-06	2.686e-06	2.684e-06	2.671e-06	2.64e-06
20.56	2.979e-06	2.914e-06	2.886e-06	2.858e-06	2.832e-06	2.813e-06	2.806e-06	2.788e-06	2.775e-06	2.772e-06	2.748e-06	2.746e-06	2.725e-06	2.729e-06	2.727e-06	2.72e-06	2.704e-06	2.693e-06	2.7e-06	2.696e-06	2.694e-06	2.68e-06	2.66e-06	2.646e-06	2.675e-06	2.676e-06	2.686e-06	2.684e-06	2.671e-06	2.64e-06
20.57	2.979e-06	2.914e-06	2.886e-06	2.858e-06	2.832e-06	2.813e-06	2.806e-06	2.788e-06	2.775e-06	2.772e-06	2.748e-06	2.746e-06	2.725e-06	2.729e-06	2.727e-06	2.72e-06	2.704e-06	2.693e-06	2.7e-06	2.696e-06	2.694e-06	2.68e-06	2.66e-06	2.646e-06	2.675e-06	2.676e-06	2.686e-06	2.684e-06	2.671e-06	2.64e-06
20.58	2.979e-06	2.914e-06	2.886e-06	2.858e-06	2.832e-06	2.813e-06	2.806e-06	2.788e-06	2.775e-06	2.772e-06	2.748e-06	2.746e-06	2.725e-06	2.729e-06	2.727e-06	2.72e-06	2.704e-06	2.693e-06	2.7e-06	2.696e-06	2.694e-06	2.68e-06	2.66e-06	2.646e-06	2.675e-06	2.676e-06	2.686e-06	2.684e-06	2.671e-06	2.64e-06
20.59	2.979e-06	2.914e-06	2.886e-06	2.858e-06	2.832e-06	2.813e-06	2.806e-06	2.788e-06	2.775e-06	2.772e-06	2.748e-06	2.746e-06	2.725e-06	2.729e-06	2.727e-06	2.72e-06	2.704e-06	2.693e-06	2.7e-06	2.696e-06	2.694e-06	2.68e-06	2.66e-06	2.646e-06	2.675e-06	2.676e-06	2.686e-06	2.684e-06	2.671e-06	2.64e-06
20.6	2.965e-06	2.911e-06	2.887e-06	2.855e-06	2.842e-06	2.824e-06	2.805e-06	2.79e-06	2.775e-06	2.761e-06	2.749e-06	2.746e-06	2.726e-06	2.75e-06	2.716e-06	2.721e-06	2.713e-06	2.705e-06	2.7e-06	2.697e-06	2.702e-06	2.689e-06	2.659e-06	2.657e-06	2.674e-06	2.698e-06	2.686e-06	2.694e-06	2.67e-06	2.641e-06
20.61	2.965e-06	2.911e-06	2.887e-06	2.855e-06	2.842e-06	2.824e-06	2.805e-06	2.79e-06	2.775e-06	2.761e-06	2.749e-06	2.746e-06	2.726e-06	2.75e-06	2.716e-06	2.721e-06	2.713e-06	2.705e-06	2.7e-06	2.697e-06	2.702e-06	2.689e-06	2.659e-06	2.657e-06	2.674e-06	2.698e-06	2.686e-06	2.694e-06	2.67e-06	2.641e-06
20.62	2.965e-06	2.911e-06	2.887e-06	2.855e-06	2.842e-06	2.824e-06	2.805e-06	2.79e-06	2.775e-06	2.761e-06	2.749e-06	2.746e-06	2.726e-06	2.75e-06	2.716e-06	2.721e-06	2.713e-06	2.705e-06	2.7e-06	2.697e-06	2.702e-06	2.689e-06	2.659e-06	2.657e-06	2.674e-06	2.698e-06	2.686e-06	2.694e-06	2.67e-06	2.641e-06
20.63	2.965e-06	2.911e-06	2.887e-06	2.855e-06	2.842e-06	2.824e-06	2.805e-06	2.79e-06	2.775e-06	2.761e-06	2.749e-06	2.746e-06	2.726e-06	2.75e-06	2.716e-06	2.721e-06	2.713e-06	2.705e-06	2.7e-06	2.697e-06	2.702e-06	2.689e-06	2.659e-06	2.657e-06	2.674e-06	2.698e-06	2.686e-06	2.694e-06	2.67e-06	2.641e-06
20.64	2.965e-06	2.911e-06	2.887e-06	2.855e-06	2.842e-06	2.824e-06	2.805e-06	2.79e-06	2.775e-06	2.761e-06	2.749e-06	2.746e-06	2.726e-06	2.75e-06	2.716e-06	2.721e-06	2.713e-06	2.705e-06	2.7e-06	2.697e-06	2.702e-06	2.689e-06	2.659e-06	2.657e-06	2.674e-06	2.698e-06	2.686e-06	2.694e-06	2.67e-06	2.641e-06
20.65	2.965e-06	2.911e-06	2.887e-06	2.855e-06	2.842e-06	2.824e-06	2.805e-06	2.79e-06	2.775e-06	2.761e-06	2.749e-06	2.746e-06	2.726e-06	2.75e-06	2.716e-06	2.721e-06	2.713e-06	2.705e-06	2.7e-06	2.697e-06	2.702e-06	2.689e-06	2.659e-06	2.657e-06	2.674e-06	2.698e-06	2.686e-06	2.694e-06	2.67e-06	2.641e-06
20.66	2.965e-06	2.911e-06	2.887e-06	2.855e-06	2.842e-06	2.824e-06	2.805e-06	2.79e-06	2.775e-06	2.761e-06	2.749e-06	2.746e-06	2.726e-06	2.75e-06	2.716e-06	2.721e-06	2.713e-06	2.705e-06	2.7e-06	2.697e-06	2.702e-06	2.689e-06	2.659e-06	2.657e-06	2.674e-06	2.698e-06	2.686e-06	2.694e-06	2.67e-06	2.641e-06
20.67	2.965e-06	2.911e-06	2.887e-06	2.855e-06	2.842e-06	2.824e-06	2.805e-06	2.79e-06	2.775e-06	2.761e-06	2.749e-06	2.746e-06	2.726e-06	2.75e-06	2.716e-06	2.721e-06	2.713e-06	2.705e-06	2.7e-06	2.697e-06	2.702e-06	2.689e-06	2.659e-06	2.657e-06	2.674e-06	2.698e-06	2.686e-06	2.694e-06	2.67e-06	2.641e-06
20.68	2.965e-06	2.911e-06	2.887e-06	2.855e-06	2.842e-06	2.824e-06	2.805e-06	2.79e-06	2.775e-06	2.761e-06	2.749e-06	2.746e-06	2.726e-06	2.75e-06	2.716e-06	2.721e-06	2.713e-06	2.705e-06	2.7e-06	2.697e-06	2.702e-06	2.689e-06	2.659e-06	2.657e-06	2.674e-06	2.698e-06	2.686e-06	2.694e-06	2.67e-06	2.641e-06
20.69	2.965e-06	2.911e-06	2.887e-06	2.855e-06	2.842e-06	2.824e-06	2.805e-06	2.79e-06	2.775e-06	2.761e-06	2.749e-06	2.746e-06	2.726e-06	2.75e-06	2.716e-06	2.721e-06	2.713e-06	2.705e-06	2.7e-06	2.697e-06	2.702e-06	2.689e-06	2.659e-06	2.657e-06	2.674e-06	2.698e-06	2.686e-06	2.694e-06	2.67e-06	2.641e-06
20.7	2.964e-06	2.92e-06	2.873e-06	2.855e-06	2.843e-06	2.811e-06	2.783e-06	2.79e-06	2.786e-06	2.761e-06	2.759e-06	2.746e-06	2.736e-06	2.729e-06	2.728e-06	2.721e-06	2.712e-06	2.705e-06	2.701e-06	2.695e-06	2.694e-06	2.679e-06	2.659e-06	2.657e-06	2.665e-06	2.676e-06	2.686e-06	2.684e-06	2.669e-06	2.652e-06
20.71	2.964e-06	2.92e-06	2.873e-06	2.855e-06	2.843e-06	2.811e-06	2.783e-06	2.79e-06	2.786e-06	2.761e-06	2.759e-06	2.746e-06	2.736e-06	2.729e-06	2.728e-06	2.721e-06	2.712e-06	2.705e-06	2.701e-06	2.695e-06	2.694e-06	2.679e-06	2.659e-06	2.657e-06	2.665e-06	2.676e-06	2.686e-06	2.684e-06	2.669e-06	2.652e-06
20.72	2.964e-06	2.92e-06	2.873e-06	2.855e-06	2.843e-06	2.811e-06	2.783e-06	2.79e-06	2.786e-06	2.761e-06	2.759e-06	2.746e-06	2.736e-06	2.729e-06	2.728e-06	2.721e-06	2.712e-06	2.705e-06	2.701e-06	2.695e-06	2.694e-06	2.679e-06	2.659e-06	2.657e-06	2.665e-06	2.676e-06	2.686e-06	2.684e-06	2.669e-06	2.652e-06
20.73	2.964e-06	2.92e-06	2.873e-06	2.855e-06	2.843e-06	2.811e-06	2.783e-06	2.79e-06	2.786e-06	2.761e-06	2.759e-06	2.746e-06	2.736e-06	2.729e-06	2.728e-06	2.721e-06	2.712e-06	2.705e-06	2.701e-06	2.695e-06	2.694e-06	2.679e-06	2.659e-06	2.657e-06	2.665e-06	2.676e-06	2.686e-06	2.684e-06	2.669e-06	2.652e-06
20.74	2.964e-06	2.92e-06	2.873e-06	2.855e-06	2.843e-06	2.811e-06	2.783e-06	2.79e-06	2.786e-06	2.761e-06	2.759e-06	2.746e-06	2.736e-06	2.729e-06	2.728e-06	2.721e-06	2.712e-06	2.705e-06	2.701e-06	2.695e-06	2.694e-06	2.679e-06	2.659e-06	2.657e-06	2.665e-06	2.676e-06	2.686e-06	2.684e-06	2.669e-06	2.652e-06
20.75	2.964e-06	2.92e-06	2.873e-06	2.855e-06	2.843e-06	2.811e-06	2.783e-06	2.79e-06	2.786e-06	2.761e-06	2.759e-06	2.746e-06	2.736e-06	2.729e-06	2.728e-06	2.721e-06	2.712e-06	2.705e-06	2.701e-06	2.695e-06	2.694e-06	2.679e-06	2.659e-06	2.657e-06	2.665e-06	2.676e-06	2.686e-06	2.684e-06	2.669e-06	2.652e-06
20.76	2.964e-06	2.92e-06	2.873e-06	2.855e-06	2.843e-06	2.811e-06	2.783e-06	2.79e-06	2.786e-06	2.761e-06	2.759e-06	2.746e-06	2.736e-06	2.729e-06	2.728e-06	2.721e-06	2.712e-06	2.705e-06	2.701e-06	2.695e-06	2.694e-06	2.679e-06	2.659e-06	2.657e-06	2.665e-06	2.676e-06	2.686e-06	2.684e-06	2.669e-06	2.652e-06
20.77	2.964e-06	2.92e-06	2.873e-06	2.855e-06	2.843e-06	2.811e-06	2.783e-06	2.79e-06	2.786e-06	2.761e-06	2.759e-06	2.746e-06	2.736e-06	2.729e-06	2.728e-06	2.721e-06	2.712e-06	2.705e-06	2.701e-06	2.695e-06	2.694e-06	2.679e-06	2.659e-06	2.657e-06	2.665e-06	2.676e-06	2.686e-06	2.684e-06	2.669e-06	2.652e-06
20.78	2.964e-06	2.92e-06	2.873e-06	2.855e-06	2.843e-06	2.811e-06	2.783e-06	2.79e-06	2.786e-06	2.761e-06	2.759e-06	2.746e-06	2.736e-06	2.729e-06	2.728e-06	2.721e-06	2.712e-06	2.705e-06	2.701e-06	2.695e-06	2.694e-06	2.679e-06	2.659e-06	2.657e-06	2.665e-06	2.676e-06	2.686e-06	2.684e-06	2.669e-06	2.652e-06
20.79	2.964e-06	2.92e-06	2.873e-06	2.855e-06	2.843e-06	2.811e-06	2.783e-06	2.79e-06	2.786e-06	2.761e-06	2.759e-06	2.746e-06	2.736e-06	2.729e-06	2.728e-06	2.721e-06	2.712e-06	2.705e-06	2.701e-06	2.695e-06	2.694e-06	2.679e-06	2.659e-06	2.657e-06	2.665e-06	2.676e-06	2.686e-06	2.684e-06	2.669e-06	2.652e-06
20.8	2.963e-06	2.909e-06	2.894e-06	2.855e-06	2.831e-06	2.832e-06	2.803e-06	2.788e-06	2.776e-06	2.759e-06	2.748e-06	2.745e-06	2.725e-06	2.728e-06	2.717e-06	2.709e-06	2.711e-06	2.715e-06	2.702e-06	2.695e-06	2.694e-06	2.678e-06	2.658e-06	2.677e-06	2.664e-06	2.688e-06	2.697e-06	2.682e-06	2.67e-06	2.64e-06
20.81	2.963e-06	2.909e-06	2.894e-06	2.855e-06	2.831e-06	2.832e-06	2.803e-06	2.788e-06	2.776e-06	2.759e-06	2.748e-06	2.745e-06	2.725e-06	2.728e-06	2.717e-06	2.709e-06	2.711e-06	2.715e-06	2.702e-06	2.695e-06	2.694e-06	2.678e-06	2.658e-06	2.677e-06	2.664e-06	2.688e-06	2.697e-06	2.682e-06	2.67e-06	2.64e-06
20.82	2.963e-06	2.909e-06	2.894e-06	2.855e-06	2.831e-06	2.832e-06	2.803e-06	2.788e-06	2.776e-06	2.759e-06	2.748e-06	2.745e-06	2.725e-06	2.728e-06	2.717e-06	2.709e-06	2.711e-06	2.715e-06	2.702e-06	2.695e-06	2.694e-06	2.678e-06	2.658e-06	2.677e-06	2.664e-06	2.688e-06	2.697e-06	2.682e-06	2.67e-06	2.64e-06
20.83	2.963e-06	2.909e-06	2.894e-06	2.855e-06	2.831e-06	2.832e-06	2.803e-06	2.788e-06	2.776e-06	2.759e-06	2.748e-06	2.745e-06	2.725e-06	2.728e-06	2.717e-06	2.709e-06	2.711e-06	2.715e-06	2.702e-06	2.695e-06	2.694e-06	2.678e-06	2.658e-06	2.677e-06	2.664e-06	2.688e-06	2.697e-06	2.682e-06	2.67e-06	2.64e-06
20.84	2.963e-06	2.909e-06	2.894e-06	2.855e-06	2.831e-06	2.832e-06	2.803e-06	2.788e-06	2.776e-06	2.759e-06	2.748e-06	2.745e-06	2.725e-06	2.728e-06	2.717e-06	2.709e-06	2.711e-06	2.715e-06	2.702e-06	2.695e-06	2.694e-06	2.678e-06	2.658e-06	2.677e-06	2.664e-06	2.688e-06	2.697e-06	2.682e-06	2.67e-06	2.64e-06
20.85	2.963e-06	2.909e-06	2.894e-06	2.855e-06	2.831e-06	2.832e-06	2.803e-06	2.788e-06	2.776e-06	2.759e-06	2.748e-06	2.745e-06	2.725e-06	2.728e-06	2.717e-06	2.709e-06	2.711e-06	2.715e-06	2.702e-06	2.695e-06	2.694e-06	2.678e-06	2.658e-06	2.677e-06	2.664e-06	2.688e-06	2.697e-06	2.682e-06	2.67e-06	2.64e-06
20.86	2.963e-06	2.909e-06	2.894e-06	2.855e-06	2.831e-06	2.832e-06	2.803e-06	2.788e-06	2.776e-06	2.759e-06	2.748e-06	2.745e-06	2.725e-06	2.728e-06	2.717e-06	2.709e-06	2.711e-06	2.715e-06	2.702e-06	2.695e-06	2.694e-06	2.678e-06	2.658e-06	2.677e-06	2.664e-06	2.688e-06	2.697e-06	2.682e-06	2.67e-06	2.64e-06
20.87	2.963e-06	2.909e-06	2.894e-06	2.855e-06	2.831e-06	2.832e-06	2.803e-06	2.788e-06	2.776e-06	2.759e-06	2.748e-06	2.745e-06	2.725e-06	2.728e-06	2.717e-06	2.709e-06	2.711e-06	2.715e-06	2.702e-06	2.695e-06	2.694e-06	2.678e-06	2.658e-06	2.677e-06	2.664e-06	2.688e-06	2.697e-06	2.682e-06	2.67e-06	2.64e-06
20.88	2.963e-06	2.909e-06	2.894e-06	2.855e-06	2.831e-06	2.832e-06	2.803e-06	2.788e-06	2.776e-06	2.759e-06	2.748e-06	2.745e-06	2.725e-06	2.728e-06	2.717e-06	2.709e-06	2.711e-06	2.715e-06	2.702e-06	2.695e-06	2.694e-06	2.678e-06	2.658e-06	2.677e-06	2.664e-06	2.688e-06	2.697e-06	2.682e-06	2.67e-06	2.64e-06
20.89	2.963e-06	2.909e-06	2.894e-06	2.855e-06	2.831e-06	2.832e-06	2.803e-06	2.788e-06	2.776e-06	2.759e-06	2.748e-06	2.745e-06	2.725e-06	2.728e-06	2.717e-06	2.709e-06	2.711e-06	2.715e-06	2.702e-06	2.695e-06	2.694e-06	2.678e-06	2.658e-06	2.677e-06	2.664e-06	2.688e-06	2.697e-06	2.682e-06	2.67e-06	2.64e-06
20.9	2.971e-06	2.907e-06	2.883e-06	2.854e-06	2.842e-06	2.812e-06	2.803e-06	2.777e-06	2.774e-06	2.77e-06	2.747e-06	2.745e-06	2.726e-06	2.728e-06	2.716e-06	2.719e-06	2.711e-06	2.694e-06	2.701e-06	2.694e-06	2.705e-06	2.678e-06	2.647e-06	2.678e-06	2.665e-06	2.666e-06	2.687e-06	2.706e-06	2.669e-06	2.639e-06
20.91	2.971e-06	2.907e-06	2.883e-06	2.854e-06	2.842e-06	2.812e-06	2.803e-06	2.777e-06	2.774e-06	2.77e-06	2.747e-06	2.745e-06	2.726e-06	2.728e-06	2.716e-06	2.719e-06	2.711e-06	2.694e-06	2.701e-06	2.694e-06	2.705e-06	2.678e-06	2.647e-06	2.678e-06	2.665e-06	2.666e-06	2.687e-06	2.706e-06	2.669e-06	2.639e-06
20.92	2.971e-06	2.907e-06	2.883e-06	2.854e-06	2.842e-06	2.812e-06	2.803e-06	2.777e-06	2.774e-06	2.77e-06	2.747e-06	2.745e-06	2.726e-06	2.728e-06	2.716e-06	2.719e-06	2.711e-06	2.694e-06	2.701e-06	2.694e-06	2.705e-06	2.678e-06	2.647e-06	2.678e-06	2.665e-06	2.666e-06	2.687e-06	2.706e-06	2.669e-06	2.639e-06
20.93	2.971e-06	2.907e-06	2.883e-06	2.854e-06	2.842e-06	2.812e-06	2.803e-06	2.777e-06	2.774e-06	2.77e-06	2.747e-06	2.745e-06	2.726e-06	2.728e-06	2.716e-06	2.719e-06	2.711e-06	2.694e-06	2.701e-06	2.694e-06	2.705e-06	2.678e-06	2.647e-06	2.678e-06	2.665e-06	2.666e-06	2.687e-06	2.706e-06	2.669e-06	2.639e-06
20.94	2.971e-06	2.907e-06	2.883e-06	2.854e-06	2.842e-06	2.812e-06	2.803e-06	2.777e-06	2.774e-06	2.77e-06	2.747e-06	2.745e-06	2.726e-06	2.728e-06	2.716e-06	2.719e-06	2.711e-06	2.694e-06	2.701e-06	2.694e-06	2.705e-06	2.678e-06	2.647e-06	2.678e-06	2.665e-06	2.666e-06	2.687e-06	2.706e-06	2.669e-06	2.639e-06
20.95	2.971e-06	2.907e-06	2.883e-06	2.854e-06	2.842e-06	2.812e-06	2.803e-06	2.777e-06	2.774e-06	2.77e-06	2.747e-06	2.745e-06	2.726e-06	2.728e-06	2.716e-06	2.719e-06	2.711e-06	2.694e-06	2.701e-06	2.694e-06	2.705e-06	2.678e-06	2.647e-06	2.678e-06	2.665e-06	2.666e-06	2.687e-06	2.706e-06	2.669e-06	2.639e-06
20.96	2.971e-06	2.907e-06	2.883e-06	2.854e-06	2.842e-06	2.812e-06	2.803e-06	2.777e-06	2.774e-06	2.77e-06	2.747e-06	2.745e-06	2.726e-06	2.728e-06	2.716e-06	2.719e-06	2.711e-06	2.694e-06	2.701e-06	2.694e-06	2.705e-06	2.678e-06	2.647e-06	2.678e-06	2.665e-06	2.666e-06	2.687e-06	2.706e-06	2.669e-06	2.639e-06
20.97	2.971e-06	2.907e-06	2.883e-06	2.854e-06	2.842e-06	2.812e-06	2.803e-06	2.777e-06	2.774e-06	2.77e-06	2.747e-06	2.745e-06	2.726e-06	2.728e-06	2.716e-06	2.719e-06	2.711e-06	2.694e-06	2.701e-06	2.694e-06	2.705e-06	2.678e-06	2.647e-06	2.678e-06	2.665e-06	2.666e-06	2.687e-06	2.706e-06	2.669e-06	2.639e-06
20.98	2.971e-06	2.907e-06	2.883e-06	2.854e-06	2.842e-06	2.812e-06	2.803e-06	2.777e-06	2.774e-06	2.77e-06	2.747e-06	2.745e-06	2.726e-06	2.728e-06	2.716e-06	2.719e-06	2.711e-06	2.694e-06	2.701e-06	2.694e-06	2.705e-06	2.678e-06	2.647e-06	2.678e-06	2.665e-06	2.666e-06	2.687e-06	2.706e-06	2.669e-06	2.639e-06
20.99	2.971e-06	2.907e-06	2.883e-06	2.854e-06	2.842e-06	2.812e-06	2.803e-06	2.777e-06	2.774e-06	2.77e-06	2.747e-06	2.745e-06	2.726e-06	2.728e-06	2.716e-06	2.719e-06	2.711e-06	2.694e-06	2.701e-06	2.694e-06	2.705e-06	2.678e-06	2.647e-06	2.678e-06	2.665e-06	2.666e-06	2.687e-06	2.706e-06	2.669e-06	2.639e-06
21	2.958e-06	2.906e-06	2.883e-06	2.854e-06	2.842e-06	2.821e-06	2.803e-06	2.776e-06	2.771e-06	2.76e-06	2.746e-06	2.734e-06	2.737e-06	2.737e-06	2.716e-06	2.707e-06	2.71e-06	2.703e-06	2.699e-06	2.694e-06	2.695e-06	2.678e-06	2.648e-06	2.658e-06	2.675e-06	2.677e-06	2.687e-06	2.684e-06	2.666e-06	2.64e-06
21.01	2.958e-06	2.906e-06	2.883e-06	2.854e-06	2.842e-06	2.821e-06	2.803e-06	2.776e-06	2.771e-06	2.76e-06	2.746e-06	2.734e-06	2.737e-06	2.737e-06	2.716e-06	2.707e-06	2.71e-06	2.703e-06	2.699e-06	2.694e-06	2.695e-06	2.678e-06	2.648e-06	2.658e-06	2.675e-06	2.677e-06	2.687e-06	2.684e-06	2.666e-06	2.64e-06
21.02	2.958e-06	2.906e-06	2.883e-06	2.854e-06	2.842e-06	2.821e-06	2.803e-06	2.776e-06	2.771e-06	2.76e-06	2.746e-06	2.734e-06	2.737e-06	2.737e-06	2.716e-06	2.707e-06	2.71e-06	2.703e-06	2.699e-06	2.694e-06	2.695e-06	2.678e-06	2.648e-06	2.658e-06	2.675e-06	2.677e-06	2.687e-06	2.684e-06	2.666e-06	2.64e-06
21.03	2.958e-06	2.906e-06	2.883e-06	2.854e-06	2.842e-06	2.821e-06	2.803e-06	2.776e-06	2.771e-06	2.76e-06	2.746e-06	2.734e-06	2.737e-06	2.737e-06	2.716e-06	2.707e-06	2.71e-06	2.703e-06	2.699e-06	2.694e-06	2.695e-06	2.678e-06	2.648e-06	2.658e-06	2.675e-06	2.677e-06	2.687e-06	2.684e-06	2.666e-06	2.64e-06
21.04	2.958e-06	2.906e-06	2.883e-06	2.854e-06	2.842e-06	2.821e-06	2.803e-06	2.776e-06	2.771e-06	2.76e-06	2.746e-06	2.734e-06	2.737e-06	2.737e-06	2.716e-06	2.707e-06	2.71e-06	2.703e-06	2.699e-06	2.694e-06	2.695e-06	2.678e-06	2.648e-06	2.658e-06	2.675e-06	2.677e-06	2.687e-06	2.684e-06	2.666e-06	2.64e-06
21.05	2.958e-06	2.906e-06	2.883e-06	2.854e-06	2.842e-06	2.821e-06	2.803e-06	2.776e-06	2.771e-06	2.76e-06	2.746e-06	2.734e-06	2.737e-06	2.737e-06	2.716e-06	2.707e-06	2.71e-06	2.703e-06	2.699e-06	2.694e-06	2.695e-06	2.678e-06	2.648e-06	2.658e-06	2.675e-06	2.677e-06	2.687e-06	2.684e-06	2.666e-06	2.64e-06
21.06	2.958e-06	2.906e-06	2.883e-06	2.854e-06	2.842e-06	2.821e-06	2.803e-06	2.776e-06	2.771e-06	2.76e-06	2.746e-06	2.734e-06	2.737e-06	2.737e-06	2.716e-06	2.707e-06	2.71e-06	2.703e-06	2.699e-06	2.694e-06	2.695e-06	2.678e-06	2.648e-06	2.658e-06	2.675e-06	2.677e-06	2.687e-06	2.684e-06	2.666e-06	2.64e-06
21.07	2.958e-06	2.906e-06	2.883e-06	2.854e-06	2.842e-06	2.821e-06	2.803e-06	2.776e-06	2.771e-06	2.76e-06	2.746e-06	2.734e-06	2.737e-06	2.737e-06	2.716e-06	2.707e-06	2.71e-06	2.703e-06	2.699e-06	2.694e-06	2.695e-06	2.678e-06	2.648e-06	2.658e-06	2.675e-06	2.677e-06	2.687e-06	2.684e-06	2.666e-06	2.64e-06
21.08	2.958e-06	2.906e-06	2.883e-06	2.854e-06	2.842e-06	2.821e-06	2.803e-06	2.776e-06	2.771e-06	2.76e-06	2.746e-06	2.734e-06	2.737e-06	2.737e-06	2.716e-06	2.707e-06	2.71e-06	2.703e-06	2.699e-06	2.694e-06	2.695e-06	2.678e-06	2.648e-06	2.658e-06	2.675e-06	2.677e-06	2.687e-06	2.684e-06	2.666e-06	2.64e-06
21.09	2.958e-06	2.906e-06	2.883e-06	2.854e-06	2.842e-06	2.821e-06	2.803e-06	2.776e-06	2.771e-06	2.76e-06	2.746e-06	2.734e-06	2.737e-06	2.737e-06	2.716e-06	2.707e-06	2.71e-06	2.703e-06	2.699e-06	2.694e-06	2.695e-06	2.678e-06	2.648e-06	2.658e-06	2.675e-06	2.677e-06	2.687e-06	2.684e-06	2.666e-06	2.64e-06
21.1	2.956e-06	2.903e-06	2.87e-06	2.876e-06	2.841e-06	2.82e-06	2.792e-06	2.776e-06	2.772e-06	2.758e-06	2.756e-06	2.744e-06	2.726e-06	2.715e-06	2.728e-06	2.707e-06	2.7e-06	2.692e-06	2.699e-06	2.696e-06	2.694e-06	2.71e-06	2.647e-06	2.658e-06	2.675e-06	2.676e-06	2.685e-06	2.682e-06	2.678e-06	2.651e-06
21.11	2.956e-06	2.903e-06	2.87e-06	2.876e-06	2.841e-06	2.82e-06	2.792e-06	2.776e-06	2.772e-06	2.758e-06	2.756e-06	2.744e-06	2.726e-06	2.715e-06	2.728e-06	2.707e-06	2.7e-06	2.692e-06	2.699e-06	2.696e-06	2.694e-06	2.71e-06	2.647e-06	2.658e-06	2.675e-06	2.676e-06	2.685e-06	2.682e-06	2.678e-06	2.651e-06
21.12	2.956e-06	2.903e-06	2.87e-06	2.876e-06	2.841e-06	2.82e-06	2.792e-06	2.776e-06	2.772e-06	2.758e-06	2.756e-06	2.744e-06	2.726e-06	2.715e-06	2.728e-06	2.707e-06	2.7e-06	2.692e-06	2.699e-06	2.696e-06	2.694e-06	2.71e-06	2.647e-06	2.658e-06	2.675e-06	2.676e-06	2.685e-06	2.682e-06	2.678e-06	2.651e-06
21.13	2.956e-06	2.903e-06	2.87e-06	2.876e-06	2.841e-06	2.82e-06	2.792e-06	2.776e-06	2.772e-06	2.758e-06	2.756e-06	2.744e-06	2.726e-06	2.715e-06	2.728e-06	2.707e-06	2.7e-06	2.692e-06	2.699e-06	2.696e-06	2.694e-06	2.71e-06	2.647e-06	2.658e-06	2.675e-06	2.676e-06	2.685e-06	2.682e-06	2.678e-06	2.651e-06
21.14	2.956e-06	2.903e-06	2.87e-06	2.876e-06	2.841e-06	2.82e-06	2.792e-06	2.776e-06	2.772e-06	2.758e-06	2.756e-06	2.744e-06	2.726e-06	2.715e-06	2.728e-06	2.707e-06	2.7e-06	2.692e-06	2.699e-06	2.696e-06	2.694e-06	2.71e-06	2.647e-06	2.658e-06	2.675e-06	2.676e-06	2.685e-06	2.682e-06	2.678e-06	2.651e-06
21.15	2.956e-06	2.903e-06	2.87e-06	2.876e-06	2.841e-06	2.82e-06	2.792e-06	2.776e-06	2.772e-06	2.758e-06	2.756e-06	2.744e-06	2.726e-06	2.715e-06	2.728e-06	2.707e-06	2.7e-06	2.692e-06	2.699e-06	2.696e-06	2.694e-06	2.71e-06	2.647e-06	2.658e-06	2.675e-06	2.676e-06	2.685e-06	2.682e-06	2.678e-06	2.651e-06
21.16	2.956e-06	2.903e-06	2.87e-06	2.876e-06	2.841e-06	2.82e-06	2.792e-06	2.776e-06	2.772e-06	2.758e-06	2.756e-06	2.744e-06	2.726e-06	2.715e-06	2.728e-06	2.707e-06	2.7e-06	2.692e-06	2.699e-06	2.696e-06	2.694e-06	2.71e-06	2.647e-06	2.658e-06	2.675e-06	2.676e-06	2.685e-06	2.682e-06	2.678e-06	2.651e-06
21.17	2.956e-06	2.903e-06	2.87e-06	2.876e-06	2.841e-06	2.82e-06	2.792e-06	2.776e-06	2.772e-06	2.758e-06	2.756e-06	2.744e-06	2.726e-06	2.715e-06	2.728e-06	2.707e-06	2.7e-06	2.692e-06	2.699e-06	2.696e-06	2.694e-06	2.71e-06	2.647e-06	2.658e-06	2.675e-06	2.676e-06	2.685e-06	2.682e-06	2.678e-06	2.651e-06
21.18	2.956e-06	2.903e-06	2.87e-06	2.876e-06	2.841e-06	2.82e-06	2.792e-06	2.776e-06	2.772e-06	2.758e-06	2.756e-06	2.744e-06	2.726e-06	2.715e-06	2.728e-06	2.707e-06	2.7e-06	2.692e-06	2.699e-06	2.696e-06	2.694e-06	2.71e-06	2.647e-06	2.658e-06	2.675e-06	2.676e-06	2.685e-06	2.682e-06	2.678e-06	2.651e-06
21.19	2.956e-06	2.903e-06	2.87e-06	2.876e-06	2.841e-06	2.82e-06	2.792e-06	2.776e-06	2.772e-06	2.758e-06	2.756e-06	2.744e-06	2.726e-06	2.715e-06	2.728e-06	2.707e-06	2.7e-06	2.692e-06	2.699e-06	2.696e-06	2.694e-06	2.71e-06	2.647e-06	2.658e-06	2.675e-06	2.676e-06	2.685e-06	2.682e-06	2.678e-06	2.651e-06
21.2	2.967e-06	2.915e-06	2.868e-06	2.85e-06	2.827e-06	2.841e-06	2.791e-06	2.785e-06	2.783e-06	2.757e-06	2.755e-06	2.735e-06	2.736e-06	2.737e-06	2.716e-06	2.719e-06	2.7e-06	2.702e-06	2.699e-06	2.694e-06	2.694e-06	2.676e-06	2.649e-06	2.669e-06	2.675e-06	2.676e-06	2.676e-06	2.693e-06	2.665e-06	2.638e-06
21.21	2.967e-06	2.915e-06	2.868e-06	2.85e-06	2.827e-06	2.841e-06	2.791e-06	2.785e-06	2.783e-06	2.757e-06	2.755e-06	2.735e-06	2.736e-06	2.737e-06	2.716e-06	2.719e-06	2.7e-06	2.702e-06	2.699e-06	2.694e-06	2.694e-06	2.676e-06	2.649e-06	2.669e-06	2.675e-06	2.676e-06	2.676e-06	2.693e-06	2.665e-06	2.638e-06
21.22	2.967e-06	2.915e-06	2.868e-06	2.85e-06	2.827e-06	2.841e-06	2.791e-06	2.785e-06	2.783e-06	2.757e-06	2.755e-06	2.735e-06	2.736e-06	2.737e-06	2.716e-06	2.719e-06	2.7e-06	2.702e-06	2.699e-06	2.694e-06	2.694e-06	2.676e-06	2.649e-06	2.669e-06	2.675e-06	2.676e-06	2.676e-06	2.693e-06	2.665e-06	2.638e-06
21.23	2.967e-06	2.915e-06	2.868e-06	2.85e-06	2.827e-06	2.841e-06	2.791e-06	2.785e-06	2.783e-06	2.757e-06	2.755e-06	2.735e-06	2.736e-06	2.737e-06	2.716e-06	2.719e-06	2.7e-06	2.702e-06	2.699e-06	2.694e-06	2.694e-06	2.676e-06	2.649e-06	2.669e-06	2.675e-06	2.676e-06	2.676e-06	2.693e-06	2.665e-06	2.638e-06
21.24	2.967e-06	2.915e-06	2.868e-06	2.85e-06	2.827e-06	2.841e-06	2.791e-06	2.785e-06	2.783e-06	2.757e-06	2.755e-06	2.735e-06	2.736e-06	2.737e-06	2.716e-06	2.719e-06	2.7e-06	2.702e-06	2.699e-06	2.694e-06	2.694e-06	2.676e-06	2.649e-06	2.669e-06	2.675e-06	2.676e-06	2.676e-06	2.693e-06	2.665e-06	2.638e-06
21.25	2.967e-06	2.915e-06	2.868e-06	2.85e-06	2.827e-06	2.841e-06	2.791e-06	2.785e-06	2.783e-06	2.757e-06	2.755e-06	2.735e-06	2.736e-06	2.737e-06	2.716e-06	2.719e-06	2.7e-06	2.702e-06	2.699e-06	2.694e-06	2.694e-06	2.676e-06	2.649e-06	2.669e-06	2.675e-06	2.676e-06	2.676e-06	2.693e-06	2.665e-06	2.638e-06
21.26	2.967e-06	2.915e-06	2.868e-06	2.85e-06	2.827e-06	2.841e-06	2.791e-06	2.785e-06	2.783e-06	2.757e-06	2.755e-06	2.735e-06	2.736e-06	2.737e-06	2.716e-06	2.719e-06	2.7e-06	2.702e-06	2.699e-06	2.694e-06	2.694e-06	2.676e-06	2.649e-06	2.669e-06	2.675e-06	2.676e-06	2.676e-06	2.693e-06	2.665e-06	2.638e-06
21.27	2.967e-06	2.915e-06	2.868e-06	2.85e-06	2.827e-06	2.841e-06	2.791e-06	2.785e-06	2.783e-06	2.757e-06	2.755e-06	2.735e-06	2.736e-06	2.737e-06	2.716e-06	2.719e-06	2.7e-06	2.702e-06	2.699e-06	2.694e-06	2.694e-06	2.676e-06	2.649e-06	2.669e-06	2.675e-06	2.676e-06	2.676e-06	2.693e-06	2.665e-06	2.638e-06
21.28	2.967e-06	2.915e-06	2.868e-06	2.85e-06	2.827e-06	2.841e-06	2.791e-06	2.785e-06	2.783e-06	2.757e-06	2.755e-06	2.735e-06	2.736e-06	2.737e-06	2.716e-06	2.719e-06	2.7e-06	2.702e-06	2.699e-06	2.694e-06	2.694e-06	2.676e-06	2.649e-06	2.669e-06	2.675e-06	2.676e-06	2.676e-06	2.693e-06	2.665e-06	2.638e-06
21.29	2.967e-06	2.915e-06	2.868e-06	2.85e-06	2.827e-06	2.841e-06	2.791e-06	2.785e-06	2.783e-06	2.757e-06	2.755e-06	2.735e-06	2.736e-06	2.737e-06	2.716e-06	2.719e-06	2.7e-06	2.702e-06	2.699e-06	2.694e-06	2.694e-06	2.676e-06	2.649e-06	2.669e-06	2.675e-06	2.676e-06	2.676e-06	2.693e-06	2.665e-06	2.638e-06
21.3	2.962e-06	2.914e-06	2.879e-06	2.861e-06	2.827e-06	2.819e-06	2.801e-06	2.784e-06	2.771e-06	2.756e-06	2.755e-06	2.734e-06	2.736e-06	2.737e-06	2.718e-06	2.707e-06	2.7e-06	2.704e-06	2.699e-06	2.707e-06	2.695e-06	2.677e-06	2.648e-06	2.659e-06	2.665e-06	2.688e-06	2.686e-06	2.672e-06	2.674e-06	2.64e-06
21.31	2.962e-06	2.914e-06	2.879e-06	2.861e-06	2.827e-06	2.819e-06	2.801e-06	2.784e-06	2.771e-06	2.756e-06	2.755e-06	2.734e-06	2.736e-06	2.737e-06	2.718e-06	2.707e-06	2.7e-06	2.704e-06	2.699e-06	2.707e-06	2.695e-06	2.677e-06	2.648e-06	2.659e-06	2.665e-06	2.688e-06	2.686e-06	2.672e-06	2.674e-06	2.64e-06
21.32	2.962e-06	2.914e-06	2.879e-06	2.861e-06	2.827e-06	2.819e-06	2.801e-06	2.784e-06	2.771e-06	2.756e-06	2.755e-06	2.734e-06	2.736e-06	2.737e-06	2.718e-06	2.707e-06	2.7e-06	2.704e-06	2.699e-06	2.707e-06	2.695e-06	2.677e-06	2.648e-06	2.659e-06	2.665e-06	2.688e-06	2.686e-06	2.672e-06	2.674e-06	2.64e-06
21.33	2.962e-06	2.914e-06	2.879e-06	2.861e-06	2.827e-06	2.819e-06	2.801e-06	2.784e-06	2.771e-06	2.756e-06	2.755e-06	2.734e-06	2.736e-06	2.737e-06	2.718e-06	2.707e-06	2.7e-06	2.704e-06	2.699e-06	2.707e-06	2.695e-06	2.677e-06	2.648e-06	2.659e-06	2.665e-06	2.688e-06	2.686e-06	2.672e-06	2.674e-06	2.64e-06
21.34	2.962e-06	2.914e-06	2.879e-06	2.861e-06	2.827e-06	2.819e-06	2.801e-06	2.784e-06	2.771e-06	2.756e-06	2.755e-06	2.734e-06	2.736e-06	2.737e-06	2.718e-06	2.707e-06	2.7e-06	2.704e-06	2.699e-06	2.707e-06	2.695e-06	2.677e-06	2.648e-06	2.659e-06	2.665e-06	2.688e-06	2.686e-06	2.672e-06	2.674e-06	2.64e-06
21.35	2.962e-06	2.914e-06	2.879e-06	2.861e-06	2.827e-06	2.819e-06	2.801e-06	2.784e-06	2.771e-06	2.756e-06	2.755e-06	2.734e-06	2.736e-06	2.737e-06	2.718e-06	2.707e-06	2.7e-06	2.704e-06	2.699e-06	2.707e-06	2.695e-06	2.677e-06	2.648e-06	2.659e-06	2.665e-06	2.688e-06	2.686e-06	2.672e-06	2.674e-06	2.64e-06
21.36	2.962e-06	2.914e-06	2.879e-06	2.861e-06	2.827e-06	2.819e-06	2.801e-06	2.784e-06	2.771e-06	2.756e-06	2.755e-06	2.734e-06	2.736e-06	2.737e-06	2.718e-06	2.707e-06	2.7e-06	2.704e-06	2.699e-06	2.707e-06	2.695e-06	2.677e-06	2.648e-06	2.659e-06	2.665e-06	2.688e-06	2.686e-06	2.672e-06	2.674e-06	2.64e-06
21.37	2.962e-06	2.914e-06	2.879e-06	2.861e-06	2.827e-06	2.819e-06	2.801e-06	2.784e-06	2.771e-06	2.756e-06	2.755e-06	2.734e-06	2.736e-06	2.737e-06	2.718e-06	2.707e-06	2.7e-06	2.704e-06	2.699e-06	2.707e-06	2.695e-06	2.677e-06	2.648e-06	2.659e-06	2.665e-06	2.688e-06	2.686e-06	2.672e-06	2.674e-06	2.64e-06
21.38	2.962e-06	2.914e-06	2.879e-06	2.861e-06	2.827e-06	2.819e-06	2.801e-06	2.784e-06	2.771e-06	2.756e-06	2.755e-06	2.734e-06	2.736e-06	2.737e-06	2.718e-06	2.707e-06	2.7e-06	2.704e-06	2.699e-06	2.707e-06	2.695e-06	2.677e-06	2.648e-06	2.659e-06	2.665e-06	2.688e-06	2.686e-06	2.672e-06	2.674e-06	2.64e-06
21.39	2.962e-06	2.914e-06	2.879e-06	2.861e-06	2.827e-06	2.819e-06	2.801e-06	2.784e-06	2.771e-06	2.756e-06	2.755e-06	2.734e-06	2.736e-06	2.737e-06	2.718e-06	2.707e-06	2.7e-06	2.704e-06	2.699e-06	2.707e-06	2.695e-06	2.677e-06	2.648e-06	2.659e-06	2.665e-06	2.688e-06	2.686e-06	2.672e-06	2.674e-06	2.64e-06
21.4	2.962e-06	2.911e-06	2.867e-06	2.849e-06	2.827e-06	2.83e-06	2.789e-06	2.784e-06	2.77e-06	2.756e-06	2.766e-06	2.743e-06	2.736e-06	2.715e-06	2.717e-06	2.719e-06	2.72e-06	2.703e-06	2.71e-06	2.694e-06	2.703e-06	2.676e-06	2.649e-06	2.659e-06	2.676e-06	2.677e-06	2.695e-06	2.693e-06	2.662e-06	2.639e-06
21.41	2.962e-06	2.911e-06	2.867e-06	2.849e-06	2.827e-06	2.83e-06	2.789e-06	2.784e-06	2.77e-06	2.756e-06	2.766e-06	2.743e-06	2.736e-06	2.715e-06	2.717e-06	2.719e-06	2.72e-06	2.703e-06	2.71e-06	2.694e-06	2.703e-06	2.676e-06	2.649e-06	2.659e-06	2.676e-06	2.677e-06	2.695e-06	2.693e-06	2.662e-06	2.639e-06
21.42	2.962e-06	2.911e-06	2.867e-06	2.849e-06	2.827e-06	2.83e-06	2.789e-06	2.784e-06	2.77e-06	2.756e-06	2.766e-06	2.743e-06	2.736e-06	2.715e-06	2.717e-06	2.719e-06	2.72e-06	2.703e-06	2.71e-06	2.694e-06	2.703e-06	2.676e-06	2.649e-06	2.659e-06	2.676e-06	2.677e-06	2.695e-06	2.693e-06	2.662e-06	2.639e-06
21.43	2.962e-06	2.911e-06	2.867e-06	2.849e-06	2.827e-06	2.83e-06	2.789e-06	2.784e-06	2.77e-06	2.756e-06	2.766e-06	2.743e-06	2.736e-06	2.715e-06	2.717e-06	2.719e-06	2.72e-06	2.703e-06	2.71e-06	2.694e-06	2.703e-06	2.676e-06	2.649e-06	2.659e-06	2.676e-06	2.677e-06	2.695e-06	2.693e-06	2.662e-06	2.639e-06
21.44	2.962e-06	2.911e-06	2.867e-06	2.849e-06	2.827e-06	2.83e-06	2.789e-06	2.784e-06	2.77e-06	2.756e-06	2.766e-06	2.743e-06	2.736e-06	2.715e-06	2.717e-06	2.719e-06	2.72e-06	2.703e-06	2.71e-06	2.694e-06	2.703e-06	2.676e-06	2.649e-06	2.659e-06	2.676e-06	2.677e-06	2.695e-06	2.693e-06	2.662e-06	2.639e-06
21.45	2.962e-06	2.911e-06	2.867e-06	2.849e-06	2.827e-06	2.83e-06	2.789e-06	2.784e-06	2.77e-06	2.756e-06	2.766e-06	2.743e-06	2.736e-06	2.715e-06	2.717e-06	2.719e-06	2.72e-06	2.703e-06	2.71e-06	2.694e-06	2.703e-06	2.676e-06	2.649e-06	2.659e-06	2.676e-06	2.677e-06	2.695e-06	2.693e-06	2.662e-06	2.639e-06
21.46	2.962e-06	2.911e-06	2.867e-06	2.849e-06	2.827e-06	2.83e-06	2.789e-06	2.784e-06	2.77e-06	2.756e-06	2.766e-06	2.743e-06	2.736e-06	2.715e-06	2.717e-06	2.719e-06	2.72e-06	2.703e-06	2.71e-06	2.694e-06	2.703e-06	2.676e-06	2.649e-06	2.659e-06	2.676e-06	2.677e-06	2.695e-06	2.693e-06	2.662e-06	2.639e-06
21.47	2.962e-06	2.911e-06	2.867e-06	2.849e-06	2.827e-06	2.83e-06	2.789e-06	2.784e-06	2.77e-06	2.756e-06	2.766e-06	2.743e-06	2.736e-06	2.715e-06	2.717e-06	2.719e-06	2.72e-06	2.703e-06	2.71e-06	2.694e-06	2.703e-06	2.676e-06	2.649e-06	2.659e-06	2.676e-06	2.677e-06	2.695e-06	2.693e-06	2.662e-06	2.639e-06
21.48	2.962e-06	2.911e-06	2.867e-06	2.849e-06	2.827e-06	2.83e-06	2.789e-06	2.784e-06	2.77e-06	2.756e-06	2.766e-06	2.743e-06	2.736e-06	2.715e-06	2.717e-06	2.719e-06	2.72e-06	2.703e-06	2.71e-06	2.694e-06	2.703e-06	2.676e-06	2.649e-06	2.659e-06	2.676e-06	2.677e-06	2.695e-06	2.693e-06	2.662e-06	2.639e-06
21.49	2.962e-06	2.911e-06	2.867e-06	2.849e-06	2.827e-06	2.83e-06	2.789e-06	2.784e-06	2.77e-06	2.756e-06	2.766e-06	2.743e-06	2.736e-06	2.715e-06	2.717e-06	2.719e-06	2.72e-06	2.703e-06	2.71e-06	2.694e-06	2.703e-06	2.676e-06	2.649e-06	2.659e-06	2.676e-06	2.677e-06	2.695e-06	2.693e-06	2.662e-06	2.639e-06
21.5	2.948e-06	2.924e-06	2.878e-06	2.849e-06	2.847e-06	2.817e-06	2.809e-06	2.785e-06	2.77e-06	2.756e-06	2.744e-06	2.732e-06	2.737e-06	2.726e-06	2.705e-06	2.719e-06	2.7e-06	2.692e-06	2.699e-06	2.695e-06	2.693e-06	2.674e-06	2.649e-06	2.67e-06	2.665e-06	2.687e-06	2.685e-06	2.682e-06	2.673e-06	2.638e-06
21.51	2.948e-06	2.924e-06	2.878e-06	2.849e-06	2.847e-06	2.817e-06	2.809e-06	2.785e-06	2.77e-06	2.756e-06	2.744e-06	2.732e-06	2.737e-06	2.726e-06	2.705e-06	2.719e-06	2.7e-06	2.692e-06	2.699e-06	2.695e-06	2.693e-06	2.674e-06	2.649e-06	2.67e-06	2.665e-06	2.687e-06	2.685e-06	2.682e-06	2.673e-06	2.638e-06
21.52	2.948e-06	2.924e-06	2.878e-06	2.849e-06	2.847e-06	2.817e-06	2.809e-06	2.785e-06	2.77e-06	2.756e-06	2.744e-06	2.732e-06	2.737e-06	2.726e-06	2.705e-06	2.719e-06	2.7e-06	2.692e-06	2.699e-06	2.695e-06	2.693e-06	2.674e-06	2.649e-06	2.67e-06	2.665e-06	2.687e-06	2.685e-06	2.682e-06	2.673e-06	2.638e-06
21.53	2.948e-06	2.924e-06	2.878e-06	2.849e-06	2.847e-06	2.817e-06	2.809e-06	2.785e-06	2.77e-06	2.756e-06	2.744e-06	2.732e-06	2.737e-06	2.726e-06	2.705e-06	2.719e-06	2.7e-06	2.692e-06	2.699e-06	2.695e-06	2.693e-06	2.674e-06	2.649e-06	2.67e-06	2.665e-06	2.687e-06	2.685e-06	2.682e-06	2.673e-06	2.638e-06
21.54	2.948e-06	2.924e-06	2.878e-06	2.849e-06	2.847e-06	2.817e-06	2.809e-06	2.785e-06	2.77e-06	2.756e-06	2.744e-06	2.732e-06	2.737e-06	2.726e-06	2.705e-06	2.719e-06	2.7e-06	2.692e-06	2.699e-06	2.695e-06	2.693e-06	2.674e-06	2.649e-06	2.67e-06	2.665e-06	2.687e-06	2.685e-06	2.682e-06	2.673e-06	2.638e-06
21.55	2.948e-06	2.924e-06	2.878e-06	2.849e-06	2.847e-06	2.817e-06	2.809e-06	2.785e-06	2.77e-06	2.756e-06	2.744e-06	2.732e-06	2.737e-06	2.726e-06	2.705e-06	2.719e-06	2.7e-06	2.692e-06	2.699e-06	2.695e-06	2.693e-06	2.674e-06	2.649e-06	2.67e-06	2.665e-06	2.687e-06	2.685e-06	2.682e-06	2.673e-06	2.638e-06
21.56	2.948e-06	2.924e-06	2.878e-06	2.849e-06	2.847e-06	2.817e-06	2.809e-06	2.785e-06	2.77e-06	2.756e-06	2.744e-06	2.732e-06	2.737e-06	2.726e-06	2.705e-06	2.719e-06	2.7e-06	2.692e-06	2.699e-06	2.695e-06	2.693e-06	2.674e-06	2.649e-06	2.67e-06	2.665e-06	2.687e-06	2.685e-06	2.682e-06	2.673e-06	2.638e-06
21.57	2.948e-06	2.924e-06	2.878e-06	2.849e-06	2.847e-06	2.817e-06	2.809e-06	2.785e-06	2.77e-06	2.756e-06	2.744e-06	2.732e-06	2.737e-06	2.726e-06	2.705e-06	2.719e-06	2.7e-06	2.692e-06	2.699e-06	2.695e-06	2.693e-06	2.674e-06	2.649e-06	2.67e-06	2.665e-06	2.687e-06	2.685e-06	2.682e-06	2.673e-06	2.638e-06
21.58	2.948e-06	2.924e-06	2.878e-06	2.849e-06	2.847e-06	2.817e-06	2.809e-06	2.785e-06	2.77e-06	2.756e-06	2.744e-06	2.732e-06	2.737e-06	2.726e-06	2.705e-06	2.719e-06	2.7e-06	2.692e-06	2.699e-06	2.695e-06	2.693e-06	2.674e-06	2.649e-06	2.67e-06	2.665e-06	2.687e-06	2.685e-06	2.682e-06	2.673e-06	2.638e-06
21.59	2.948e-06	2.924e-06	2.878e-06	2.849e-06	2.847e-06	2.817e-06	2.809e-06	2.785e-06	2.77e-06	2.756e-06	2.744e-06	2.732e-06	2.737e-06	2.726e-06	2.705e-06	2.719e-06	2.7e-06	2.692e-06	2.699e-06	2.695e-06	2.693e-06	2.674e-06	2.649e-06	2.67e-06	2.665e-06	2.687e-06	2.685e-06	2.682e-06	2.673e-06	2.638e-06
21.6	2.959e-06	2.91e-06	2.875e-06	2.847e-06	2.825e-06	2.817e-06	2.809e-06	2.785e-06	2.78e-06	2.757e-06	2.755e-06	2.743e-06	2.734e-06	2.714e-06	2.715e-06	2.707e-06	2.711e-06	2.703e-06	2.7e-06	2.694e-06	2.703e-06	2.674e-06	2.649e-06	2.671e-06	2.666e-06	2.687e-06	2.687e-06	2.671e-06	2.661e-06	2.641e-06
21.61	2.959e-06	2.91e-06	2.875e-06	2.847e-06	2.825e-06	2.817e-06	2.809e-06	2.785e-06	2.78e-06	2.757e-06	2.755e-06	2.743e-06	2.734e-06	2.714e-06	2.715e-06	2.707e-06	2.711e-06	2.703e-06	2.7e-06	2.694e-06	2.703e-06	2.674e-06	2.649e-06	2.671e-06	2.666e-06	2.687e-06	2.687e-06	2.671e-06	2.661e-06	2.641e-06
21.62	2.959e-06	2.91e-06	2.875e-06	2.847e-06	2.825e-06	2.817e-06	2.809e-06	2.785e-06	2.78e-06	2.757e-06	2.755e-06	2.743e-06	2.734e-06	2.714e-06	2.715e-06	2.707e-06	2.711e-06	2.703e-06	2.7e-06	2.694e-06	2.703e-06	2.674e-06	2.649e-06	2.671e-06	2.666e-06	2.687e-06	2.687e-06	2.671e-06	2.661e-06	2.641e-06
21.63	2.959e-06	2.91e-06	2.875e-06	2.847e-06	2.825e-06	2.817e-06	2.809e-06	2.785e-06	2.78e-06	2.757e-06	2.755e-06	2.743e-06	2.734e-06	2.714e-06	2.715e-06	2.707e-06	2.711e-06	2.703e-06	2.7e-06	2.694e-06	2.703e-06	2.674e-06	2.649e-06	2.671e-06	2.666e-06	2.687e-06	2.687e-06	2.671e-06	2.661e-06	2.641e-06
21.64	2.959e-06	2.91e-06	2.875e-06	2.847e-06	2.825e-06	2.817e-06	2.809e-06	2.785e-06	2.78e-06	2.757e-06	2.755e-06	2.743e-06	2.734e-06	2.714e-06	2.715e-06	2.707e-06	2.711e-06	2.703e-06	2.7e-06	2.694e-06	2.703e-06	2.674e-06	2.649e-06	2.671e-06	2.666e-06	2.687e-06	2.687e-06	2.671e-06	2.661e-06	2.641e-06
21.65	2.959e-06	2.91e-06	2.875e-06	2.847e-06	2.825e-06	2.817e-06	2.809e-06	2.785e-06	2.78e-06	2.757e-06	2.755e-06	2.743e-06	2.734e-06	2.714e-06	2.715e-06	2.707e-06	2.711e-06	2.703e-06	2.7e-06	2.694e-06	2.703e-06	2.674e-06	2.649e-06	2.671e-06	2.666e-06	2.687e-06	2.687e-06	2.671e-06	2.661e-06	2.641e-06
21.66	2.959e-06	2.91e-06	2.875e-06	2.847e-06	2.825e-06	2.817e-06	2.809e-06	2.785e-06	2.78e-06	2.757e-06	2.755e-06	2.743e-06	2.734e-06	2.714e-06	2.715e-06	2.707e-06	2.711e-06	2.703e-06	2.7e-06	2.694e-06	2.703e-06	2.674e-06	2.649e-06	2.671e-06	2.666e-06	2.687e-06	2.687e-06	2.671e-06	2.661e-06	2.641e-06
21.67	2.959e-06	2.91e-06	2.875e-06	2.847e-06	2.825e-06	2.817e-06	2.809e-06	2.785e-06	2.78e-06	2.757e-06	2.755e-06	2.743e-06	2.734e-06	2.714e-06	2.715e-06	2.707e-06	2.711e-06	2.703e-06	2.7e-06	2.694e-06	2.703e-06	2.674e-06	2.649e-06	2.671e-06	2.666e-06	2.687e-06	2.687e-06	2.671e-06	2.661e-06	2.641e-06
21.68	2.959e-06	2.91e-06	2.875e-06	2.847e-06	2.825e-06	2.817e-06	2.809e-06	2.785e-06	2.78e-06	2.757e-06	2.755e-06	2.743e-06	2.734e-06	2.714e-06	2.715e-06	2.707e-06	2.711e-06	2.703e-06	2.7e-06	2.694e-06	2.703e-06	2.674e-06	2.649e-06	2.671e-06	2.666e-06	2.687e-06	2.687e-06	2.671e-06	2.661e-06	2.641e-06
21.69	2.959e-06	2.91e-06	2.875e-06	2.847e-06	2.825e-06	2.817e-06	2.809e-06	2.785e-06	2.78e-06	2.757e-06	2.755e-06	2.743e-06	2.734e-06	2.714e-06	2.715e-06	2.707e-06	2.711e-06	2.703e-06	2.7e-06	2.694e-06	2.703e-06	2.674e-06	2.649e-06	2.671e-06	2.666e-06	2.687e-06	2.687e-06	2.671e-06	2.661e-06	2.641e-06
21.7	2.957e-06	2.908e-06	2.875e-06	2.845e-06	2.825e-06	2.806e-06	2.799e-06	2.783e-06	2.769e-06	2.756e-06	2.755e-06	2.732e-06	2.734e-06	2.723e-06	2.716e-06	2.718e-06	2.71e-06	2.702e-06	2.698e-06	2.696e-06	2.693e-06	2.663e-06	2.662e-06	2.659e-06	2.676e-06	2.677e-06	2.695e-06	2.682e-06	2.651e-06	2.64e-06
21.71	2.957e-06	2.908e-06	2.875e-06	2.845e-06	2.825e-06	2.806e-06	2.799e-06	2.783e-06	2.769e-06	2.756e-06	2.755e-06	2.732e-06	2.734e-06	2.723e-06	2.716e-06	2.718e-06	2.71e-06	2.702e-06	2.698e-06	2.696e-06	2.693e-06	2.663e-06	2.662e-06	2.659e-06	2.676e-06	2.677e-06	2.695e-06	2.682e-06	2.651e-06	2.64e-06
21.72	2.957e-06	2.908e-06	2.875e-06	2.845e-06	2.825e-06	2.806e-06	2.799e-06	2.783e-06	2.769e-06	2.756e-06	2.755e-06	2.732e-06	2.734e-06	2.723e-06	2.716e-06	2.718e-06	2.71e-06	2.702e-06	2.698e-06	2.696e-06	2.693e-06	2.663e-06	2.662e-06	2.659e-06	2.676e-06	2.677e-06	2.695e-06	2.682e-06	2.651e-06	2.64e-06
21.73	2.957e-06	2.908e-06	2.875e-06	2.845e-06	2.825e-06	2.806e-06	2.799e-06	2.783e-06	2.769e-06	2.756e-06	2.755e-06	2.732e-06	2.734e-06	2.723e-06	2.716e-06	2.718e-06	2.71e-06	2.702e-06	2.698e-06	2.696e-06	2.693e-06	2.663e-06	2.662e-06	2.659e-06	2.676e-06	2.677e-06	2.695e-06	2.682e-06	2.651e-06	2.64e-06
21.74	2.957e-06	2.908e-06	2.875e-06	2.845e-06	2.825e-06	2.806e-06	2.799e-06	2.783e-06	2.769e-06	2.756e-06	2.755e-06	2.732e-06	2.734e-06	2.723e-06	2.716e-06	2.718e-06	2.71e-06	2.702e-06	2.698e-06	2.696e-06	2.693e-06	2.663e-06	2.662e-06	2.659e-06	2.676e-06	2.677e-06	2.695e-06	2.682e-06	2.651e-06	2.64e-06
21.75	2.957e-06	2.908e-06	2.875e-06	2.845e-06	2.825e-06	2.806e-06	2.799e-06	2.783e-06	2.769e-06	2.756e-06	2.755e-06	2.732e-06	2.734e-06	2.723e-06	2.716e-06	2.718e-06	2.71e-06	2.702e-06	2.698e-06	2.696e-06	2.693e-06	2.663e-06	2.662e-06	2.659e-06	2.676e-06	2.677e-06	2.695e-06	2.682e-06	2.651e-06	2.64e-06
21.76	2.957e-06	2.908e-06	2.875e-06	2.845e-06	2.825e-06	2.806e-06	2.799e-06	2.783e-06	2.769e-06	2.756e-06	2.755e-06	2.732e-06	2.734e-06	2.723e-06	2.716e-06	2.718e-06	2.71e-06	2.702e-06	2.698e-06	2.696e-06	2.693e-06	2.663e-06	2.662e-06	2.659e-06	2.676e-06	2.677e-06	2.695e-06	2.682e-06	2.651e-06	2.64e-06
21.77	2.957e-06	2.908e-06	2.875e-06	2.845e-06	2.825e-06	2.806e-06	2.799e-06	2.783e-06	2.769e-06	2.756e-06	2.755e-06	2.732e-06	2.734e-06	2.723e-06	2.716e-06	2.718e-06	2.71e-06	2.702e-06	2.698e-06	2.696e-06	2.693e-06	2.663e-06	2.662e-06	2.659e-06	2.676e-06	2.677e-06	2.695e-06	2.682e-06	2.651e-06	2.64e-06
21.78	2.957e-06	2.908e-06	2.875e-06	2.845e-06	2.825e-06	2.806e-06	2.799e-06	2.783e-06	2.769e-06	2.756e-06	2.755e-06	2.732e-06	2.734e-06	2.723e-06	2.716e-06	2.718e-06	2.71e-06	2.702e-06	2.698e-06	2.696e-06	2.693e-06	2.663e-06	2.662e-06	2.659e-06	2.676e-06	2.677e-06	2.695e-06	2.682e-06	2.651e-06	2.64e-06
21.79	2.957e-06	2.908e-06	2.875e-06	2.845e-06	2.825e-06	2.806e-06	2.799e-06	2.783e-06	2.769e-06	2.756e-06	2.755e-06	2.732e-06	2.734e-06	2.723e-06	2.716e-06	2.718e-06	2.71e-06	2.702e-06	2.698e-06	2.696e-06	2.693e-06	2.663e-06	2.662e-06	2.659e-06	2.676e-06	2.677e-06	2.695e-06	2.682e-06	2.651e-06	2.64e-06
21.8	2.955e-06	2.906e-06	2.874e-06	2.834e-06	2.845e-06	2.814e-06	2.797e-06	2.783e-06	2.767e-06	2.777e-06	2.744e-06	2.732e-06	2.735e-06	2.724e-06	2.727e-06	2.707e-06	2.7e-06	2.702e-06	2.698e-06	2.694e-06	2.69e-06	2.663e-06	2.662e-06	2.66e-06	2.664e-06	2.688e-06	2.686e-06	2.682e-06	2.66e-06	2.631e-06
21.81	2.955e-06	2.906e-06	2.874e-06	2.834e-06	2.845e-06	2.814e-06	2.797e-06	2.783e-06	2.767e-06	2.777e-06	2.744e-06	2.732e-06	2.735e-06	2.724e-06	2.727e-06	2.707e-06	2.7e-06	2.702e-06	2.698e-06	2.694e-06	2.69e-06	2.663e-06	2.662e-06	2.66e-06	2.664e-06	2.688e-06	2.686e-06	2.682e-06	2.66e-06	2.631e-06
21.82	2.955e-06	2.906e-06	2.874e-06	2.834e-06	2.845e-06	2.814e-06	2.797e-06	2.783e-06	2.767e-06	2.777e-06	2.744e-06	2.732e-06	2.735e-06	2.724e-06	2.727e-06	2.707e-06	2.7e-06	2.702e-06	2.698e-06	2.694e-06	2.69e-06	2.663e-06	2.662e-06	2.66e-06	2.664e-06	2.688e-06	2.686e-06	2.682e-06	2.66e-06	2.631e-06
21.83	2.955e-06	2.906e-06	2.874e-06	2.834e-06	2.845e-06	2.814e-06	2.797e-06	2.783e-06	2.767e-06	2.777e-06	2.744e-06	2.732e-06	2.735e-06	2.724e-06	2.727e-06	2.707e-06	2.7e-06	2.702e-06	2.698e-06	2.694e-06	2.69e-06	2.663e-06	2.662e-06	2.66e-06	2.664e-06	2.688e-06	2.686e-06	2.682e-06	2.66e-06	2.631e-06
21.84	2.955e-06	2.906e-06	2.874e-06	2.834e-06	2.845e-06	2.814e-06	2.797e-06	2.783e-06	2.767e-06	2.777e-06	2.744e-06	2.732e-06	2.735e-06	2.724e-06	2.727e-06	2.707e-06	2.7e-06	2.702e-06	2.698e-06	2.694e-06	2.69e-06	2.663e-06	2.662e-06	2.66e-06	2.664e-06	2.688e-06	2.686e-06	2.682e-06	2.66e-06	2.631e-06
21.85	2.955e-06	2.906e-06	2.874e-06	2.834e-06	2.845e-06	2.814e-06	2.797e-06	2.783e-06	2.767e-06	2.777e-06	2.744e-06	2.732e-06	2.735e-06	2.724e-06	2.727e-06	2.707e-06	2.7e-06	2.702e-06	2.698e-06	2.694e-06	2.69e-06	2.663e-06	2.662e-06	2.66e-06	2.664e-06	2.688e-06	2.686e-06	2.682e-06	2.66e-06	2.631e-06
21.86	2.955e-06	2.906e-06	2.874e-06	2.834e-06	2.845e-06	2.814e-06	2.797e-06	2.783e-06	2.767e-06	2.777e-06	2.744e-06	2.732e-06	2.735e-06	2.724e-06	2.727e-06	2.707e-06	2.7e-06	2.702e-06	2.698e-06	2.694e-06	2.69e-06	2.663e-06	2.662e-06	2.66e-06	2.664e-06	2.688e-06	2.686e-06	2.682e-06	2.66e-06	2.631e-06
21.87	2.955e-06	2.906e-06	2.874e-06	2.834e-06	2.845e-06	2.814e-06	2.797e-06	2.783e-06	2.767e-06	2.777e-06	2.744e-06	2.732e-06	2.735e-06	2.724e-06	2.727e-06	2.707e-06	2.7e-06	2.702e-06	2.698e-06	2.694e-06	2.69e-06	2.663e-06	2.662e-06	2.66e-06	2.664e-06	2.688e-06	2.686e-06	2.682e-06	2.66e-06	2.631e-06
21.88	2.955e-06	2.906e-06	2.874e-06	2.834e-06	2.845e-06	2.814e-06	2.797e-06	2.783e-06	2.767e-06	2.777e-06	2.744e-06	2.732e-06	2.735e-06	2.724e-06	2.727e-06	2.707e-06	2.7e-06	2.702e-06	2.698e-06	2.694e-06	2.69e-06	2.663e-06	2.662e-06	2.66e-06	2.664e-06	2.688e-06	2.686e-06	2.682e-06	2.66e-06	2.631e-06
21.89	2.955e-06	2.906e-06	2.874e-06	2.834e-06	2.845e-06	2.814e-06	2.797e-06	2.783e-06	2.767e-06	2.777e-06	2.744e-06	2.732e-06	2.735e-06	2.724e-06	2.727e-06	2.707e-06	2.7e-06	2.702e-06	2.698e-06	2.694e-06	2.69e-06	2.663e-06	2.662e-06	2.66e-06	2.664e-06	2.688e-06	2.686e-06	2.682e-06	2.66e-06	2.631e-06
21.9	2.941e-06	2.894e-06	2.861e-06	2.845e-06	2.84e-06	2.825e-06	2.797e-06	2.783e-06	2.769e-06	2.761e-06	2.744e-06	2.744e-06	2.745e-06	2.735e-06	2.726e-06	2.717e-06	2.71e-06	2.704e-06	2.699e-06	2.705e-06	2.7e-06	2.664e-06	2.661e-06	2.66e-06	2.675e-06	2.688e-06	2.686e-06	2.681e-06	2.66e-06	2.632e-06
21.91	2.941e-06	2.894e-06	2.861e-06	2.845e-06	2.84e-06	2.825e-06	2.797e-06	2.783e-06	2.769e-06	2.761e-06	2.744e-06	2.744e-06	2.745e-06	2.735e-06	2.726e-06	2.717e-06	2.71e-06	2.704e-06	2.699e-06	2.705e-06	2.7e-06	2.664e-06	2.661e-06	2.66e-06	2.675e-06	2.688e-06	2.686e-06	2.681e-06	2.66e-06	2.632e-06
21.92	2.941e-06	2.894e-06	2.861e-06	2.845e-06	2.84e-06	2.825e-06	2.797e-06	2.783e-06	2.769e-06	2.761e-06	2.744e-06	2.744e-06	2.745e-06	2.735e-06	2.726e-06	2.717e-06	2.71e-06	2.704e-06	2.699e-06	2.705e-06	2.7e-06	2.664e-06	2.661e-06	2.66e-06	2.675e-06	2.688e-06	2.686e-06	2.681e-06	2.66e-06	2.632e-06
21.93	2.941e-06	2.894e-06	2.861e-06	2.845e-06	2.84e-06	2.825e-06	2.797e-06	2.783e-06	2.769e-06	2.761e-06	2.744e-06	2.744e-06	2.745e-06	2.735e-06	2.726e-06	2.717e-06	2.71e-06	2.704e-06	2.699e-06	2.705e-06	2.7e-06	2.664e-06	2.661e-06	2.66e-06	2.675e-06	2.688e-06	2.686e-06	2.681e-06	2.66e-06	2.632e-06
21.94	2.941e-06	2.894e-06	2.861e-06	2.845e-06	2.84e-06	2.825e-06	2.797e-06	2.783e-06	2.769e-06	2.761e-06	2.744e-06	2.744e-06	2.745e-06	2.735e-06	2.726e-06	2.717e-06	2.71e-06	2.704e-06	2.699e-06	2.705e-06	2.7e-06	2.664e-06	2.661e-06	2.66e-06	2.675e-06	2.688e-06	2.686e-06	2.681e-06	2.66e-06	2.632e-06
21.95	2.941e-06	2.894e-06	2.861e-06	2.845e-06	2.84e-06	2.825e-06	2.797e-06	2.783e-06	2.769e-06	2.761e-06	2.744e-06	2.744e-06	2.745e-06	2.735e-06	2.726e-06	2.717e-06	2.71e-06	2.704e-06	2.699e-06	2.705e-06	2.7e-06	2.664e-06	2.661e-06	2.66e-06	2.675e-06	2.688e-06	2.686e-06	2.681e-06	2.66e-06	2.632e-06
21.96	2.941e-06	2.894e-06	2.861e-06	2.845e-06	2.84e-06	2.825e-06	2.797e-06	2.783e-06	2.769e-06	2.761e-06	2.744e-06	2.744e-06	2.745e-06	2.735e-06	2.726e-06	2.717e-06	2.71e-06	2.704e-06	2.699e-06	2.705e-06	2.7e-06	2.664e-06	2.661e-06	2.66e-06	2.675e-06	2.688e-06	2.686e-06	2.681e-06	2.66e-06	2.632e-06
21.97	2.941e-06	2.894e-06	2.861e-06	2.845e-06	2.84e-06	2.825e-06	2.797e-06	2.783e-06	2.769e-06	2.761e-06	2.744e-06	2.744e-06	2.745e-06	2.735e-06	2.726e-06	2.717e-06	2.71e-06	2.704e-06	2.699e-06	2.705e-06	2.7e-06	2.664e-06	2.661e-06	2.66e-06	2.675e-06	2.688e-06	2.686e-06	2.681e-06	2.66e-06	2.632e-06
21.98	2.941e-06	2.894e-06	2.861e-06	2.845e-06	2.84e-06	2.825e-06	2.797e-06	2.783e-06	2.769e-06	2.761e-06	2.744e-06	2.744e-06	2.745e-06	2.735e-06	2.726e-06	2.717e-06	2.71e-06	2.704e-06	2.699e-06	2.705e-06	2.7e-06	2.664e-06	2.661e-06	2.66e-06	2.675e-06	2.688e-06	2.686e-06	2.681e-06	2.66e-06	2.632e-06
21.99	2.941e-06	2.894e-06	2.861e-06	2.845e-06	2.84e-06	2.825e-06	2.797e-06	2.783e-06	2.769e-06	2.761e-06	2.744e-06	2.744e-06	2.745e-06	2.735e-06	2.726e-06	2.717e-06	2.71e-06	2.704e-06	2.699e-06	2.705e-06	2.7e-06	2.664e-06	2.661e-06	2.66e-06	2.675e-06	2.688e-06	2.686e-06	2.681e-06	2.66e-06	2.632e-06
22	2.941e-06	2.905e-06	2.883e-06	2.844e-06	2.824e-06	2.813e-06	2.797e-06	2.794e-06	2.768e-06	2.755e-06	2.743e-06	2.742e-06	2.722e-06	2.723e-06	2.715e-06	2.727e-06	2.71e-06	2.703e-06	2.687e-06	2.693e-06	2.69e-06	2.684e-06	2.651e-06	2.659e-06	2.686e-06	2.676e-06	2.686e-06	2.682e-06	2.659e-06	2.643e-06
