# SCAN started at: 2019-02-13 18:44:05
# Elen_Scan Mass: 97.9 Resolution: 30
# ----------------------------------------
# 
10.5	-5.797	-6.869	-6.321	-6.352	-5.962	-4.119	-7.708	-4.157	-3.883	-8.493	-5.059	-7.927	-3.941	-7.098	-7.062
10.51	-8.459	-3.982	-3.118	-7.515	-3.656	-3.175	-8.289	-3.13	-4.219	-7.648	-6.531	-4.614	-5.437	-7.334	-5.194
10.52	-8.223	-4.413	-3.124	-7.339	-3.943	-5.58	-8.356	-3.352	-4.443	-8.397	-6.35	-5.194	-4.957	-7.825	-4.904
10.53	-7.958	-4.173	-3.198	-7.484	-4.333	-3.429	-8.541	-3.519	-5.026	-8.755	-6.794	-5.19	-5.197	-7.287	-4.962
10.54	-8.061	-4.015	-2.909	-7.478	-4.445	-3.505	-8.629	-3.656	-5.41	-8.772	-6.477	-5.022	-5.336	-7.608	-4.939
10.55	-8.242	-3.862	-3.459	-7.568	-4.347	-3.521	-8.68	-3.875	-5.866	-8.851	-6.51	-4.845	-5.608	-7.483	-4.8
10.56	-8.121	-3.721	-3.422	-7.611	-4.495	-3.659	-8.714	-4.133	-6.3	-8.927	-6.591	-4.675	-5.727	-7.388	-4.931
10.57	-8.177	-3.544	-4.205	-7.639	-4.137	-3.692	-8.777	-4.44	-6.711	-8.942	-6.603	-4.476	-5.842	-7.21	-4.887
10.58	-8.223	-3.51	-4.511	-7.585	-4.628	-3.796	-8.768	-4.791	-7.352	-9.051	-6.586	-4.382	-5.939	-7.052	-4.864
10.59	-8.315	-3.411	-4.63	-7.637	-4.675	-3.952	-8.792	-5.161	-8.036	-9.092	-6.463	-4.268	-6.125	-6.837	-4.868
10.6	-8.312	-3.389	-4.72	-7.547	-4.896	-4.127	-8.672	-5.55	-7.975	-9.075	-5.99	-4.107	-6.491	-6.696	-4.775
10.61	-8.303	-8.347	-5.03	-7.354	-5.343	-4.17	-8.789	-5.625	-8.266	-9.091	-5.412	-4	-6.368	-6.458	-7.523
10.62	-8.401	-8.282	-4.81	-7.568	-4.987	-4.793	-8.737	-5.3	-8.668	-9.111	-5.698	-3.66	-7.516	-5.965	-7.778
10.63	-8.375	-8.159	-4.699	-7.901	-5.037	-5.065	-8.66	-4.867	-8.653	-9.119	-5.674	-3.528	-7.156	-5.697	-7.829
10.64	-8.354	-7.971	-4.912	-7.634	-5.211	-5.134	-8.651	-4.64	-8.649	-9.122	-5.623	-3.462	-7.237	-5.466	-7.823
10.65	-8.216	-7.683	-4.885	-7.632	-5.317	-5.293	-8.789	-4.42	-8.568	-9.11	-5.513	-3.305	-7.447	-5.237	-7.936
10.66	-8.132	-7.547	-4.944	-7.609	-5.616	-5.532	-8.721	-4.124	-8.345	-9.115	-6.118	-3.316	-7.636	-4.999	-8.04
10.67	-8.092	-7.31	-4.959	-7.585	-5.537	-5.794	-8.7	-3.807	-8.025	-9.062	-5.421	-3.318	-8.053	-4.821	-8.114
10.68	-7.957	-7.024	-4.951	-7.694	-5.445	-6.064	-8.615	-3.691	-7.6	-9.065	-5.381	-3.319	-8.201	-4.61	-8.181
10.69	-7.826	-6.697	-5.028	-7.672	-5.75	-6.347	-8.462	-3.565	-7.056	-9.002	-5.28	-3.334	-8.043	-4.383	-8.225
10.7	-7.7	-6.44	-5.072	-7.63	-5.849	-6.434	-8.167	-3.626	-6.685	-8.935	-5.166	-3.336	-8.152	-4.278	-8.301
10.71	-7.689	-5.999	-5.508	-7.309	-6.464	-6.648	-8.133	-8.184	-5.921	-8.562	-5.836	-3.49	-8.237	-4.154	-8.384
10.72	-7.221	-5.367	-5.239	-7.485	-6.169	-7.295	-8.165	-7.679	-5.018	-8.761	-5.973	-3.778	-8.355	-3.899	-8.442
10.73	-7.062	-5.096	-5.224	-7.577	-6.262	-7.4	-8.031	-7.671	-4.678	-8.624	-6.081	-3.967	-8.383	-3.862	-8.185
10.74	-6.911	-4.828	-5.168	-7.492	-6.319	-7.449	-8.061	-7.156	-4.357	-8.506	-6.154	-4.189	-8.502	-3.797	-8.549
10.75	-6.686	-4.186	-5.395	-7.465	-6.445	-7.666	-7.927	-6.884	-4.088	-8.402	-6.267	-4.46	-8.501	-3.734	-8.586
10.76	-6.509	-4.281	-5.358	-7.449	-6.552	-7.726	-7.835	-6.342	-3.895	-8.297	-6.317	-4.652	-8.499	-3.841	-8.694
10.77	-6.347	-4.008	-5.335	-7.451	-6.619	-7.553	-7.77	-6.022	-3.804	-8.161	-6.426	-4.918	-8.439	-3.887	-8.696
10.78	-6.037	-3.85	-5.381	-7.443	-6.762	-8.089	-7.39	-5.363	-3.824	-8.014	-6.475	-5.244	-8.292	-3.939	-8.727
10.79	-5.844	-3.764	-5.233	-7.463	-6.893	-8.358	-6.93	-4.943	-3.583	-8.225	-6.856	-5.449	-8.375	-4.043	-8.745
10.8	-5.675	-3.636	-5.399	-7.418	-7.034	-8.481	-6.981	-4.821	-3.864	-7.692	-7.248	-5.746	-8.271	-4.227	-8.649
10.81	-5.527	-3.576	-5.917	-7.1	-7.341	-8.188	-6.963	-4.29	-4.437	-6.733	-7.723	-5.956	-8.066	-4.343	-8.361
10.82	-4.851	-3.688	-5.508	-7.354	-7.435	-8.354	-6.343	-4.085	-5.477	-7.033	-7.504	-6.526	-7.71	-4.876	-8.224
10.83	-4.744	-3.861	-5.624	-7.399	-6.944	-8.268	-6.233	-4.145	-5.925	-6.867	-7.536	-6.793	-7.473	-5.163	-8.278
10.84	-4.453	-5.485	-5.909	-7.349	-7.658	-8.369	-6.093	-4.127	-6.373	-6.665	-7.631	-6.994	-7.287	-5.426	-8.281
10.85	-4.434	-4.934	-5.484	-7.411	-7.703	-8.383	-5.896	-4.405	-6.836	-6.503	-7.67	-7.196	-6.381	-5.658	-8.246
10.86	-4.126	-4.696	-5.368	-7.367	-7.765	-8.356	-5.686	-4.663	-7.272	-6.252	-7.706	-7.397	-6.757	-5.995	-8.311
10.87	-4.012	-5.266	-5.516	-7.372	-7.915	-8.349	-5.552	-4.988	-7.74	-6.095	-7.776	-7.757	-6.465	-6.274	-8.265
10.88	-3.852	-5.505	-5.619	-7.7	-7.974	-8.277	-5.396	-5.386	-7.932	-5.987	-7.537	-7.769	-6.19	-6.583	-8.304
10.89	-3.737	-5.833	-5.689	-7.319	-8.139	-8.208	-5.001	-5.999	-8.146	-5.799	-7.851	-7.856	-5.813	-6.835	-8.325
10.9	-3.692	-6.263	-5.573	-7.413	-8.214	-8.165	-4.821	-6.538	-8.302	-5.562	-7.911	-7.982	-5.898	-7.138	-8.308
10.91	-3.656	-6.763	-6.226	-7.114	-8.526	-3.906	-4.875	-7.557	-8.487	-4.779	-8.185	-3.333	-5.451	-7.338	-8.189
10.92	-3.426	-7.484	-5.833	-7.404	-8.421	-3.77	-4.462	-7.931	-8.134	-4.989	-8.052	-3.344	-4.848	-7.828	-8.274
10.93	-3.43	-7.747	-5.84	-7.481	-8.458	-4.101	-4.365	-8.301	-7.801	-4.838	-8.09	-3.345	-4.736	-8.068	-8.275
10.94	-3.368	-8.004	-5.927	-7.51	-8.529	-4.265	-4.269	-8.869	-7.31	-4.656	-8.124	-3.406	-4.498	-8.197	-8.125
10.95	-3.284	-8.201	-5.427	-7.569	-8.54	-4.36	-4.277	-8.85	-6.797	-4.573	-7.833	-3.52	-4.334	-8.338	-8.106
10.96	-3.326	-8.404	-6.081	-7.548	-8.59	-4.464	-4.278	-9.04	-6.277	-4.443	-7.833	-3.679	-4.175	-8.497	-8.04
10.97	-3.262	-8.496	-5.872	-7.697	-8.629	-4.492	-4.42	-9.219	-5.747	-4.775	-7.6	-3.79	-3.971	-8.553	-8.185
10.98	-3.235	-8.61	-5.524	-7.696	-8.662	-4.636	-4.273	-9.238	-5.088	-4.319	-7.867	-4.008	-4.085	-8.573	-8.02
10.99	-3.199	-8.633	-5.613	-7.831	-8.627	-4.611	-4.187	-9.047	-4.595	-4.236	-7.909	-4.702	-3.872	-8.613	-8.157
11	-3.288	-8.625	-5.655	-7.856	-8.678	-4.674	-4.051	-8.882	-4.23	-4.192	-7.867	-4.336	-3.706	-8.611	-8.123
11.01	-3.241	-8.598	-6.066	-8.022	-8.637	-7.147	-3.893	-8.531	-3.778	-4.133	-7.954	-4.533	-3.527	-8.638	-7.929
11.02	-3.343	-8.332	-5.464	-8.361	-8.715	-7.384	-3.718	-7.841	-3.42	-4.137	-7.91	-5.098	-3.572	-8.324	-8.073
11.03	-3.386	-8.119	-5.914	-8.29	-8.671	-6.741	-3.625	-7.435	-3.397	-4.204	-7.884	-5.286	-3.56	-8.513	-8.037
11.04	-3.385	-7.89	-5.948	-8.356	-8.699	-7.215	-3.606	-6.946	-3.439	-4.194	-7.907	-5.572	-3.654	-8.409	-8.015
11.05	-3.471	-7.625	-6.017	-8.498	-8.712	-7.023	-3.663	-6.559	-3.643	-4.215	-7.921	-5.827	-3.802	-7.974	-7.989
11.06	-3.515	-7.359	-6.119	-8.411	-8.813	-7.083	-3.692	-5.988	-3.83	-4.291	-7.957	-6.13	-3.903	-8.175	-7.936
11.07	-3.915	-7.089	-6.144	-8.58	-8.696	-6.966	-3.946	-5.682	-4.138	-4.335	-7.912	-6.29	-3.982	-8.105	-7.92
11.08	-3.636	-6.789	-6.237	-8.634	-8.492	-6.814	-3.607	-5.145	-4.627	-4.355	-7.887	-6.474	-4.034	-7.976	-7.855
11.09	-3.804	-6.552	-6.304	-8.667	-8.639	-6.775	-3.652	-4.872	-5.021	-4.488	-7.905	-6.721	-4.151	-7.859	-7.845
11.1	-3.879	-6.205	-6.584	-8.384	-8.663	-6.606	-3.686	-4.729	-5.426	-4.597	-7.882	-7.026	-4.257	-7.758	-7.789
11.11	-3.759	-6.026	-6.849	-8.324	-8.594	-6.839	-3.728	-4.362	-6.495	-4.987	-7.979	-7.391	-4.513	-7.79	-7.361
11.12	-4.137	-5.279	-6.792	-8.245	-8.647	-6.413	-3.875	-4.154	-6.839	-4.844	-7.969	-7.603	-4.917	-7.325	-7.564
11.13	-4.188	-5.072	-6.768	-8.46	-8.675	-6.282	-3.862	-4.125	-7.168	-4.938	-7.914	-7.675	-5.137	-7.2	-7.377
11.14	-4.178	-4.828	-6.981	-8.395	-8.644	-6.231	-3.914	-4.215	-7.561	-4.98	-7.877	-7.815	-5.4	-7.029	-7.356
11.15	-4.145	-4.65	-7.07	-8.46	-8.657	-6.162	-3.955	-4.439	-7.882	-5.223	-7.941	-8.233	-5.751	-6.955	-7.282
11.16	-4.669	-4.439	-7.115	-8.568	-8.655	-6.082	-4.002	-4.566	-8.178	-5.336	-7.933	-8.183	-5.781	-6.819	-7.112
11.17	-4.199	-4.267	-7.278	-8.599	-8.639	-6.039	-4.025	-4.822	-8.364	-5.523	-7.964	-8.431	-6.183	-6.631	-7.093
11.18	-4.276	-4.12	-7.182	-8.593	-8.665	-5.932	-4.065	-5.19	-8.277	-5.63	-7.971	-8.471	-6.126	-6.548	-7.017
11.19	-4.276	-4.003	-6.836	-8.521	-8.652	-5.906	-4.32	-5.605	-8.299	-5.751	-7.915	-8.481	-6.377	-6.487	-6.901
11.2	-4.272	-3.683	-7.409	-8.577	-8.68	-5.793	-4.357	-6.065	-8.203	-5.717	-7.894	-8.407	-6.49	-6.347	-6.871
11.21	-4.082	-3.745	-7.753	-8.518	-8.634	-6.08	-7.517	-6.626	-8.051	-6.535	-8.005	-8.6	-6.637	-6.562	-6.159
11.22	-4.254	-3.686	-7.506	-8.533	-8.504	-5.701	-7.523	-7.367	-7.673	-6.243	-7.935	-8.434	-7.167	-6.091	-6.454
11.23	-4.018	-3.71	-7.611	-8.508	-8.649	-5.625	-6.871	-7.847	-7.365	-6.433	-7.924	-8.646	-7.306	-5.915	-6.388
11.24	-4.034	-3.7	-7.606	-8.468	-8.57	-5.534	-7.37	-8.118	-6.961	-6.507	-7.928	-8.564	-7.507	-5.92	-6.248
11.25	-4.078	-3.746	-7.686	-8.438	-8.641	-5.239	-6.637	-8.501	-6.563	-6.559	-7.945	-8.458	-7.674	-5.797	-6.647
11.26	-4.09	-3.88	-7.69	-8.436	-8.65	-5.101	-7.114	-9.04	-6.063	-6.762	-7.915	-8.405	-7.786	-5.713	-5.955
11.27	-4.215	-4.316	-7.546	-8.409	-8.65	-5.017	-6.896	-9.134	-5.578	-6.79	-7.758	-8.303	-7.913	-5.649	-5.857
11.28	-4.143	-4.116	-7.686	-8.421	-8.605	-4.898	-6.711	-9.155	-4.675	-6.953	-7.933	-7.938	-7.981	-5.571	-5.716
11.29	-4.127	-4.472	-7.554	-8.423	-8.594	-4.975	-6.685	-9.224	-4.909	-7.05	-7.933	-7.754	-8.155	-5.482	-5.501
11.3	-4.163	-4.541	-7.575	-8.406	-8.525	-4.758	-6.519	-9.134	-4.458	-7.188	-7.976	-7.621	-8.216	-5.42	-5.298
11.31	-4.039	-4.73	-7.927	-8.397	-8.599	-5.185	-6.44	-8.799	-4.151	-7.497	-7.987	-7.742	-8.25	-5.64	-6.331
11.32	-4.444	-5.446	-7.698	-8.432	-8.456	-4.678	-5.832	-8.163	-3.759	-7.637	-8.032	-7.327	-8.37	-4.835	-6.532
11.33	-4.389	-5.7	-7.672	-8.512	-8.35	-4.618	-5.61	-7.834	-3.592	-7.787	-7.982	-7.166	-8.595	-5.199	-6.435
11.34	-4.377	-6.073	-7.577	-8.332	-8.416	-4.652	-5.609	-7.36	-3.506	-7.882	-7.951	-6.963	-8.621	-5.113	-6.552
11.35	-4.485	-6.427	-7.625	-8.368	-8.075	-4.529	-5.43	-6.788	-3.509	-7.914	-8.021	-6.796	-8.597	-5.068	-6.592
11.36	-4.447	-6.653	-7.621	-8.361	-8.347	-4.494	-5.327	-6.354	-3.613	-8.08	-7.994	-6.689	-8.641	-4.991	-6.102
11.37	-4.422	-6.982	-7.612	-8.483	-8.312	-4.382	-5.035	-5.842	-3.723	-8.161	-8.047	-6.588	-8.189	-4.938	-6.987
11.38	-4.423	-7.287	-7.553	-8.635	-8.405	-4.395	-4.832	-5.397	-3.944	-8.296	-8.035	-6.416	-8.558	-4.849	-7.027
11.39	-4.5	-7.622	-7.553	-8.705	-8.316	-4.498	-4.733	-4.971	-4.238	-8.412	-8.08	-6.046	-8.502	-4.804	-7.295
11.4	-4.356	-7.895	-7.357	-8.717	-8.232	-4.34	-4.62	-4.72	-4.456	-8.482	-8.017	-5.891	-8.457	-4.74	-7.277
11.41	-3.965	-8.125	-7.113	-8.682	-8.288	-4.472	-4.295	-4.459	-4.964	-8.961	-7.932	-5.806	-8.373	-4.903	-4.528
11.42	-4.142	-8.453	-6.898	-8.741	-8.084	-4.203	-4.102	-4.275	-5.508	-8.852	-8.029	-5.353	-8.093	-4.511	-4.396
11.43	-4.195	-8.57	-7.026	-8.771	-7.943	-4.145	-3.71	-4.505	-6.056	-8.893	-7.963	-5.123	-8.032	-4.446	-4.62
11.44	-4.182	-8.651	-7.139	-8.795	-7.98	-4.154	-3.643	-4.455	-6.331	-8.988	-7.896	-4.802	-7.846	-4.467	-4.529
11.45	-4.156	-8.642	-6.975	-8.799	-7.758	-4.146	-3.516	-4.659	-6.821	-9.017	-7.88	-4.775	-7.562	-4.667	-4.476
11.46	-4.21	-8.587	-6.958	-8.817	-7.819	-4.044	-3.427	-5.128	-7.158	-9.113	-7.938	-4.51	-7.604	-4.358	-4.448
11.47	-4.241	-8.478	-6.404	-8.796	-7.658	-4.155	-3.377	-5.544	-7.563	-9.101	-7.898	-4.41	-7.315	-4.297	-4.352
11.48	-4.199	-8.342	-6.772	-8.844	-7.525	-4.085	-3.307	-5.973	-7.785	-9.158	-7.9	-4.19	-7.254	-4.257	-4.261
11.49	-4.162	-8.131	-6.83	-8.861	-7.531	-4.179	-3.277	-6.511	-8.021	-9.248	-7.966	-4.195	-7.125	-4.196	-4.241
11.5	-4.115	-7.41	-7.031	-8.895	-7.481	-4.191	-3.237	-6.974	-8.236	-9.214	-7.851	-3.946	-7.075	-4.182	-4.183
11.51	-4.042	-7.583	-7.192	-8.77	-7.541	-4.279	-3.534	-7.745	-8.388	-9.097	-7.417	-3.878	-6.994	-4.203	-3.965
11.52	-4.114	-6.841	-6.516	-8.898	-7.084	-3.974	-3.639	-8.415	-8.588	-9.19	-7.582	-3.611	-6.485	-4.054	-4.086
11.53	-4.109	-6.552	-6.713	-8.858	-6.999	-3.933	-3.712	-8.7	-8.634	-9.22	-7.574	-3.511	-6.297	-3.964	-4.101
11.54	-4.134	-6.239	-6.626	-8.853	-6.786	-3.961	-3.797	-8.969	-8.664	-9.14	-7.482	-3.435	-6.008	-3.959	-4.065
11.55	-4.126	-5.938	-6.495	-8.863	-6.512	-3.843	-3.882	-9.139	-8.635	-9.142	-7.448	-3.538	-5.91	-3.936	-4.069
11.56	-4.11	-5.646	-6.331	-8.853	-6.431	-3.817	-3.974	-9.212	-8.455	-9.121	-7.472	-3.458	-5.511	-3.918	-4.065
11.57	-4.123	-5.325	-5.725	-8.873	-6.181	-3.768	-4.4	-9.191	-8.433	-9.071	-7.4	-3.406	-5.502	-3.838	-4.055
11.58	-4.137	-5.083	-5.83	-8.776	-6.075	-3.841	-4.287	-9.185	-8.221	-9.041	-7.444	-3.42	-5.338	-3.844	-4.009
11.59	-4.165	-4.813	-5.975	-8.72	-5.941	-3.778	-4.393	-8.661	-8.073	-9.021	-7.452	-3.486	-5.084	-3.876	-4.027
11.6	-4.11	-4.566	-5.708	-8.681	-5.703	-3.822	-4.626	-8.746	-7.793	-8.749	-7.457	-3.594	-4.97	-3.861	-4.069
11.61	-4.207	-4.352	-6.156	-8.639	-5.612	-3.713	-4.866	-8.247	-7.329	-8.47	-7.275	-3.807	-4.875	-3.847	-4.045
11.62	-4.108	-3.97	-5.731	-8.809	-4.942	-3.764	-5.445	-7.395	-6.707	-9.005	-7.539	-4.077	-4.421	-3.895	-4.032
11.63	-4.102	-3.886	-6.116	-8.813	-4.764	-3.664	-5.7	-6.929	-5.85	-8.687	-7.485	-4.195	-4.286	-3.877	-4.05
11.64	-4.201	-3.751	-6.126	-8.788	-4.456	-3.733	-5.919	-6.475	-6.136	-8.598	-7.523	-4.618	-4.215	-3.919	-3.808
11.65	-4.228	-3.689	-6.072	-8.797	-4.2	-3.868	-6.114	-6.147	-5.771	-8.444	-7.541	-4.397	-4.085	-3.914	-3.75
11.66	-4.271	-3.653	-6.031	-8.787	-4.15	-3.97	-6.314	-5.893	-5.447	-8.395	-7.597	-4.567	-4.016	-4.027	-3.847
11.67	-4.291	-3.666	-6.021	-8.792	-4.084	-3.844	-6.567	-5.43	-5.092	-8.253	-7.533	-4.762	-3.906	-4.447	-3.877
11.68	-4.285	-3.719	-5.714	-8.874	-3.982	-3.883	-6.727	-5.164	-4.824	-8.212	-7.609	-4.841	-3.881	-4.147	-3.735
11.69	-4.289	-3.76	-5.919	-8.856	-3.872	-3.955	-7.09	-4.904	-4.618	-8	-7.606	-5.529	-3.734	-4.237	-3.719
11.7	-4.296	-3.845	-5.914	-8.865	-3.773	-4.019	-7.307	-4.721	-4.363	-7.844	-7.656	-5.131	-3.686	-4.328	-3.738
11.71	-4.505	-4.022	-6.27	-8.775	-3.783	-4.104	-7.494	-4.626	-4.032	-7.11	-7.606	-5.057	-3.679	-4.259	-3.865
11.72	-4.376	-4.412	-5.884	-8.849	-3.659	-4.504	-7.979	-4.86	-3.748	-7.417	-7.681	-5.672	-3.593	-4.721	-3.788
11.73	-4.375	-4.641	-5.831	-8.78	-3.687	-4.641	-8.126	-5.143	-3.623	-7.164	-7.732	-5.702	-3.653	-4.864	-3.731
11.74	-4.358	-4.857	-5.794	-8.786	-3.716	-4.674	-8.347	-5.471	-3.638	-7.141	-7.682	-5.914	-3.67	-4.993	-3.804
11.75	-4.296	-5.053	-5.852	-8.8	-3.765	-4.937	-8.665	-5.98	-3.726	-6.889	-7.716	-5.936	-3.691	-5.226	-3.784
11.76	-4.37	-5.204	-5.776	-8.837	-3.842	-5.185	-8.577	-6.489	-3.813	-6.7	-7.716	-6.204	-3.71	-5.406	-3.794
11.77	-4.197	-5.409	-5.755	-8.849	-3.931	-5.181	-8.665	-7.016	-3.984	-6.57	-7.744	-6.353	-3.843	-5.573	-3.75
11.78	-4.163	-5.979	-5.569	-8.823	-4.066	-5.366	-8.77	-7.572	-4.239	-6.478	-7.72	-6.495	-3.893	-5.706	-3.792
11.79	-4.219	-6.598	-5.538	-8.819	-4.13	-5.667	-8.739	-8.079	-4.567	-6.32	-7.695	-6.513	-3.943	-5.851	-3.777
11.8	-4.156	-6.322	-5.505	-8.82	-4.505	-5.788	-8.825	-8.54	-4.877	-6.219	-7.698	-6.714	-4.044	-6.127	-3.845
11.81	-4.12	-6.32	-5.673	-8.811	-4.289	-5.803	-8.817	-9.073	-5.203	-5.531	-7.642	-6.621	-4.047	-6.062	-4.065
11.82	-4.143	-6.881	-5.315	-8.753	-4.707	-6.392	-8.55	-9.566	-6.046	-5.791	-7.682	-7.156	-4.44	-6.655	-3.93
11.83	-4.056	-7.06	-5.255	-8.477	-4.889	-6.497	-8.431	-9.741	-6.306	-6.224	-7.736	-7.235	-4.536	-6.857	-3.887
11.84	-3.362	-7.305	-4.73	-8.431	-4.968	-6.215	-8.228	-9.774	-6.674	-5.704	-7.646	-7.348	-4.983	-7.074	-3.914
11.85	-3.485	-7.276	-5.075	-8.49	-5.191	-6.502	-8.044	-9.659	-7.042	-5.578	-7.73	-7.551	-4.854	-7.174	-3.929
11.86	-3.408	-7.481	-5.115	-8.39	-5.247	-6.839	-7.721	-9.503	-7.495	-5.444	-7.757	-7.305	-4.907	-7.359	-3.985
11.87	-3.526	-7.618	-5.029	-8.62	-6.598	-6.824	-7.491	-9.213	-7.662	-5.415	-7.74	-7.544	-5.015	-7.532	-3.954
11.88	-3.458	-7.809	-5.038	-8.523	-5.388	-6.84	-7.2	-8.872	-7.801	-5.33	-7.745	-7.681	-5.238	-7.631	-3.993
11.89	-3.638	-7.879	-4.961	-8.579	-5.92	-6.926	-6.986	-8.372	-7.881	-5.26	-7.715	-7.787	-5.793	-7.759	-4.054
11.9	-3.664	-7.967	-4.894	-8.55	-6.032	-7.006	-6.037	-7.937	-8.008	-5.21	-7.721	-7.846	-5.485	-7.901	-4.096
11.91	-3.745	-8.061	-5.01	-8.416	-5.792	-6.783	-6.497	-7.094	-8.323	-4.903	-7.665	-7.594	-5.344	-7.921	-4.397
11.92	-3.682	-8.276	-4.864	-8.521	-6.347	-7.277	-5.793	-6.276	-8.562	-5.181	-7.716	-7.977	-5.887	-8.27	-4.303
11.93	-3.603	-8.698	-4.803	-8.461	-6.529	-7.36	-5.622	-5.825	-8.583	-5.246	-7.75	-7.947	-6.036	-8.374	-4.321
11.94	-3.527	-8.747	-4.789	-8.54	-6.604	-7.417	-5.406	-5.512	-8.718	-5.145	-7.792	-7.979	-6.199	-8.453	-4.324
11.95	-3.64	-8.821	-4.664	-8.495	-6.604	-7.471	-5.106	-4.939	-8.62	-5.271	-7.733	-8.122	-6.614	-8.536	-4.401
11.96	-3.595	-8.893	-4.492	-8.508	-6.837	-7.567	-4.901	-5.004	-8.497	-5.19	-7.635	-8.082	-6.524	-8.583	-4.442
11.97	-3.548	-8.933	-4.597	-8.414	-6.952	-7.602	-4.709	-4.764	-8.467	-5.14	-7.734	-8.128	-6.674	-8.652	-4.525
11.98	-3.563	-8.959	-4.611	-8.372	-7.041	-7.686	-4.641	-4.699	-8.155	-5.149	-7.735	-8.135	-7.298	-8.69	-4.844
11.99	-3.492	-8.973	-4.288	-8.334	-7.22	-7.758	-4.493	-4.717	-7.892	-5.075	-7.73	-8.265	-6.928	-8.713	-4.698
12	-3.513	-8.917	-4.524	-8.321	-7.269	-7.824	-4.377	-4.84	-7.712	-5.043	-7.738	-8.204	-7.362	-8.751	-4.818
12.01	-3.514	-8.763	-4.64	-8.033	-7.233	-8.279	-4.266	-5.164	-7.478	-4.681	-7.725	-7.976	-7.073	-8.725	-5.128
12.02	-3.52	-8.657	-4.373	-8.148	-7.699	-8.681	-4.034	-5.878	-6.78	-4.921	-7.737	-8.328	-7.583	-8.781	-5.257
12.03	-3.494	-8.604	-4.337	-8.15	-7.731	-8.72	-3.947	-6.355	-6.589	-4.892	-7.725	-8.345	-7.686	-8.729	-5.385
12.04	-3.553	-8.472	-4.188	-8.08	-7.829	-8.845	-3.921	-6.813	-6.34	-4.881	-6.35	-8.299	-7.76	-8.745	-5.285
12.05	-3.481	-8.396	-4.17	-8.031	-7.802	-8.674	-3.867	-7.36	-6.009	-4.827	-7.689	-8.485	-7.96	-8.715	-5.274
12.06	-3.567	-8.376	-4.15	-8.091	-7.855	-8.882	-3.829	-8.002	-5.796	-4.788	-7.598	-8.442	-8.029	-8.691	-5.326
12.07	-3.479	-8.227	-3.878	-7.92	-8.003	-9.204	-3.824	-8.39	-5.529	-4.709	-7.552	-8.576	-8.119	-8.51	-5.415
12.08	-3.461	-8.144	-3.996	-7.845	-8.03	-8.993	-3.859	-8.755	-5.233	-4.641	-7.453	-8.468	-8.213	-8.273	-5.582
12.09	-3.265	-8.042	-4.012	-7.789	-8.092	-9.064	-3.919	-9.117	-5.06	-4.579	-7.422	-8.511	-8.359	-7.789	-5.585
12.1	-3.387	-7.918	-4.052	-7.63	-8.143	-9.074	-3.981	-9.435	-4.923	-4.585	-7.404	-8.464	-8.463	-8.058	-5.636
12.11	-3.041	-7.927	-4.122	-6.995	-8.14	-9.01	-3.975	-9.703	-4.823	-4.317	-7.584	-8.189	-8.366	-8.101	-6.119
12.12	-3.073	-7.475	-3.969	-7.297	-8.425	-9.262	-4.325	-9.743	-4.459	-4.44	-7.412	-8.253	-8.581	-7.748	-5.785
12.13	-3.032	-7.32	-3.894	-7.191	-8.477	-9.273	-4.479	-9.578	-4.254	-4.421	-7.414	-8.526	-8.593	-7.696	-5.76
12.14	-3.047	-7.169	-3.886	-7.032	-8.544	-9.337	-4.754	-9.309	-4.14	-4.327	-7.372	-8.384	-8.62	-7.507	-5.862
12.15	-3.325	-6.436	-3.877	-6.889	-8.567	-9.33	-4.89	-8.929	-3.788	-4.351	-7.368	-8.471	-8.666	-7.461	-5.893
12.16	-3.124	-6.974	-3.923	-6.71	-8.609	-9.366	-5.04	-8.451	-3.939	-4.338	-7.269	-8.419	-8.6	-7.232	-5.835
12.17	-3.152	-6.46	-3.864	-6.625	-8.529	-9.434	-5.275	-7.986	-3.982	-4.34	-7.259	-8.686	-8.647	-7.183	-5.847
12.18	-3.155	-6.739	-3.825	-7.062	-8.569	-9.43	-5.516	-7.462	-3.89	-4.313	-7.315	-8.501	-8.616	-6.976	-5.861
12.19	-3.14	-6.619	-3.73	-6.885	-8.589	-9.422	-5.781	-6.931	-3.82	-4.319	-7.274	-8.518	-8.563	-6.815	-5.91
12.2	-3.192	-6.202	-3.758	-6.212	-8.592	-9.429	-5.925	-6.452	-3.713	-4.28	-7.197	-8.559	-8.48	-6.634	-5.84
12.21	-3.117	-6.313	-4.072	-5.381	-8.611	-9.453	-6.06	-5.723	-3.66	-4.253	-3.407	-8.588	-8.593	-7.102	-6.239
12.22	-3.27	-5.687	-4.014	-5.605	-8.62	-9.428	-6.548	-5.149	-3.673	-4.238	-3.414	-8.704	-8.242	-6.716	-5.863
12.23	-3.308	-5.524	-4.036	-5.47	-8.627	-9.453	-6.789	-4.894	-3.696	-4.25	-3.423	-8.718	-7.942	-6.574	-5.831
12.24	-3.284	-5.397	-4.052	-5.325	-8.619	-9.448	-6.999	-4.68	-3.652	-4.265	-3.383	-8.6	-7.974	-6.504	-5.75
12.25	-3.334	-5.233	-4.02	-5.194	-8.577	-9.422	-7.193	-4.686	-3.704	-4.258	-3.681	-8.605	-7.89	-6.381	-5.707
12.26	-3.374	-5.067	-3.941	-5.112	-8.575	-9.398	-7.337	-4.772	-3.719	-4.248	-3.402	-8.797	-7.788	-6.279	-5.654
12.27	-3.416	-4.887	-3.832	-5.048	-8.52	-9.333	-7.862	-4.907	-3.765	-4.4	-3.426	-8.617	-7.625	-6.151	-5.504
12.28	-3.484	-4.792	-3.927	-5.024	-8.45	-9.348	-7.587	-5.147	-3.731	-4.281	-3.414	-8.616	-7.411	-6.222	-5.452
12.29	-3.52	-4.651	-3.97	-4.856	-8.368	-9.291	-7.687	-5.529	-3.777	-4.24	-3.457	-8.574	-7.387	-5.98	-4.793
12.3	-3.544	-4.539	-3.989	-4.82	-8.265	-9.262	-7.854	-5.921	-3.807	-4.279	-3.447	-8.651	-6.998	-5.891	-5.368
12.31	-3.921	-4.244	-3.805	-4.194	-8.355	-9.232	-7.848	-7.056	-3.77	-4.386	-7.293	-8.697	-6.937	-5.965	-5.526
12.32	-4.2	-4.182	-4.016	-4.502	-8.136	-9.056	-8.265	-6.67	-4.083	-4.356	-7.282	-8.682	-6.534	-4.85	-5.129
12.33	-4.268	-4.052	-3.891	-4.428	-8.088	-9.022	-8.376	-6.206	-4.141	-4.388	-7.287	-8.546	-6.515	-5.451	-4.996
12.34	-4.394	-3.991	-4.11	-4.276	-8.077	-8.973	-8.451	-5.663	-4.131	-4.42	-7.251	-8.486	-6.33	-5.376	-4.997
12.35	-4.475	-3.987	-4.328	-4.385	-7.908	-8.965	-8.518	-5.3	-4.168	-4.317	-7.327	-8.396	-6.382	-5.308	-4.853
12.36	-4.583	-3.937	-4.187	-4.195	-7.715	-8.943	-8.608	-5.035	-4.36	-4.302	-7.35	-8.398	-6.225	-5.212	-4.779
12.37	-4.602	-3.908	-4.132	-4.263	-7.717	-8.862	-8.647	-4.815	-4.428	-4.511	-7.473	-8.25	-6.163	-5.192	-4.773
12.38	-4.75	-3.821	-4.219	-4.08	-7.618	-8.707	-8.729	-4.658	-4.687	-4.385	-7.494	-8.197	-5.906	-5.139	-4.597
12.39	-4.867	-3.798	-4.184	-3.983	-6.962	-8.677	-8.818	-4.613	-4.795	-4.505	-7.534	-7.957	-5.513	-5.383	-4.455
12.4	-5.032	-3.787	-4.203	-4.057	-7.306	-8.687	-8.738	-4.616	-4.828	-4.569	-7.514	-7.805	-5.578	-4.964	-4.364
12.41	-4.905	-3.783	-4.159	-3.623	-7.339	-8.793	-8.74	-4.602	-4.961	-4.714	-7.676	-7.818	-5.086	-7.703	-4.392
12.42	-5.483	-3.747	-4.165	-3.79	-6.816	-8.552	-8.775	-5.293	-5.434	-4.556	-7.619	-7.359	-4.915	-7.823	-4.033
12.43	-5.563	-3.793	-4.205	-3.714	-6.644	-8.487	-8.752	-5.654	-5.591	-4.621	-7.711	-7.106	-4.823	-7.841	-3.939
12.44	-5.686	-3.773	-3.678	-3.65	-6.463	-8.495	-8.738	-6.112	-5.827	-4.502	-7.697	-7.228	-4.74	-7.829	-3.903
12.45	-5.843	-3.802	-3.688	-3.612	-6.257	-8.362	-8.704	-6.693	-5.987	-4.731	-7.721	-6.971	-4.584	-7.934	-3.796
12.46	-6.628	-3.815	-3.707	-3.568	-6.105	-8.421	-8.662	-7.094	-6.118	-4.724	-7.75	-6.561	-4.564	-7.904	-3.767
12.47	-6.212	-3.872	-3.682	-3.524	-5.839	-8.339	-8.587	-8.036	-6.364	-4.777	-7.741	-6.456	-4.691	-7.962	-3.721
12.48	-6.296	-3.881	-3.735	-3.5	-5.689	-8.296	-8.54	-7.898	-6.503	-4.852	-7.734	-5.964	-4.644	-7.941	-3.714
12.49	-6.491	-3.965	-4.012	-3.459	-5.557	-8.213	-8.392	-8.332	-6.796	-4.939	-7.752	-5.889	-4.631	-7.892	-3.663
12.5	-6.662	-3.976	-3.718	-3.462	-5.308	-8.26	-8.347	-8.677	-6.872	-4.969	-7.67	-5.892	-4.341	-7.879	-3.698
12.51	-6.61	-3.898	-3.869	-3.482	-5.176	-8.426	-8.327	-4.719	-6.932	-5.458	-2.982	-5.654	-4.735	-7.677	-3.655
12.52	-7.219	-4.102	-3.879	-3.439	-4.232	-7.961	-7.979	-4.473	-7.497	-5.255	-2.903	-5.079	-4.488	-7.983	-3.581
12.53	-7.31	-4.174	-3.882	-3.443	-4.559	-7.991	-7.692	-4.407	-7.39	-5.383	-2.758	-4.926	-4.473	-7.982	-3.564
12.54	-7.383	-4.264	-3.963	-3.475	-4.346	-7.992	-7.546	-4.371	-7.477	-5.335	-2.972	-4.836	-4.351	-7.94	-3.514
12.55	-7.666	-4.334	-4.041	-3.567	-4.282	-7.797	-6.772	-4.459	-7.396	-5.498	-3.048	-4.639	-4.245	-7.962	-3.462
12.56	-7.723	-4.651	-4.007	-3.592	-4.203	-7.872	-7.667	-4.663	-7.496	-5.576	-3.156	-4.525	-4.191	-7.991	-3.46
12.57	-7.929	-4.515	-4.093	-3.751	-4.103	-7.81	-7.535	-4.976	-8.098	-5.651	-3.225	-4.362	-4.108	-8.04	-3.49
12.58	-8.045	-4.6	-4.238	-3.706	-4.023	-7.778	-7.365	-5.354	-8.49	-5.709	-3.281	-4.267	-4.089	-8.11	-3.491
12.59	-8.126	-4.727	-4.366	-3.808	-3.937	-7.167	-7.181	-5.78	-8.27	-5.936	-3.422	-4.385	-4.057	-8.136	-3.457
12.6	-8.222	-4.866	-4.462	-3.866	-3.902	-7.645	-7.008	-6.222	-8.401	-6.053	-3.177	-4.198	-4.018	-8.117	-3.514
12.61	-8.267	-4.81	-4.4	-4.334	-3.638	-8.168	-7.001	-6.987	-8.316	-6.849	-6.95	-4.117	-4.042	-4.184	-3.484
12.62	-8.569	-5.273	-4.939	-4.114	-3.524	-7.804	-6.618	-7.798	-8.525	-6.28	-6.891	-3.853	-3.935	-4.401	-3.518
12.63	-8.749	-5.396	-4.9	-4.229	-3.418	-7.821	-6.27	-8.253	-8.521	-6.642	-6.78	-3.779	-4.062	-4.298	-3.551
12.64	-8.711	-5.467	-5.05	-4.363	-3.362	-7.813	-6.042	-8.61	-8.393	-6.501	-6.706	-3.805	-3.961	-4.311	-3.565
12.65	-8.816	-5.65	-5.239	-4.51	-3.29	-7.767	-5.926	-8.925	-8.38	-7.104	-6.59	-3.694	-3.987	-4.309	-3.514
12.66	-8.668	-5.819	-5.462	-4.635	-3.517	-7.854	-5.741	-9.102	-8.613	-7.152	-6.554	-3.853	-3.947	-4.251	-3.738
12.67	-8.741	-5.967	-5.511	-4.765	-3.666	-7.888	-5.624	-9.256	-8.467	-7.308	-6.422	-3.896	-3.937	-4.241	-3.615
12.68	-8.727	-6.12	-5.674	-4.732	-3.648	-7.702	-5.501	-9.423	-8.553	-7.465	-6.42	-3.563	-3.996	-4.196	-3.554
12.69	-8.727	-6.205	-5.782	-4.977	-3.718	-7.672	-5.337	-9.321	-8.61	-7.6	-6.283	-3.828	-4.088	-4.185	-3.613
12.7	-8.747	-6.36	-5.942	-5.096	-3.704	-7.62	-5.174	-9.177	-8.53	-7.782	-6.236	-3.673	-4.057	-4.104	-3.586
12.71	-8.732	-6.297	-5.815	-5.322	-3.684	-7.902	-5.223	-8.872	-8.586	-8.515	-5.749	-3.751	-4.036	-4.208	-3.514
12.72	-8.703	-6.911	-6.297	-5.381	-3.845	-7.604	-4.889	-8.092	-8.457	-8.432	-6.149	-3.739	-4.145	-3.998	-3.43
12.73	-8.637	-6.993	-6.368	-5.422	-3.745	-7.661	-4.714	-7.593	-8.464	-8.601	-6.001	-4.084	-4.321	-3.988	-3.461
12.74	-8.596	-7.224	-6.662	-5.516	-3.927	-7.497	-4.656	-7.102	-8.384	-8.736	-5.973	-4.049	-4.47	-3.946	-3.476
12.75	-8.478	-7.323	-6.58	-5.427	-3.94	-7.457	-4.61	-6.496	-8.42	-8.906	-6.199	-4.075	-4.577	-3.935	-3.476
12.76	-8.449	-7.478	-6.718	-5.41	-4.084	-7.568	-4.498	-6.065	-8.408	-8.998	-6.12	-3.872	-4.735	-3.913	-3.517
12.77	-8.408	-7.612	-6.772	-5.557	-4.153	-7.547	-4.527	-5.529	-8.388	-9.128	-6.067	-3.89	-4.793	-3.902	-3.424
12.78	-8.281	-7.759	-6.901	-5.732	-4.281	-7.371	-4.437	-5.099	-8.356	-9.22	-6.05	-3.989	-5.033	-3.862	-3.351
12.79	-8.278	-7.901	-6.915	-5.614	-4.238	-7.043	-4.202	-4.769	-8.365	-9.267	-6.018	-4.069	-4.999	-3.812	-3.43
12.8	-8.029	-8.369	-7.02	-5.745	-4.284	-7.021	-4.337	-4.616	-8.311	-9.335	-6.002	-4.164	-5.216	-3.806	-3.413
12.81	-8.206	-7.967	-7.003	-5.95	-4.238	-7.585	-4.294	-4.377	-8.529	-9.244	-5.495	-4.19	-5.094	-3.823	-3.519
12.82	-7.768	-8.288	-7.281	-6.044	-4.351	-7.073	-4.132	-4.596	-8.347	-9.358	-5.881	-4.589	-5.66	-3.805	-3.562
12.83	-7.727	-8.63	-7.294	-5.54	-4.755	-7.163	-4.103	-4.884	-8.335	-9.33	-5.706	-4.794	-5.798	-3.809	-3.541
12.84	-7.603	-8.435	-7.319	-6.276	-4.782	-7.157	-4.133	-5.15	-8.337	-9.196	-5.676	-4.912	-5.907	-3.806	-3.339
12.85	-7.604	-8.495	-7.74	-6.328	-4.996	-7.171	-4.161	-5.702	-8.236	-9.118	-5.644	-5.095	-6.044	-3.861	-3.362
12.86	-7.223	-8.561	-7.59	-6.367	-4.854	-6.415	-4.213	-6.228	-8.257	-9.042	-6.136	-5.249	-6.285	-3.872	-3.186
12.87	-7.247	-8.573	-7.658	-6.497	-5.317	-7.057	-4.243	-6.751	-8.232	-9.245	-6.033	-5.7	-6.414	-3.914	-3.141
12.88	-7.263	-8.651	-7.673	-6.587	-5.325	-6.889	-4.29	-7.341	-8.257	-8.847	-6.093	-5.853	-6.721	-3.974	-3.195
12.89	-7.185	-8.729	-7.564	-6.642	-5.406	-6.797	-4.42	-8.323	-8.158	-8.706	-6.074	-6.088	-7.014	-3.956	-3.21
12.9	-7.099	-8.744	-7.55	-6.677	-5.523	-6.812	-4.556	-8.235	-8.224	-8.611	-6.295	-6.051	-7.111	-4.036	-3.232
12.91	-7.287	-8.649	-6.968	-7.185	-5.892	-6.912	-4.569	-8.876	-8.421	-7.746	-6.565	-6.183	-7.228	-3.965	-3.398
12.92	-6.868	-8.783	-7.25	-6.93	-5.964	-6.593	-4.996	-9.161	-8.221	-8.374	-6.947	-6.774	-7.738	-4.236	-3.214
12.93	-6.801	-8.815	-7.279	-7	-6.172	-6.626	-5.218	-9.34	-8.286	-7.643	-6.909	-6.74	-8.386	-4.325	-3.246
12.94	-6.745	-8.822	-7.626	-7.066	-6.177	-6.609	-5.322	-9.224	-8.349	-7.356	-6.844	-7.378	-8.142	-4.421	-3.26
12.95	-6.484	-8.847	-7.707	-7.065	-6.351	-6.546	-5.638	-9.133	-8.374	-7.171	-6.659	-6.991	-8.264	-4.398	-3.288
12.96	-6.67	-8.788	-7.632	-7.154	-6.17	-6.474	-5.878	-8.797	-8.396	-6.956	-6.862	-7.406	-8.388	-4.434	-3.272
12.97	-6.566	-8.819	-7.681	-7.176	-5.787	-6.456	-6.136	-8.442	-8.474	-6.299	-7.391	-7.322	-8.552	-5.074	-3.26
12.98	-6.7	-8.903	-7.521	-7.282	-5.958	-6.297	-6.332	-8.033	-8.524	-6.501	-6.928	-7.785	-8.682	-4.609	-3.246
12.99	-6.645	-8.765	-7.51	-7.465	-6.041	-6.189	-6.552	-6.876	-8.534	-6.262	-6.665	-7.881	-8.759	-4.693	-3.167
13	-6.563	-8.707	-7.615	-7.56	-6.286	-6.122	-6.87	-6.921	-8.586	-6.038	-6.614	-8.047	-8.885	-4.744	-3.159
13.01	-6.796	-8.788	-7.097	-7.884	-6.216	-6.26	-7.004	-5.963	-8.677	-5.29	-6.327	-8.038	-9.055	-4.57	-3.297
13.02	-6.357	-8.532	-7.395	-7.875	-6.622	-5.899	-7.672	-5.104	-8.687	-5.457	-6.976	-8.626	-9.09	-5.018	-3.228
13.03	-6.255	-8.485	-7.835	-7.885	-6.579	-5.774	-7.858	-4.803	-8.683	-5.205	-6.976	-8.745	-9.131	-5.319	-3.351
13.04	-6.203	-8.375	-7.33	-7.915	-6.863	-5.525	-8.121	-4.564	-8.662	-5.135	-6.99	-8.64	-9.141	-5.382	-3.409
13.05	-6.065	-8.259	-7.243	-7.981	-7.266	-5.722	-8.247	-4.383	-8.612	-4.928	-7.448	-8.844	-9.171	-5.423	-3.255
13.06	-6.042	-8.136	-7.29	-7.787	-7.329	-5.458	-8.501	-4.243	-8.562	-4.667	-6.972	-8.556	-9.173	-5.463	-3.296
13.07	-5.903	-8.017	-7.206	-7.896	-7.222	-5.39	-8.643	-4.331	-8.492	-4.618	-7.084	-8.803	-9.106	-5.522	-3.233
13.08	-5.892	-7.946	-7.15	-7.877	-7.778	-5.144	-8.734	-4.462	-8.446	-4.556	-7.275	-8.937	-9.081	-5.573	-3.271
13.09	-5.685	-7.734	-7.35	-8.089	-7.582	-5.085	-8.842	-4.734	-8.317	-4.474	-7.214	-8.906	-9.043	-5.6	-3.246
13.1	-5.673	-7.535	-7.326	-8.164	-7.66	-4.929	-9.023	-5.159	-8.24	-4.41	-7.492	-8.816	-8.948	-5.739	-3.221
13.11	-5.306	-7.57	-6.874	-8.216	-8.243	-4.552	-8.978	-5.847	-7.285	-4.452	-7.083	-8.793	-8.925	-5.485	-3.299
13.12	-5.237	-6.972	-7.952	-8.156	-8.433	-4.492	-9.143	-6.798	-7.368	-4.421	-7.384	-8.268	-8.408	-5.892	-3.198
13.13	-5.156	-6.838	-8.013	-8.158	-8.561	-4.38	-9.271	-7.557	-7.19	-4.428	-7.307	-8.013	-8.499	-6.603	-3.221
13.14	-4.973	-6.683	-7.979	-8.192	-8.567	-4.248	-9.275	-7.993	-6.938	-4.464	-7.46	-7.7	-8.352	-6.121	-3.234
13.15	-4.437	-6.511	-7.317	-8.238	-8.615	-4.133	-9.215	-8.203	-6.579	-4.554	-7.517	-7.526	-8.232	-6.254	-3.226
13.16	-4.731	-6.389	-7.271	-8.245	-8.594	-4.059	-9.181	-8.583	-6.455	-4.635	-7.81	-7.248	-8.004	-6.39	-3.245
13.17	-4.743	-6.221	-7.232	-8.224	-8.372	-4.019	-9.244	-8.842	-6.008	-4.673	-7.916	-7.018	-7.845	-6.332	-3.283
13.18	-4.612	-5.953	-7.167	-8.194	-8.546	-4.006	-9.126	-9.072	-5.655	-4.747	-7.958	-6.642	-7.847	-6.52	-3.218
13.19	-4.511	-5.758	-7.106	-8.447	-8.499	-4.005	-9.028	-9.234	-5.964	-4.848	-7.94	-6.507	-7.565	-6.476	-3.246
13.2	-4.38	-5.591	-7.113	-8.474	-8.399	-3.988	-8.533	-9.364	-4.955	-4.927	-7.803	-6.3	-7.378	-6.626	-3.186
13.21	-4.45	-5.608	-6.632	-8.441	-8.393	-4	-8.798	-9.214	-3.96	-5.376	-7.677	-6.135	-7.429	-6.49	-3.109
13.22	-4.099	-5.102	-6.995	-8.502	-8.087	-4.307	-8.484	-8.778	-3.929	-5.205	-8.156	-5.388	-6.937	-6.993	-3.16
13.23	-4.083	-5.04	-6.904	-8.423	-8.045	-4.423	-8.294	-8.408	-4.178	-5.302	-8.026	-5.176	-7.069	-7.134	-3.202
13.24	-4.032	-4.783	-7.087	-8.506	-7.928	-4.577	-8.09	-8.071	-3.928	-5.333	-8.081	-4.923	-6.59	-7.292	-3.224
13.25	-4.028	-4.568	-6.749	-8.824	-7.78	-4.662	-7.899	-7.558	-3.796	-5.403	-8.55	-4.258	-6.501	-7.352	-3.19
13.26	-3.951	-4.507	-6.717	-8.579	-7.749	-4.927	-7.782	-7.15	-3.721	-5.544	-8.095	-4.534	-6.275	-7.451	-3.19
13.27	-3.919	-4.443	-6.667	-8.539	-7.593	-5.084	-7.597	-6.686	-3.746	-5.65	-8.188	-4.369	-6.111	-7.579	-3.281
13.28	-3.887	-4.349	-6.611	-8.545	-7.32	-5.336	-7.383	-6.243	-3.735	-5.764	-8.204	-4.245	-5.273	-7.667	-3.32
13.29	-3.823	-4.326	-6.685	-8.496	-7.228	-5.663	-7.07	-5.761	-3.883	-5.894	-8.137	-4.021	-5.789	-7.698	-3.396
13.3	-3.784	-4.221	-6.442	-8.531	-6.968	-5.789	-6.81	-5.4	-4.022	-6.015	-8.18	-3.943	-5.615	-7.808	-3.494
13.31	-3.788	-4.182	-5.979	-8.459	-6.944	-6.109	-6.373	-4.945	-7.779	-6.603	-7.821	-3.865	-5.594	-7.614	-3.917
13.32	-3.772	-3.966	-6.218	-8.509	-6.298	-6.576	-6.187	-4.519	-7.882	-6.326	-8.147	-3.655	-5.171	-8.096	-3.733
13.33	-3.763	-3.76	-6.197	-8.51	-6.285	-6.841	-5.993	-4.36	-7.651	-6.531	-8.24	-3.547	-5.046	-8.121	-4.252
13.34	-4.329	-3.89	-6.063	-8.512	-6.184	-7.094	-5.994	-4.308	-7.126	-6.689	-8.13	-3.522	-4.901	-8.233	-3.92
13.35	-3.745	-3.675	-5.981	-8.494	-5.968	-7.38	-5.606	-4.263	-6.879	-6.782	-8.094	-3.512	-4.806	-8.245	-4.039
13.36	-3.771	-3.658	-6	-8.493	-5.898	-7.496	-5.433	-4.383	-6.507	-6.98	-8.174	-3.553	-4.729	-8.26	-4.154
13.37	-3.901	-3.589	-5.927	-8.465	-5.496	-7.694	-5.26	-4.553	-6.158	-7.046	-8.161	-3.611	-4.641	-8.357	-4.216
13.38	-3.956	-3.585	-5.868	-8.453	-5.334	-7.845	-5.092	-4.771	-5.758	-7.198	-8.043	-3.589	-4.457	-8.365	-4.298
13.39	-3.973	-3.43	-5.799	-8.451	-5.121	-8.086	-4.93	-5.068	-5.356	-6.732	-7.99	-3.701	-4.422	-8.455	-4.445
13.4	-4.057	-3.495	-6.018	-8.421	-4.839	-8.176	-4.867	-5.398	-5.232	-7.516	-7.987	-3.802	-4.401	-8.414	-4.639
13.41	-4.027	-3.462	-5.311	-8.428	-5.102	-4.263	-4.735	-5.939	-4.287	-8.215	-7.692	-3.825	-4.334	-8.23	-4.448
13.42	-4.322	-3.331	-5.775	-8.394	-4.429	-4.407	-4.446	-6.727	-4.196	-8.045	-8.099	-4.362	-4.263	-8.473	-4.905
13.43	-4.383	-3.378	-5.626	-8.393	-4.102	-4.276	-4.382	-7.175	-4.142	-8.354	-8.12	-4.528	-4.238	-8.494	-4.992
13.44	-4.481	-3.413	-5.637	-8.378	-4.316	-4.235	-4.381	-7.631	-4.009	-8.069	-8.154	-4.77	-4.176	-8.544	-5.122
13.45	-4.619	-3.605	-5.61	-8.378	-4.115	-4.22	-4.361	-7.973	-3.919	-8.574	-8.14	-4.914	-4.21	-8.577	-5.213
13.46	-4.662	-3.561	-5.58	-8.342	-4.035	-4.102	-4.294	-8.397	-3.928	-8.253	-8.157	-5.189	-4.166	-8.635	-5.29
13.47	-4.768	-3.547	-5.698	-8.388	-3.905	-4.07	-4.407	-8.666	-4.03	-8.693	-8.212	-5.38	-4.17	-8.622	-5.408
13.48	-4.887	-3.641	-5.627	-8.076	-3.699	-4.041	-4.546	-8.838	-4.229	-4.554	-8.19	-5.622	-4.197	-8.656	-5.502
13.49	-5.069	-3.723	-5.628	-8.343	-3.687	-3.977	-4.51	-9.143	-4.384	-9.19	-8.263	-5.876	-4.216	-8.676	-5.611
13.5	-5.153	-3.716	-5.649	-8.36	-3.551	-3.952	-4.73	-9.238	-4.578	-8.81	-8.316	-6.067	-4.265	-8.721	-5.656
13.51	-5.076	-3.658	-5.441	-8.413	-3.587	-4.113	-4.918	-9.347	-5.536	-7.215	-8.093	-6.242	-4.311	-8.554	-5.481
13.52	-5.621	-3.939	-5.915	-8.29	-3.531	-4.173	-5.454	-9.24	-5.563	-4.491	-8.432	-6.848	-4.492	-8.772	-5.927
13.53	-5.739	-3.982	-5.871	-8.262	-3.591	-4.287	-5.71	-9.01	-5.929	-4.449	-8.532	-7.056	-4.562	-8.82	-6.043
13.54	-5.831	-3.872	-6.038	-8.2	-3.59	-4.348	-6.002	-8.274	-6.288	-4.43	-8.528	-7.222	-4.621	-8.856	-6.025
13.55	-6.061	-3.997	-6.579	-8.232	-3.646	-4.531	-6.172	-8.414	-6.663	-9.299	-8.602	-7.372	-4.684	-8.874	-6.155
13.56	-5.984	-4.234	-6.144	-8.223	-3.688	-4.72	-6.446	-8.037	-6.982	-9.287	-8.627	-7.548	-5.071	-8.924	-6.251
13.57	-6.08	-4.351	-6.263	-8.155	-3.726	-4.895	-6.713	-7.61	-7.438	-9.471	-9.027	-7.733	-4.961	-8.895	-6.382
13.58	-6.177	-4.467	-6.426	-8.184	-3.774	-5.053	-7.05	-7.211	-7.714	-9.269	-8.678	-7.825	-5.025	-8.872	-6.471
13.59	-6.299	-4.693	-6.462	-8.111	-3.84	-5.263	-7.308	-6.705	-8.107	-9.271	-8.767	-8.347	-5.079	-8.879	-6.581
13.6	-6.447	-4.769	-6.537	-8.129	-3.892	-5.448	-7.485	-6.12	-8.364	-9.233	-8.805	-8.044	-5.197	-8.859	-6.596
13.61	-6.334	-4.664	-6.517	-8.249	-3.984	-5.528	-7.816	-5.546	-9.052	-8.8	-8.647	-8.18	-5.139	-8.676	-6.389
13.62	-6.979	-5.185	-7.004	-8.055	-4.325	-6.165	-8.322	-4.907	-8.964	-8.938	-8.934	-8.409	-5.686	-9.078	-6.811
13.63	-7.12	-5.297	-7.372	-8.07	-4.383	-6.919	-8.419	-4.638	-9.223	-8.769	-8.953	-8.522	-5.71	-8.827	-6.76
13.64	-7.196	-5.582	-7.317	-8.015	-4.487	-6.635	-8.646	-4.474	-9.341	-8.701	-9.03	-8.516	-5.783	-8.194	-7.136
13.65	-7.319	-5.721	-7.442	-7.906	-4.672	-6.759	-8.853	-4.245	-9.305	-8.64	-9.051	-8.56	-5.906	-8.982	-7.009
13.66	-7.382	-5.903	-7.594	-7.851	-4.744	-7.089	-8.868	-4.191	-9.273	-8.366	-9.104	-8.57	-6.037	-8.8	-7.023
13.67	-7.96	-6.004	-7.779	-7.895	-4.812	-7.195	-9.014	-4.158	-9.121	-8.188	-9.113	-8.617	-6.345	-8.726	-7.359
13.68	-7.674	-6.256	-8.209	-7.85	-4.904	-7.427	-9.183	-4.199	-8.982	-8.072	-9.155	-8.582	-6.372	-8.822	-7.548
13.69	-7.703	-6.397	-8.121	-7.778	-4.981	-7.611	-9.228	-4.362	-8.956	-7.865	-9.201	-8.641	-6.495	-8.772	-7.765
13.7	-7.797	-6.528	-8.308	-7.708	-5.056	-7.848	-9.265	-4.631	-8.663	-7.676	-9.226	-8.608	-6.658	-8.781	-7.703
13.71	-7.639	-6.443	-8.291	-7.794	-4.925	-7.869	-9.301	-5.019	-8.055	-6.96	-9.208	-8.5	-6.657	-4.924	-7.692
13.72	-8.053	-7.152	-8.74	-7.415	-5.352	-8.319	-9.406	-5.735	-7.706	-7.065	-9.328	-8.19	-7.175	-4.942	-8.029
13.73	-8.065	-7.269	-8.794	-7.356	-5.441	-8.441	-9.428	-6.189	-7.258	-6.934	-9.357	-8.209	-7.336	-5.089	-8.056
13.74	-8.078	-7.336	-8.893	-7.195	-5.519	-8.561	-9.411	-6.637	-6.891	-6.752	-9.34	-8.036	-7.559	-5.032	-8.151
13.75	-8.188	-7.515	-9.026	-6.521	-5.713	-8.574	-9.41	-7.117	-6.614	-6.607	-9.381	-7.89	-7.611	-5.109	-8.64
13.76	-8.587	-7.693	-9.155	-6.828	-5.789	-8.714	-9.371	-7.584	-6.342	-6.377	-9.276	-7.676	-7.764	-5.195	-8.018
13.77	-8.28	-7.968	-9.186	-6.843	-5.809	-8.738	-9.268	-7.986	-5.947	-6.309	-9.259	-7.017	-7.9	-5.286	-8.15
13.78	-8.338	-8.087	-9.213	-6.607	-5.896	-8.838	-9.271	-8.415	-5.745	-6.218	-9.383	-7.344	-8.041	-5.413	-8.911
13.79	-8.393	-8.164	-9.303	-6.584	-6.004	-8.824	-9.203	-8.697	-5.443	-6.032	-9.219	-7.2	-7.95	-5.499	-9.019
13.8	-8.416	-8.211	-9.289	-6.417	-6.085	-8.893	-8.998	-8.947	-5.113	-5.875	-9.278	-7.036	-8.175	-5.579	-9.085
13.81	-8.331	-8.265	-9.276	-6.557	-5.875	-8.901	-5.189	-9.134	-4.309	-5.232	-9.322	-6.945	-8.205	-8.264	-9.007
13.82	-8.522	-8.464	-9.229	-5.998	-7.064	-8.865	-4.859	-9.371	-4.308	-5.459	-9.131	-6.333	-8.402	-8.026	-9.211
13.83	-8.58	-8.533	-9.181	-5.778	-6.49	-8.85	-6.018	-9.266	-4.16	-5.373	-9.071	-6.181	-8.467	-7.862	-9.189
13.84	-8.633	-8.532	-9.157	-5.739	-6.569	-8.709	-5.38	-9.183	-4.091	-5.238	-8.43	-5.928	-8.516	-7.795	-9.189
13.85	-8.605	-8.512	-9.042	-5.879	-6.642	-8.689	-6.123	-8.845	-4.042	-5.123	-8.465	-5.89	-8.567	-7.767	-9.098
13.86	-8.869	-8.508	-8.984	-5.746	-6.645	-8.599	-5.694	-8.541	-4.013	-5.095	-8.354	-5.626	-8.618	-7.809	-9.129
13.87	-8.911	-8.257	-8.818	-5.54	-6.93	-8.506	-5.8	-8.162	-4.125	-5.006	-8.307	-5.507	-8.684	-7.652	-9.151
13.88	-8.915	-8.385	-8.62	-5.551	-6.869	-8.421	-5.963	-7.74	-4.071	-4.929	-8.205	-5.222	-8.737	-7.847	-8.836
13.89	-8.981	-8.456	-8.482	-5.308	-6.993	-8.259	-6.165	-7.278	-4.447	-4.833	-8.076	-5.129	-8.785	-7.472	-8.931
13.9	-9.02	-8.354	-8.356	-5.23	-7.03	-8.18	-6.37	-6.907	-4.685	-5.146	-7.349	-4.982	-8.864	-7.406	-8.845
13.91	-8.96	-8.319	-8.069	-5.807	-6.882	-8.147	-7.09	-6.221	-5.673	-4.442	-8.039	-5.007	-8.959	-6.865	-8.64
13.92	-9.041	-8.031	-7.786	-5.396	-7.32	-7.614	-6.897	-5.523	-5.629	-4.564	-7.752	-4.492	-8.927	-7.237	-8.421
13.93	-9.072	-7.976	-7.653	-5.325	-7.427	-7.474	-6.685	-5.171	-5.951	-4.549	-7.386	-4.343	-8.903	-7.185	-8.337
13.94	-9.092	-7.814	-7.39	-5.251	-7.536	-7.366	-6.517	-4.949	-6.437	-4.833	-7.841	-4.315	-8.984	-7.24	-8.645
13.95	-9.033	-7.697	-7.175	-5.173	-7.923	-7.179	-6.386	-4.473	-6.745	-4.447	-6.907	-4.16	-8.933	-7.182	-8.364
13.96	-9.001	-7.596	-7.079	-5.116	-7.663	-7.007	-6.163	-4.492	-7.075	-4.46	-7.703	-4.045	-9.004	-6.947	-7.703
13.97	-8.883	-7.286	-6.889	-5.129	-7.757	-6.92	-5.861	-4.397	-7.509	-4.405	-7.498	-3.981	-8.774	-7.057	-8.054
13.98	-8.715	-6.846	-6.726	-5.099	-7.825	-6.715	-5.912	-4.35	-7.901	-9.509	-6.985	-3.92	-8.87	-6.971	-8.02
13.99	-8.752	-6.683	-6.522	-5.085	-7.859	-6.573	-5.656	-4.382	-8.23	-9.465	-6.903	-3.797	-8.714	-6.993	-7.76
14	-8.654	-6.344	-6.37	-5.06	-7.986	-6.458	-5.569	-4.491	-8.5	-9.487	-6.941	-3.763	-8.85	-6.965	-7.605
14.01	-8.555	-6.342	-6.274	-5.272	-7.87	-6.499	-5.557	-4.896	-9.044	-9.226	-7.083	-3.739	-8.87	-6.485	-7.733
14.02	-8.121	-5.786	-5.691	-4.881	-8.176	-6.089	-5.09	-5.602	-9.048	-9.097	-6.634	-3.637	-8.397	-6.885	-7.436
14.03	-7.882	-5.657	-5.658	-4.881	-8.27	-5.878	-5.014	-6.478	-9.052	-9.127	-6.498	-3.579	-8.791	-6.945	-7.353
14.04	-7.738	-5.51	-5.529	-4.831	-8.355	-5.758	-4.968	-6.359	-9.049	-9.096	-6.428	-3.579	-8.583	-6.864	-7.117
14.05	-7.54	-5.32	-5.332	-4.798	-8.431	-5.551	-4.856	-6.739	-8.949	-8.722	-6.383	-3.625	-8.421	-6.92	-6.962
14.06	-7.329	-5.124	-5.201	-4.839	-8.373	-5.588	-4.785	-7.139	-8.801	-8.558	-6.296	-3.68	-8.249	-6.875	-6.99
14.07	-7.064	-4.941	-4.722	-4.782	-8.393	-5.496	-4.568	-7.458	-8.615	-8.713	-6.194	-3.634	-8.404	-6.904	-6.973
14.08	-6.774	-4.762	-5.066	-4.792	-8.421	-5.338	-4.647	-7.828	-8.333	-8.603	-6.164	-3.628	-8.255	-6.939	-7.044
14.09	-6.437	-4.613	-4.992	-4.794	-8.428	-5.205	-4.574	-8.093	-8.072	-8.525	-5.593	-3.707	-8.201	-6.98	-6.991
14.1	-6.326	-4.142	-4.897	-4.87	-8.414	-5.024	-4.521	-8.39	-7.754	-8.355	-6.047	-3.773	-7.629	-6.955	-6.973
14.11	-6.105	-4.388	-4.963	-4.801	-8.404	-5.122	-4.543	-8.693	-6.406	-7.571	-6.239	-3.695	-8.258	-6.628	-7.243
14.12	-5.375	-3.964	-4.637	-4.326	-8.353	-4.74	-4.362	-9.079	-6.368	-7.843	-5.764	-3.954	-7.875	-7.032	-7.07
14.13	-5.271	-3.817	-4.629	-3.603	-8.343	-4.584	-4.309	-8.784	-6.01	-7.619	-5.645	-4.057	-7.755	-7.034	-7.066
14.14	-4.981	-3.622	-4.584	-4.563	-8.319	-4.543	-4.36	-9.153	-5.56	-7.532	-5.67	-4.137	-7.61	-6.674	-7.07
14.15	-4.87	-3.6	-4.604	-4.453	-8.263	-4.251	-4.294	-9.18	-5.188	-7.353	-5.627	-4.23	-7.434	-6.797	-7.014
14.16	-4.715	-3.501	-4.513	-4.497	-8.322	-4.127	-4.299	-9.143	-4.871	-7.189	-5.57	-4.22	-7.438	-6.932	-7.203
14.17	-4.482	-3.389	-4.485	-4.404	-8.278	-4.132	-4.323	-9.086	-4.552	-6.912	-5.539	-4.324	-7.372	-7.542	-7.395
14.18	-4.377	-3.282	-4.441	-4.439	-8.212	-4.154	-4.388	-8.993	-4.318	-6.745	-5.492	-4.42	-7.148	-7.055	-7.584
14.19	-4.049	-3.629	-4.386	-4.408	-8.063	-4.058	-4.484	-8.385	-4.162	-6.499	-5.452	-4.518	-7.019	-7.245	-7.395
14.2	-4.126	-3.688	-4.326	-4.308	-8.197	-4.027	-4.621	-8.592	-4.063	-6.415	-5.422	-4.815	-6.807	-7.239	-7.762
14.21	-4.054	-3.702	-4.347	-4.785	-8.22	-4.005	-4.78	-8.3	-4.296	-5.604	-5.686	-4.603	-6.789	-7.145	-8.692
14.22	-3.885	-3.286	-4.359	-4.537	-8.05	-3.946	-5.037	-7.594	-4.268	-6.428	-5.099	-5.091	-6.044	-7.615	-8.597
14.23	-4.027	-3.053	-4.295	-5.474	-8.002	-3.986	-5.252	-7.267	-4.236	-5.637	-5.322	-5.162	-6.002	-7.643	-8.533
14.24	-4.107	-3.193	-4.357	-4.68	-8.009	-4.03	-5.498	-6.878	-4.714	-5.469	-5.195	-5.883	-5.787	-7.77	-8.595
14.25	-4.113	-3.146	-4.447	-5.47	-8.008	-4.069	-5.762	-6.484	-5.065	-5.336	-5.116	-5.48	-5.704	-7.802	-8.669
14.26	-4.18	-2.979	-4.463	-6.497	-7.884	-4.148	-5.912	-6.064	-5.446	-5.312	-5.194	-5.678	-5.507	-7.87	-8.845
14.27	-4.171	-2.922	-4.502	-6.18	-7.709	-4.265	-6.304	-5.825	-5.81	-5.05	-5.177	-5.76	-5.544	-8.333	-8.793
14.28	-4.414	-3.19	-4.557	-6.783	-7.568	-4.441	-6.408	-5.421	-6.165	-4.86	-5.249	-5.95	-5.366	-8.294	-8.707
14.29	-4.414	-3.038	-4.636	-6.932	-7.509	-4.536	-6.619	-5.164	-6.632	-4.761	-5.329	-6.663	-5.295	-8.431	-8.731
14.3	-4.636	-3.06	-4.659	-7.001	-7.257	-4.745	-6.962	-4.669	-7.057	-4.602	-5.246	-6.341	-5.289	-8.472	-8.735
14.31	-4.54	-2.914	-4.587	-7.621	-7.414	-4.776	-7.062	-4.556	-8.249	-4.465	-5.723	-6.33	-5.456	-8.427	-8.81
14.32	-4.984	-3.214	-4.58	-7.299	-6.814	-5.395	-7.693	-4.313	-8.236	-4.472	-5.391	-6.927	-4.834	-8.762	-8.651
14.33	-5.158	-3.379	-4.645	-6.736	-6.801	-5.615	-7.97	-4.419	-8.526	-4.514	-5.428	-7.075	-4.676	-8.836	-9.334
14.34	-5.237	-4.088	-4.719	-6.597	-6.414	-6.105	-8.103	-4.259	-8.822	-4.361	-5.407	-7.285	-4.394	-8.788	-9.354
14.35	-5.466	-3.548	-4.871	-6.766	-6.383	-5.996	-8.683	-4.271	-8.986	-4.463	-5.427	-7.497	-4.46	-8.825	-9.44
14.36	-6.421	-3.801	-4.834	-6.744	-6.208	-6.206	-8.456	-4.348	-9.087	-4.447	-5.438	-7.616	-4.265	-8.934	-9.409
14.37	-6.624	-4.579	-4.986	-6.778	-5.959	-6.442	-8.624	-4.493	-9.133	-4.528	-5.369	-7.661	-4.102	-8.939	-9.115
14.38	-6.824	-4.95	-4.984	-6.647	-5.911	-6.574	-8.711	-4.636	-9.159	-4.568	-5.26	-7.865	-4.14	-8.882	-9.336
14.39	-7.022	-5.413	-5.131	-6.728	-5.876	-6.838	-8.915	-4.875	-9.119	-4.473	-5.284	-7.972	-4.397	-8.906	-9.491
14.4	-7.247	-5.095	-5.281	-6.876	-5.775	-6.984	-8.937	-5.241	-9.315	-4.675	-5.283	-8.037	-4.224	-8.926	-9.483
14.41	-7.716	-5.122	-5.186	-7.338	-5.295	-7.096	-9.067	-5.585	-8.745	-4.876	-5.332	-7.963	-4.311	-8.775	-9.889
14.42	-7.694	-5.699	-5.495	-6.972	-4.835	-7.681	-9.242	-6.028	-8.834	-4.973	-4.677	-8.29	-4.057	-8.912	-9.255
14.43	-7.776	-5.693	-5.471	-7.006	-4.771	-7.785	-9.265	-6.717	-8.526	-5.144	-4.526	-8.441	-4.01	-8.83	-9.118
14.44	-7.947	-6.088	-6.208	-7.088	-4.632	-7.959	-9.286	-7.013	-8.227	-5.241	-4.62	-8.473	-3.886	-8.823	-9.495
14.45	-8.089	-6.255	-5.664	-6.662	-4.815	-8.078	-9.279	-7.51	-7.989	-5.299	-4.578	-8.713	-3.724	-8.937	-9.367
14.46	-8.185	-6.244	-6.005	-6.684	-4.744	-8.207	-9.285	-7.842	-7.666	-5.51	-4.736	-8.74	-3.774	-8.802	-9.331
14.47	-8.366	-6.566	-5.891	-6.671	-3.973	-8.298	-9.131	-8.231	-7.306	-5.646	-4.909	-8.816	-3.776	-8.815	-9.446
14.48	-8.414	-6.895	-6.015	-6.822	-4.5	-8.434	-9.044	-8.424	-6.913	-5.756	-4.811	-8.839	-3.8	-8.94	-9.565
14.49	-8.538	-7.017	-6.075	-6.754	-4.358	-8.48	-8.898	-8.654	-6.652	-5.881	-4.624	-8.846	-3.695	-8.875	-9.574
14.5	-8.602	-7.183	-6.307	-6.867	-4.264	-8.576	-8.27	-8.832	-6.271	-6.098	-5.233	-8.878	-3.621	-8.637	-9.555
14.51	-8.577	-7.075	-6.081	-7.251	-4.389	-8.498	-8.478	-9.02	-5.246	-6.815	-5.524	-8.899	-3.686	-8.509	-9.862
14.52	-8.783	-7.468	-6.531	-6.874	-4.116	-8.775	-7.956	-9.142	-5.387	-6.756	-5.28	-8.912	-3.64	-8.229	-9.825
14.53	-8.829	-7.508	-6.701	-6.959	-4.063	-8.816	-7.707	-9.076	-5.598	-6.924	-5.191	-8.862	-3.653	-8.276	-9.872
14.54	-8.849	-7.645	-6.714	-6.998	-3.995	-8.87	-7.399	-8.957	-4.845	-7.11	-5.254	-8.845	-3.666	-8.398	-9.698
14.55	-8.91	-7.999	-6.888	-6.988	-3.963	-8.87	-7.155	-8.124	-4.783	-7.303	-5.059	-8.81	-3.691	-8.186	-9.752
14.56	-8.862	-7.862	-6.949	-6.991	-3.954	-8.875	-6.913	-8.324	-4.64	-7.47	-5.468	-8.791	-3.687	-7.867	-9.749
14.57	-8.838	-7.921	-7.258	-7.039	-3.898	-9.092	-6.739	-7.989	-4.533	-7.621	-5.5	-8.723	-3.695	-7.924	-9.768
14.58	-8.85	-7.992	-7.268	-7.095	-3.912	-9.224	-6.398	-7.461	-4.482	-7.808	-5.47	-8.727	-4.062	-7.639	-9.774
14.59	-8.841	-8.401	-7.814	-7.18	-3.917	-9.11	-6.136	-7.201	-4.428	-7.91	-5.526	-8.61	-3.798	-7.527	-9.766
14.6	-8.746	-8.431	-7.442	-7.26	-3.977	-9.117	-5.903	-6.755	-4.486	-8.112	-5.419	-8.431	-3.777	-7.832	-9.762
14.61	-8.757	-8.261	-7.264	-7.668	-4.015	-9.162	-5.636	-6.194	-9.261	-8.735	-5.498	-8.559	-3.702	-7.914	-9.773
14.62	-8.568	-8.554	-7.725	-7.359	-4.291	-9.13	-5.159	-5.434	-9.183	-8.388	-5.582	-8.219	-3.894	-7.462	-9.797
14.63	-8.484	-8.59	-7.783	-7.452	-4.429	-9.055	-4.917	-5.033	-8.977	-8.567	-5.477	-8.125	-3.899	-7.354	-9.783
14.64	-8.373	-8.475	-7.974	-7.492	-4.496	-9.019	-4.74	-4.825	-8.877	-8.605	-5.683	-7.939	-3.931	-7.076	-9.744
14.65	-8.285	-8.562	-8.027	-7.522	-4.666	-9.098	-4.54	-4.601	-8.639	-8.795	-5.715	-7.839	-4.021	-6.911	-9.81
14.66	-8.162	-8.584	-8.095	-7.515	-4.863	-8.978	-4.379	-4.461	-8.333	-8.878	-5.705	-7.618	-4.079	-6.838	-9.773
14.67	-7.921	-8.999	-8.156	-7.504	-5.034	-8.735	-4.303	-4.357	-8.274	-8.972	-5.749	-7.481	-4.225	-6.826	-9.813
14.68	-7.912	-8.766	-8.371	-7.624	-5.248	-8.845	-4.252	-4.248	-8.06	-8.972	-5.843	-7.32	-4.305	-6.471	-10.09
14.69	-7.776	-8.819	-8.331	-7.64	-5.453	-8.879	-4.12	-4.239	-7.793	-9.058	-5.569	-7.14	-4.387	-5.701	-9.947
14.7	-7.62	-8.844	-8.372	-7.646	-5.737	-9.037	-4.021	-4.263	-7.517	-9.07	-5.834	-6.924	-4.554	-6.046	-9.935
14.71	-7.316	-8.952	-8.391	-8.029	-5.93	-9.002	-3.975	-4.467	-6.459	-9.379	-6.269	-6.863	-4.431	-6.442	-9.673
14.72	-7.142	-9.21	-8.612	-7.822	-6.492	-8.753	-4.13	-4.876	-6.573	-9.178	-5.918	-6.326	-4.9	-5.6	-9.566
14.73	-6.998	-9.178	-8.652	-7.904	-6.794	-8.725	-4.317	-5.33	-6.425	-9.189	-5.965	-6.133	-5.224	-5.407	-9.688
14.74	-6.691	-9.241	-8.661	-7.944	-7.059	-8.782	-4.354	-5.67	-6.078	-9.23	-5.876	-5.919	-5.301	-5.228	-9.741
14.75	-6.599	-9.58	-8.733	-7.971	-7.385	-8.619	-4.525	-6.027	-6.455	-9.344	-6.097	-5.737	-5.38	-5.096	-9.855
14.76	-6.458	-9.402	-8.727	-7.989	-7.551	-8.665	-4.768	-6.231	-5.562	-9.374	-5.927	-5.539	-5.488	-4.906	-9.842
14.77	-6.311	-9.45	-8.8	-7.971	-7.77	-8.753	-5.112	-6.78	-5.346	-9.483	-6.167	-5.427	-5.741	-4.789	-9.785
14.78	-6.092	-9.468	-8.866	-7.448	-7.944	-8.685	-5.352	-7.149	-5.084	-9.388	-5.986	-5.266	-5.934	-4.611	-10.05
14.79	-5.953	-9.166	-8.814	-7.296	-8.261	-8.658	-5.59	-7.522	-4.914	-9.442	-5.968	-5.058	-6.073	-4.457	-9.988
14.8	-5.76	-9.179	-8.953	-7.455	-8.215	-8.565	-5.844	-7.84	-4.714	-9.373	-5.993	-4.906	-6.193	-4.325	-9.732
14.81	-5.762	-9.15	-8.889	-8.072	-8.372	-8.45	-6.064	-8.205	-4.238	-9.617	-6.55	-4.648	-6.261	-4.366	-9.757
14.82	-5.21	-9.309	-8.983	-7.726	-8.642	-8.463	-6.662	-8.685	-4.482	-9.587	-6.369	-4.59	-6.812	-4.015	-9.38
14.83	-5.067	-9.29	-8.955	-7.792	-8.802	-8.422	-7.072	-8.84	-4.377	-9.647	-6.251	-4.435	-6.915	-3.904	-9.311
14.84	-5.06	-9.109	-9.018	-7.777	-8.959	-8.458	-7.189	-9.07	-4.519	-9.631	-6.251	-4.344	-7.19	-3.829	-9.227
14.85	-4.66	-9.146	-9.051	-7.856	-9.029	-8.43	-7.47	-9.059	-4.627	-9.598	-6.58	-4.241	-7.186	-3.77	-9.173
14.86	-4.618	-8.934	-9.08	-7.888	-8.958	-8.412	-7.595	-9.168	-4.643	-9.528	-6.164	-4.22	-7.265	-3.74	-9.1
14.87	-4.48	-8.907	-8.989	-7.789	-9.01	-8.398	-8.371	-9.12	-4.8	-9.562	-6.188	-4.132	-7.288	-3.644	-9.053
14.88	-4.351	-8.807	-9.004	-7.81	-9.106	-8.344	-8.036	-9.079	-4.889	-9.548	-6.297	-4.06	-7.457	-3.576	-8.936
14.89	-4.258	-8.704	-9.042	-7.9	-9.122	-8.277	-8.202	-8.939	-5.074	-9.553	-6.126	-3.974	-7.717	-3.535	-8.509
14.9	-4.175	-8.703	-9.052	-8.057	-9.007	-8.354	-8.512	-8.805	-5.374	-9.482	-6.436	-4.034	-7.71	-3.408	-8.87
14.91	-4.121	-8.722	-9.022	-8.3	-9.142	-8.556	-8.606	-8.49	-6.172	-9.217	-6.895	-3.991	-7.526	-3.545	-9.17
14.92	-3.977	-8.699	-9.016	-8.021	-9.127	-8.219	-8.824	-7.88	-5.896	-9.355	-6.238	-3.946	-7.972	-3.351	-8.589
14.93	-3.959	-8.719	-9.008	-7.963	-9.05	-8.285	-8.916	-7.571	-6.321	-9.474	-6.395	-3.948	-8.017	-3.4	-8.562
14.94	-3.904	-8.634	-8.965	-7.97	-8.927	-8.217	-9.041	-7.205	-6.606	-9.275	-6.734	-3.949	-8.054	-3.352	-8.65
14.95	-3.915	-8.717	-8.945	-7.946	-8.781	-8.048	-9.146	-6.806	-6.909	-9.227	-6.9	-3.984	-8.089	-3.341	-8.629
14.96	-3.899	-8.443	-8.893	-7.951	-8.724	-8.052	-9.129	-6.489	-7.132	-9.175	-6.967	-4.018	-8.178	-3.344	-8.529
14.97	-3.956	-8.472	-8.882	-7.976	-8.662	-7.967	-9.142	-6.027	-7.326	-9.142	-6.955	-4.046	-8.272	-3.36	-8.336
14.98	-4.059	-8.665	-8.912	-7.948	-8.597	-7.944	-9.113	-5.729	-7.623	-9.065	-7.011	-4.081	-8.294	-3.38	-8.415
14.99	-4.118	-8.411	-8.871	-7.836	-7.99	-8.083	-9.062	-5.459	-7.93	-8.959	-6.844	-4.126	-8.344	-3.407	-8.323
15	-4.215	-8.41	-8.742	-7.844	-8.471	-8.057	-8.954	-5.11	-8.094	-8.971	-6.643	-4.224	-8.491	-3.412	-8.151
15.01	-4.294	-8.115	-8.8	-8.167	-8.65	-8.361	-8.78	-4.852	-8.592	-8.581	-6.988	-4.185	-8.474	-3.382	-8.164
15.02	-4.694	-8.314	-8.619	-7.905	-8.188	-7.855	-8.329	-4.448	-8.39	-8.923	-6.674	-4.447	-8.53	-3.58	-7.552
15.03	-4.882	-8.253	-8.526	-7.854	-8.217	-7.838	-8.194	-4.227	-8.946	-8.743	-6.818	-4.496	-8.554	-3.676	-7.304
15.04	-5.039	-8.176	-8.518	-7.776	-8.084	-7.765	-7.851	-4.16	-9.036	-8.778	-6.472	-4.532	-8.61	-3.701	-7.238
15.05	-5.275	-8.003	-8.472	-7.629	-8.06	-7.679	-7.604	-4.158	-9.23	-8.756	-6.239	-4.681	-8.602	-3.784	-7.149
15.06	-6.089	-7.969	-8.524	-7.832	-7.864	-7.588	-7.249	-4.088	-9.233	-8.62	-6.252	-4.739	-8.637	-3.914	-6.992
15.07	-5.728	-7.912	-8.466	-7.797	-7.74	-7.481	-6.998	-4.288	-9.425	-8.619	-6.384	-4.819	-8.666	-3.955	-6.886
15.08	-5.953	-7.904	-8.41	-7.816	-7.586	-7.44	-6.656	-4.268	-9.389	-8.566	-6.225	-4.892	-8.714	-4.036	-6.731
15.09	-6.197	-8.163	-7.81	-7.819	-7.44	-7.352	-6.311	-4.502	-9.531	-8.602	-6.469	-4.94	-8.72	-4.133	-6.699
15.1	-6.385	-8.07	-8.285	-7.819	-7.412	-7.399	-6.045	-4.534	-9.552	-8.493	-5.992	-4.925	-8.641	-4.28	-6.584
15.11	-6.474	-7.741	-8.06	-8.04	-7.418	-7.649	-5.688	-4.811	-9.386	-7.879	-5.993	-4.699	-8.536	-4.218	-6.782
15.12	-7.096	-8.036	-7.981	-7.855	-6.402	-7.188	-5.12	-5.339	-9.292	-8.42	-5.519	-5.072	-8.689	-4.648	-6.291
15.13	-7.266	-7.969	-7.968	-7.908	-6.864	-7.198	-4.774	-5.733	-9.385	-7.862	-4.951	-5.09	-8.636	-4.731	-6.229
15.14	-7.525	-7.904	-7.86	-7.905	-6.657	-7.117	-4.653	-5.94	-9.279	-7.999	-5.214	-5.065	-8.657	-4.877	-6.195
15.15	-7.672	-7.62	-7.727	-7.965	-6.526	-7.099	-4.307	-6.338	-9.191	-8.313	-5.005	-5.08	-8.666	-5.003	-6.117
15.16	-7.839	-7.534	-7.692	-7.965	-6.507	-7.05	-4.35	-6.565	-9.086	-8.27	-4.874	-5.137	-8.686	-5.167	-6.061
15.17	-7.984	-7.544	-7.577	-8.191	-6.207	-7.102	-4.201	-6.934	-8.913	-7.909	-4.77	-5.104	-8.711	-5.335	-5.956
15.18	-8.155	-7.422	-7.154	-8.08	-5.944	-7.082	-4.191	-7.328	-9.125	-8.135	-4.566	-5.117	-8.676	-5.219	-5.843
15.19	-8.295	-7.376	-7.308	-8.099	-5.78	-6.463	-4.148	-7.516	-8.556	-8.328	-4.567	-5.164	-8.714	-5.981	-5.814
15.2	-8.379	-7.255	-7.197	-8.239	-5.679	-6.989	-4.23	-7.704	-8.365	-8.168	-4.12	-5.178	-8.742	-5.952	-5.769
15.21	-8.427	-6.909	-7.274	-8.109	-5.833	-7.311	-4.228	-8.036	-7.596	-7.66	-4.694	-4.859	-8.65	-6.389	-5.822
15.22	-8.705	-7.229	-6.741	-7.935	-5.256	-6.851	-4.666	-8.439	-7.772	-7.753	-4.381	-5.222	-8.669	-6.546	-5.44
15.23	-8.941	-7.196	-6.654	-7.89	-5.218	-6.747	-4.883	-8.696	-7.478	-7.812	-4.324	-5.239	-8.542	-6.661	-5.471
15.24	-8.846	-7.206	-6.298	-7.702	-5.149	-6.795	-5.341	-8.786	-7.232	-7.82	-4.244	-5.281	-8.773	-6.869	-5.427
15.25	-8.876	-7.205	-6.285	-7.727	-5.075	-6.683	-5.518	-8.923	-7.011	-7.778	-4.148	-5.235	-8.842	-7.066	-5.307
15.26	-8.897	-7.245	-6.154	-8.064	-4.881	-6.502	-5.978	-9.019	-6.795	-7.665	-4.119	-5.27	-8.775	-7.233	-5.082
15.27	-8.922	-7.24	-5.962	-8.033	-4.785	-6.546	-6.249	-9.035	-7.043	-7.568	-4.044	-5.217	-8.643	-7.295	-5.209
15.28	-8.887	-7.368	-5.916	-8.273	-4.718	-6.28	-6.658	-9.091	-6.289	-7.299	-4.009	-5.299	-9.238	-7.465	-5.203
15.29	-8.833	-7.41	-5.86	-8.377	-4.617	-6.196	-6.916	-9.138	-5.931	-7.471	-3.995	-5.319	-9.208	-7.565	-5.093
15.3	-8.742	-7.524	-5.673	-8.408	-4.379	-6.083	-7.218	-9.181	-5.688	-7.193	-3.958	-5.284	-9.117	-7.658	-5.08
15.31	-8.629	-7.221	-6.083	-8.463	-4.524	-6.132	-7.667	-9.26	-4.813	-6.81	-3.947	-4.993	-9.367	-7.465	-5.193
15.32	-8.281	-7.602	-5.635	-8.515	-4.214	-5.726	-8.154	-8.971	-4.966	-7.056	-3.872	-5.296	-8.913	-7.886	-5.003
15.33	-8.112	-7.551	-5.503	-8.59	-4.151	-5.519	-8.434	-8.781	-4.851	-6.826	-3.841	-5.664	-9.193	-8.004	-5.004
15.34	-7.919	-7.563	-5.368	-8.585	-4.124	-5.475	-8.657	-8.47	-4.737	-6.815	-3.834	-5.144	-9.143	-8.049	-4.986
15.35	-7.685	-7.64	-5.173	-8.63	-4.013	-5.341	-8.78	-8.314	-4.685	-6.414	-3.82	-5.125	-9.272	-8.232	-4.938
15.36	-7.406	-7.682	-5.289	-8.598	-3.892	-5.207	-8.909	-8.096	-4.618	-6.519	-3.86	-5.333	-10.04	-8.32	-4.912
15.37	-7.263	-7.672	-5.197	-8.65	-3.888	-5.004	-9.046	-7.784	-4.639	-6.523	-3.897	-5.357	-10.34	-8.353	-4.857
15.38	-7.002	-7.7	-5.089	-8.657	-3.886	-5.01	-9.061	-7.34	-4.61	-6.234	-3.913	-5.325	-10.42	-8.515	-4.781
15.39	-6.756	-7.684	-5.056	-8.582	-3.883	-4.89	-8.994	-7.017	-4.585	-6.314	-3.93	-5.323	-10.42	-8.509	-4.831
15.4	-6.488	-8.04	-4.871	-8.592	-3.91	-4.805	-9.014	-6.675	-4.655	-6.169	-3.977	-5.382	-9.32	-8.687	-4.811
15.41	-6.323	-7.476	-5.027	-8.631	-4.219	-4.82	-8.849	-6.069	-9.299	-5.783	-3.881	-5.029	-9.33	-8.458	-4.728
15.42	-5.714	-7.795	-4.71	-8.637	-4.376	-4.582	-8.464	-5.417	-9.172	-6.224	-4.058	-5.324	-9.281	-8.742	-4.791
15.43	-5.481	-8.079	-4.692	-8.61	-4.484	-4.475	-8.163	-4.987	-8.883	-6.248	-4.12	-5.392	-9.256	-8.826	-4.77
15.44	-5.344	-7.754	-4.632	-8.639	-4.603	-4.415	-7.867	-4.8	-8.827	-5.992	-3.647	-5.37	-9.263	-8.824	-4.792
15.45	-4.446	-7.801	-4.559	-8.684	-4.758	-4.36	-7.595	-4.667	-8.625	-6.755	-3.894	-5.322	-9.283	-8.861	-4.808
15.46	-4.434	-7.779	-4.495	-8.613	-4.855	-4.438	-7.202	-4.49	-8.32	-5.858	-3.933	-5.367	-9.268	-8.904	-4.847
15.47	-4.284	-7.774	-4.472	-8.604	-5.174	-4.363	-6.873	-4.408	-8.165	-5.852	-4.609	-5.402	-9.301	-8.99	-4.861
15.48	-4.216	-7.845	-4.45	-8.632	-5.348	-4.354	-6.534	-4.271	-7.932	-5.867	-4.365	-5.375	-9.248	-8.981	-4.974
15.49	-4.217	-7.85	-4.366	-8.509	-5.654	-4.398	-6.121	-4.235	-7.652	-5.855	-4.336	-5.354	-9.241	-8.987	-5.114
15.5	-4.037	-7.893	-4.376	-8.573	-5.752	-4.436	-5.836	-4.198	-7.303	-5.925	-4.695	-5.482	-9.218	-9.003	-5.052
15.51	-4.039	-7.512	-4.523	-8.348	-6.26	-4.478	-5.411	-4.265	-6.386	-5.747	-4.853	-5.661	-9.206	-8.992	-5.219
15.52	-3.874	-7.968	-4.299	-8.523	-6.48	-4.808	-4.751	-4.476	-6.494	-6.837	-5.197	-5.441	-9.214	-9.089	-5.374
15.53	-3.876	-7.944	-4.212	-8.485	-6.631	-4.984	-4.537	-4.617	-6.265	-6.15	-5.225	-5.415	-9.043	-9.112	-5.501
15.54	-3.891	-8.108	-4.145	-8.472	-6.926	-5.088	-4.413	-4.877	-5.998	-6.358	-5.289	-6.233	-9.187	-9.118	-5.511
15.55	-3.931	-8.16	-4.161	-8.413	-7.16	-5.224	-4.242	-5.269	-5.743	-6.35	-5.347	-5.679	-9.175	-9.157	-5.577
15.56	-3.926	-8.204	-4.085	-8.404	-7.352	-5.447	-4.123	-5.57	-5.554	-6.307	-5.468	-5.767	-9.18	-9.194	-5.553
15.57	-3.987	-8.255	-4.026	-8.416	-7.588	-5.472	-4.031	-5.945	-5.294	-6.393	-5.647	-5.875	-9.12	-9.23	-5.58
15.58	-4.031	-8.224	-4.067	-8.315	-7.826	-5.56	-3.986	-6.263	-5.201	-6.451	-5.796	-5.894	-9.143	-9.192	-5.602
15.59	-4.093	-8.264	-4.006	-8.323	-8.01	-5.723	-4.046	-7.07	-5.028	-6.388	-5.849	-6.026	-9.041	-9.185	-5.674
15.6	-4.102	-8.295	-3.914	-8.302	-8.181	-6.012	-4.021	-6.953	-4.85	-6.237	-5.976	-6.118	-9.013	-9.188	-5.752
15.61	-4.137	-8.209	-3.976	-8.334	-8.266	-7.116	-4.158	-7.443	-9.572	-6.025	-5.901	-5.973	-9.098	-9.165	-5.706
15.62	-4.454	-8.441	-3.869	-8.443	-8.68	-6.998	-4.607	-8.085	-9.658	-6.688	-6.511	-6.51	-8.78	-9.196	-5.944
15.63	-4.598	-8.417	-3.731	-8.525	-8.786	-6.695	-4.675	-8.276	-9.601	-6.69	-6.57	-6.626	-8.792	-9.198	-5.973
15.64	-4.683	-8.525	-3.996	-8.433	-8.88	-7.077	-5.018	-8.587	-9.591	-6.651	-6.775	-6.781	-8.725	-9.183	-6.019
15.65	-4.803	-8.508	-4.08	-8.459	-8.997	-6.784	-5.238	-8.751	-9.62	-6.716	-7.456	-6.857	-8.621	-9.187	-6.078
15.66	-4.958	-8.512	-4.094	-8.504	-9.069	-6.023	-5.579	-8.898	-9.563	-6.937	-6.999	-7.02	-8.593	-9.164	-6.239
15.67	-5.114	-8.502	-4.15	-8.548	-9.096	-5.721	-5.795	-8.984	-9.583	-6.897	-7.101	-7.16	-8.272	-9.109	-6.232
15.68	-5.409	-8.352	-4.055	-8.533	-9.198	-5.665	-6.151	-9.053	-9.547	-6.946	-7.328	-7.268	-8.356	-9.135	-6.276
15.69	-5.594	-8.192	-4.116	-8.391	-9.196	-5.475	-6.377	-9.066	-9.517	-6.789	-7.415	-7.385	-8.215	-9.077	-6.324
15.7	-5.759	-9.023	-4.162	-8.348	-9.226	-4.653	-6.692	-9.02	-9.595	-6.994	-7.622	-7.59	-8.073	-9.071	-6.383
15.71	-6.296	-8.841	-4.429	-7.75	-9.217	-4.895	-5.939	-8.825	-9.105	-6.688	-7.559	-7.516	-8.153	-9.131	-6.306
15.72	-6.501	-8.875	-4.085	-8.031	-9.019	-4.6	-5.538	-8.281	-9.183	-6.681	-7.99	-7.941	-7.644	-8.929	-6.771
15.73	-6.663	-8.809	-4.292	-8.107	-8.93	-4.572	-5.371	-8.017	-9.146	-7.24	-8.167	-8.026	-7.569	-8.546	-6.999
15.74	-6.934	-8.912	-3.941	-8.049	-8.824	-4.477	-5.165	-7.695	-9	-7.168	-8.302	-8.237	-7.419	-8.841	-7.142
15.75	-7.665	-8.855	-4.626	-8.079	-8.732	-4.186	-4.945	-7.248	-8.976	-7.25	-8.371	-8.328	-7.248	-8.803	-7.189
15.76	-7.276	-8.81	-4.659	-8.002	-8.584	-4.045	-4.766	-6.891	-8.866	-7.26	-8.473	-8.453	-7.082	-8.773	-7.358
15.77	-7.418	-8.953	-4.526	-8.04	-7.898	-3.984	-4.628	-6.174	-8.812	-7.268	-8.528	-8.565	-6.884	-8.746	-7.534
15.78	-7.686	-8.961	-4.619	-8.231	-8.18	-3.916	-4.399	-5.929	-8.724	-7.33	-8.619	-8.647	-6.539	-8.69	-7.618
15.79	-7.96	-9.03	-4.602	-7.987	-7.983	-3.876	-4.314	-5.656	-9.01	-7.112	-8.673	-8.693	-6.619	-8.644	-7.808
15.8	-7.843	-8.948	-4.749	-8.279	-7.794	-3.819	-4.104	-5.203	-8.502	-6.834	-8.767	-8.828	-6.463	-8.578	-7.924
15.81	-8.111	-7.362	-4.937	-8.162	-7.646	-3.838	-4.147	-4.756	-7.921	-6.899	-8.709	-8.76	-6.355	-8.747	-7.944
15.82	-8.524	-7.595	-4.621	-8.437	-7.064	-4.02	-4.118	-4.305	-8.523	-7.268	-8.96	-8.943	-5.785	-8.415	-8.458
15.83	-8.674	-8.609	-4.614	-8.656	-6.829	-4.073	-4.093	-4.113	-8.656	-7.07	-9.016	-8.965	-5.596	-8.331	-8.691
15.84	-8.774	-8.591	-4.553	-8.415	-6.716	-4.214	-4.159	-4.112	-8.074	-7.25	-9.067	-9.011	-5.409	-8.309	-8.894
15.85	-8.937	-8.617	-4.548	-8.419	-6.457	-4.422	-4.263	-4.13	-7.898	-7.322	-8.937	-8.888	-5.297	-8.235	-9.065
15.86	-8.9	-8.706	-4.486	-8.424	-6.23	-4.655	-4.428	-4.151	-7.822	-6.978	-8.478	-8.962	-5.132	-8.194	-9.089
15.87	-8.936	-8.589	-4.572	-8.485	-6.085	-4.892	-4.594	-4.369	-7.816	-6.934	-8.552	-8.996	-4.979	-8.111	-9.271
15.88	-9.014	-8.587	-4.52	-8.477	-5.862	-5.038	-4.788	-4.673	-7.603	-7.307	-8.504	-8.973	-4.516	-8.174	-9.346
15.89	-9.05	-8.522	-4.672	-8.469	-5.753	-5.336	-5.07	-4.936	-7.476	-7.337	-8.436	-8.924	-4.781	-8.12	-9.533
15.9	-9.02	-8.546	-4.518	-8.572	-5.556	-5.6	-5.418	-5.409	-7.378	-7.134	-8.34	-8.902	-4.642	-8.102	-9.583
15.91	-8.987	-8.393	-4.858	-8.318	-5.371	-6.548	-6.028	-6.13	-6.649	-6.733	-8.23	-4.218	-4.582	-8.29	-9.79
15.92	-8.695	-8.577	-4.591	-8.532	-5.09	-6.375	-6.262	-6.898	-6.94	-7.08	-8.189	-4.313	-4.42	-7.936	-9.822
15.93	-8.542	-8.875	-4.783	-8.588	-4.907	-6.173	-6.609	-7.3	-7.02	-7.066	-7.949	-4.392	-4.37	-7.852	-10.23
15.94	-8.34	-8.985	-4.823	-8.635	-4.815	-5.941	-7.28	-7.804	-6.752	-7.102	-7.827	-4.422	-4.353	-7.832	-9.986
15.95	-8.075	-9.144	-4.732	-8.672	-4.667	-6.071	-7.269	-8.127	-6.565	-7.17	-7.646	-4.5	-4.315	-7.859	-10.14
15.96	-7.663	-8.948	-4.781	-8.633	-4.616	-5.858	-7.578	-8.431	-6.411	-7.052	-7.51	-4.629	-4.321	-7.822	-10.17
15.97	-7.557	-9.001	-4.606	-8.641	-4.528	-5.801	-7.82	-8.737	-6.316	-7.679	-7.328	-4.775	-4.373	-7.825	-10.21
15.98	-7.249	-8.957	-4.636	-8.586	-4.49	-5.523	-8.104	-8.844	-6.614	-7.072	-7.237	-4.834	-4.398	-7.69	-10.25
15.99	-7.006	-9.057	-4.633	-8.589	-4.374	-5.298	-8.391	-8.984	-5.848	-7.117	-7.019	-4.935	-4.447	-7.658	-10.32
16	-6.584	-9.171	-4.552	-8.556	-4.261	-5.206	-8.597	-9.075	-5.842	-7.185	-6.872	-5.119	-4.519	-7.743	-10.34
