# SCAN started at: 2019-02-13 09:08:36
# Elen_Scan Mass: 20.3 Resolution: 30
# ----------------------------------------
# 
18.5	-10.62	-3.163	-6.491	-2.747	-3.44	-7.11	-7.058	-2.482	-5.458	-5.548	-6.86	-6.027	-6.574	-5.158	-2.614	-5.087	-2.716	-3.67	-6.65	-5.462	-2.512	0	0	0	0	0	0	0	0	0	0	0	0	0	0	0	0	0	0	0	0	0	0	0	0	0	0	0	0	0
18.51	-4.024	-2.044	-5.935	-3.408	-2.73	-6.312	-5.436	-3.995	-6.868	-5.888	-4.86	-2.703	-6.735	-6.755	-1.962	-6.422	-1.968	-3.969	-5.756	-3.957	-6.892	0	0	0	0	0	0	0	0	0	0	0	0	0	0	0	0	0	0	0	0	0	0	0	0	0	0	0	0	0
18.52	-6.28	-2.061	-5.026	-6.716	-3.663	-6.142	-5.743	-4.511	-7.131	-5.607	-4.868	-3.259	-6.359	-5.976	-2.262	-5.156	-2.139	-6.131	-4.335	-5.958	-5.806	0	0	0	0	0	0	0	0	0	0	0	0	0	0	0	0	0	0	0	0	0	0	0	0	0	0	0	0	0
18.53	-7.102	-2.147	-5.048	-6.784	-3.572	-6.265	-5.404	-4.282	-7.175	-5.688	-5.294	-3.135	-6.63	-6.046	-2.344	-3.334	-5.383	-6.383	-3.486	-6.284	-4.823	0	0	0	0	0	0	0	0	0	0	0	0	0	0	0	0	0	0	0	0	0	0	0	0	0	0	0	0	0
18.54	-5.849	-2.169	-4.95	-7.042	-3.421	-6.385	-5.099	-4.121	-7.09	-5.847	-5.694	-3.016	-5.98	-6.065	-2.344	-2.607	-6.998	-7.002	-2.959	-6.211	-3.095	0	0	0	0	0	0	0	0	0	0	0	0	0	0	0	0	0	0	0	0	0	0	0	0	0	0	0	0	0
18.55	-5.481	-2.285	-5.052	-7.047	-3.284	-6.553	-4.917	-3.803	-6.944	-5.921	-5.979	-2.907	-5.708	-6.126	-2.341	-7.276	-3.72	-7.185	-3.422	-6.452	-3.232	0	0	0	0	0	0	0	0	0	0	0	0	0	0	0	0	0	0	0	0	0	0	0	0	0	0	0	0	0
18.56	-5.282	-2.242	-5.016	-7.129	-3.159	-6.526	-4.567	-3.734	-6.877	-6.016	-6.334	-2.738	-5.438	-6.091	-2.322	-2.947	-5.238	-6.483	-7.107	-4.267	-2.45	0	0	0	0	0	0	0	0	0	0	0	0	0	0	0	0	0	0	0	0	0	0	0	0	0	0	0	0	0
18.57	-6.497	-2.366	-4.91	-7.212	-3.006	-6.644	-4.26	-3.5	-6.743	-6.547	-6.543	-2.709	-5.131	-6.749	-2.322	-4.675	-3.417	-7.021	-2.458	-4.366	0	0	0	0	0	0	0	0	0	0	0	0	0	0	0	0	0	0	0	0	0	0	0	0	0	0	0	0	0	0
18.58	-4.665	-2.24	-4.875	-7.201	-2.886	-6.671	-3.851	-3.312	-6.6	-6.191	-6.81	-2.637	-4.789	-5.996	-2.312	-5.831	-5.521	-7.369	-6.396	-6.742	0	0	0	0	0	0	0	0	0	0	0	0	0	0	0	0	0	0	0	0	0	0	0	0	0	0	0	0	0	0
18.59	-4.483	-2.3	-4.964	-7.219	-2.823	-6.715	-3.644	-3.16	-6.115	-6.223	-6.951	-2.522	-4.483	-6.071	-2.351	-6.093	-4.876	-6.939	-5.775	-2.283	0	0	0	0	0	0	0	0	0	0	0	0	0	0	0	0	0	0	0	0	0	0	0	0	0	0	0	0	0	0
18.6	-4.757	-2.421	-4.961	-7.283	-2.738	-6.89	-3.359	-3.039	-6.187	-6.3	-7.074	-2.482	-4.218	-5.936	-2.321	-2.39	-3.46	-2.319	-6.063	-2.246	0	0	0	0	0	0	0	0	0	0	0	0	0	0	0	0	0	0	0	0	0	0	0	0	0	0	0	0	0	0
18.61	-6.567	-6.947	-4.707	-2.332	-6.999	-2.482	-6.898	-6.89	-4.154	-2.697	-7.239	-7.316	-5.717	-3.351	-7.234	-6.412	-5.088	-7.305	-6.118	-2.697	0	0	0	0	0	0	0	0	0	0	0	0	0	0	0	0	0	0	0	0	0	0	0	0	0	0	0	0	0	0
18.62	-6.03	-6.556	-4.778	-2.347	-7.137	-2.459	-6.843	-7.02	-4.334	-3.303	-7.258	-7.36	-6.534	-3.855	-7.273	-4.966	-7.273	-7.176	-4.858	-7.281	0	0	0	0	0	0	0	0	0	0	0	0	0	0	0	0	0	0	0	0	0	0	0	0	0	0	0	0	0	0
18.63	-7.201	-6.65	-4.847	-2.318	-7.207	-2.459	-7.031	-7.081	-4.531	-3.209	-7.194	-7.401	-6.786	-3.899	-7.292	-3.233	-3.192	-7.238	-5.742	-7.193	0	0	0	0	0	0	0	0	0	0	0	0	0	0	0	0	0	0	0	0	0	0	0	0	0	0	0	0	0	0
18.64	-7.376	-6.59	-4.211	-3.119	-7.248	-2.451	-7.108	-7.136	-4.775	-3.163	-7.105	-7.351	-6.917	-3.952	-7.332	-6.727	-2.431	-6.563	-6.054	-7.237	0	0	0	0	0	0	0	0	0	0	0	0	0	0	0	0	0	0	0	0	0	0	0	0	0	0	0	0	0	0
18.65	-7.383	-6.556	-4.93	-2.317	-7.244	-2.403	-7.213	-7.189	-5.059	-3.199	-6.936	-7.252	-7.099	-4.028	-7.289	-7.366	-4.174	-7.273	-6.208	-2.837	0	0	0	0	0	0	0	0	0	0	0	0	0	0	0	0	0	0	0	0	0	0	0	0	0	0	0	0	0	0
18.66	-7.368	-6.43	-5	-2.667	-7.278	-2.37	-7.263	-7.265	-5.322	-3.157	-6.607	-7.293	-7.262	-4.011	-7.28	-7.405	-3.755	-6.741	-5.752	-2.625	0	0	0	0	0	0	0	0	0	0	0	0	0	0	0	0	0	0	0	0	0	0	0	0	0	0	0	0	0	0
18.67	-7.33	-6.324	-5.014	-2.403	-7.262	-2.336	-7.237	-7.303	-5.539	-3.123	-6.522	-7.162	-7.316	-4.013	-7.301	-4.638	-7.193	-6.806	-5.016	-5.011	0	0	0	0	0	0	0	0	0	0	0	0	0	0	0	0	0	0	0	0	0	0	0	0	0	0	0	0	0	0
18.68	-7.514	-6.238	-5.048	-2.997	-7.267	-2.323	-7.244	-7.268	-5.843	-3.079	-6.236	-7.097	-7.375	-3.498	-7.283	-2.443	-2.862	-5.811	-5.012	-3.432	0	0	0	0	0	0	0	0	0	0	0	0	0	0	0	0	0	0	0	0	0	0	0	0	0	0	0	0	0	0
18.69	-7.488	-6.145	-5.137	-2.485	-7.202	-2.284	-7.145	-7.25	-6.049	-3.097	-5.951	-6.947	-7.353	-4.002	-7.275	-7.316	-4.566	-6.616	-5.392	-5.914	0	0	0	0	0	0	0	0	0	0	0	0	0	0	0	0	0	0	0	0	0	0	0	0	0	0	0	0	0	0
18.7	-7.447	-6.022	-5.128	-2.489	-7.183	-2.311	-6.993	-7.221	-6.238	-3.089	-5.589	-6.831	-7.376	-4.078	-7.147	-4.426	-3.511	-6.504	-5.376	-5.156	0	0	0	0	0	0	0	0	0	0	0	0	0	0	0	0	0	0	0	0	0	0	0	0	0	0	0	0	0	0
18.71	-7.17	-3.766	-4.343	-7.087	-7.21	-2.346	-6.798	-7.207	-2.78	-6.812	-6.074	-6.631	-7.176	-3.902	-7.282	-7.224	-7.233	-5.101	-4.146	-3.713	0	0	0	0	0	0	0	0	0	0	0	0	0	0	0	0	0	0	0	0	0	0	0	0	0	0	0	0	0	0
18.72	-7.216	-4.013	-4.587	-7.1	-6.588	-2.331	-6.212	-6.976	-2.874	-6.872	-5.385	-6.178	-7.137	-4.102	-7.022	-2.449	-2.796	-5.821	-7.092	-4.753	0	0	0	0	0	0	0	0	0	0	0	0	0	0	0	0	0	0	0	0	0	0	0	0	0	0	0	0	0	0
18.73	-7.154	-4.145	-4.377	-7.029	-6.678	-2.327	-5.93	-6.211	-2.793	-6.875	-6.212	-5.94	-6.951	-4.054	-7.132	-2.578	-5.397	-6.92	-6.686	-3.714	0	0	0	0	0	0	0	0	0	0	0	0	0	0	0	0	0	0	0	0	0	0	0	0	0	0	0	0	0	0
18.74	-7.349	-4.364	-4.293	-7.009	-6.772	-2.349	-5.613	-6.715	-2.653	-6.943	-6.055	-5.696	-6.891	-3.87	-7.099	-2.341	-6.688	-5.666	-2.821	-3.851	0	0	0	0	0	0	0	0	0	0	0	0	0	0	0	0	0	0	0	0	0	0	0	0	0	0	0	0	0	0
18.75	-6.884	-4.515	-4.259	-7.001	-6.719	-2.327	-5.288	-6.585	-2.583	-7.02	-6.332	-5.471	-6.681	-3.566	-7.059	-6.251	-3.483	-6.188	-3.408	-6.999	0	0	0	0	0	0	0	0	0	0	0	0	0	0	0	0	0	0	0	0	0	0	0	0	0	0	0	0	0	0
18.76	-6.761	-4.694	-4.216	-6.971	-6.596	-2.552	-4.968	-6.435	-2.49	-7.03	-6.666	-5.166	-6.536	-3.971	-7.037	-6.202	-3.63	-6.263	-3.264	-6.83	0	0	0	0	0	0	0	0	0	0	0	0	0	0	0	0	0	0	0	0	0	0	0	0	0	0	0	0	0	0
18.77	-7.034	-4.788	-4.251	-7.089	-6.473	-2.415	-4.631	-5.677	-2.535	-7.064	-6.75	-4.919	-6.279	-3.996	-6.928	-6.352	-6.823	-5.872	-4.225	-6.25	0	0	0	0	0	0	0	0	0	0	0	0	0	0	0	0	0	0	0	0	0	0	0	0	0	0	0	0	0	0
18.78	-6.637	-5.23	-4.2	-5.74	-6.363	-2.434	-4.269	-5.712	-2.418	-7.115	-6.912	-4.617	-6.054	-3.923	-6.947	-6.461	-4.539	-2.578	-4.127	-6.557	0	0	0	0	0	0	0	0	0	0	0	0	0	0	0	0	0	0	0	0	0	0	0	0	0	0	0	0	0	0
18.79	-6.292	-5.369	-4.146	-6.831	-6.249	-2.503	-3.874	-5.904	-2.407	-7.12	-7.088	-4.329	-5.753	-3.99	-6.88	-6.322	-4.115	-2.476	-3.654	-6.113	0	0	0	0	0	0	0	0	0	0	0	0	0	0	0	0	0	0	0	0	0	0	0	0	0	0	0	0	0	0
18.8	-6.033	-5.543	-4.118	-6.975	-6.127	-2.54	-3.182	-5.724	-2.505	-7.144	-7.184	-4.075	-5.489	-4.026	-6.874	-5.331	-3.809	-2.58	-4.853	-6.736	0	0	0	0	0	0	0	0	0	0	0	0	0	0	0	0	0	0	0	0	0	0	0	0	0	0	0	0	0	0
18.81	-4.118	-6.383	-5.644	-6.663	-4.345	-7.012	-6.573	-4.675	-2.808	-2.655	-2.534	-7.109	-4.486	-7.172	-3.459	-7.017	-5.202	-2.51	-3.471	-6.219	0	0	0	0	0	0	0	0	0	0	0	0	0	0	0	0	0	0	0	0	0	0	0	0	0	0	0	0	0	0
18.82	-4.465	-6.221	-5.439	-6.594	-4.085	-7.01	-6.808	-4.833	-2.911	-2.654	-2.539	-6.638	-5.489	-5.937	-3.056	-7.332	-7.426	-2.466	-3.64	-2.429	0	0	0	0	0	0	0	0	0	0	0	0	0	0	0	0	0	0	0	0	0	0	0	0	0	0	0	0	0	0
18.83	-4.651	-6.425	-5.725	-6.522	-4.192	-6.939	-6.97	-5.05	-3.036	-2.64	-2.626	-6.839	-5.791	-5.874	-3.574	-2.595	-2.717	-2.471	-3.191	-7.083	0	0	0	0	0	0	0	0	0	0	0	0	0	0	0	0	0	0	0	0	0	0	0	0	0	0	0	0	0	0
18.84	-4.902	-6.591	-5.754	-6.441	-4.952	-6.978	-7.13	-5.753	-3.258	-2.574	-2.697	-6.998	-6.049	-5.93	-3.172	-6.353	-2.372	-2.558	-3.398	-4.88	0	0	0	0	0	0	0	0	0	0	0	0	0	0	0	0	0	0	0	0	0	0	0	0	0	0	0	0	0	0
18.85	-5.247	-6.723	-5.744	-6.388	-4.477	-6.642	-7.263	-5.381	-3.477	-2.555	-2.835	-7.178	-6.42	-5.872	-3.23	-5.698	-2.381	-2.728	-3.763	-4.039	0	0	0	0	0	0	0	0	0	0	0	0	0	0	0	0	0	0	0	0	0	0	0	0	0	0	0	0	0	0
18.86	-5.44	-6.886	-5.731	-6.27	-4.563	-6.754	-7.309	-5.624	-3.796	-2.577	-7.074	-7.302	-6.702	-5.907	-3.402	-2.844	-7.446	-3.319	-3.56	-4.543	0	0	0	0	0	0	0	0	0	0	0	0	0	0	0	0	0	0	0	0	0	0	0	0	0	0	0	0	0	0
18.87	-5.296	-6.94	-5.801	-6.277	-4.728	-6.759	-7.339	-5.826	-3.96	-2.53	-6.537	-7.346	-6.954	-5.949	-3.437	-7.388	-6.899	-3.156	-3.555	-3.594	0	0	0	0	0	0	0	0	0	0	0	0	0	0	0	0	0	0	0	0	0	0	0	0	0	0	0	0	0	0
18.88	-5.66	-6.86	-5.733	-6.166	-4.981	-6.59	-7.3	-5.914	-4.877	-2.525	-6.37	-7.475	-7.115	-5.907	-3.454	-5.404	-7.276	-3.289	-7.296	-2.926	0	0	0	0	0	0	0	0	0	0	0	0	0	0	0	0	0	0	0	0	0	0	0	0	0	0	0	0	0	0
18.89	-5.991	-7.186	-5.795	-6.104	-5.05	-6.583	-7.218	-6.187	-4.481	-2.524	-6.124	-7.317	-7.299	-5.921	-3.601	-4.964	-3.275	-3.646	-7.008	-2.864	0	0	0	0	0	0	0	0	0	0	0	0	0	0	0	0	0	0	0	0	0	0	0	0	0	0	0	0	0	0
18.9	-6.221	-7.188	-5.754	-5.929	-5.265	-6.532	-7.095	-6.247	-4.832	-2.535	-5.762	-7.378	-7.41	-6.145	-3.645	-2.479	-3.445	-4.966	-7.006	-7.149	0	0	0	0	0	0	0	0	0	0	0	0	0	0	0	0	0	0	0	0	0	0	0	0	0	0	0	0	0	0
18.91	-3.03	-2.357	-4.161	-3.911	-4.082	-6.63	-6.967	-3.219	-3.438	-2.516	-4.99	-6.964	-7.351	-3.709	-3.714	-4.143	-7.315	-4.066	-7.409	-4.564	0	0	0	0	0	0	0	0	0	0	0	0	0	0	0	0	0	0	0	0	0	0	0	0	0	0	0	0	0	0
18.92	-3.136	-2.401	-3.943	-4.073	-4.008	-6.248	-6.469	-3.109	-4.286	-2.568	-5.27	-6.859	-7.347	-4.294	-4.005	-5.183	-2.383	-2.893	-7.367	-7.115	0	0	0	0	0	0	0	0	0	0	0	0	0	0	0	0	0	0	0	0	0	0	0	0	0	0	0	0	0	0
18.93	-2.809	-2.469	-3.958	-4.262	-3.846	-6.182	-6.231	-3.007	-3.544	-2.492	-5.574	-6.61	-7.19	-4.25	-4.085	-4.011	-6.782	-3.317	-7.364	-6.248	0	0	0	0	0	0	0	0	0	0	0	0	0	0	0	0	0	0	0	0	0	0	0	0	0	0	0	0	0	0
18.94	-2.631	-2.559	-4.012	-4.013	-3.723	-6.029	-5.904	-2.877	-3.737	-2.503	-5.884	-6.314	-7.027	-4.27	-4.114	-6.578	-6.035	-3.275	-7.403	-2.585	0	0	0	0	0	0	0	0	0	0	0	0	0	0	0	0	0	0	0	0	0	0	0	0	0	0	0	0	0	0
18.95	-2.534	-2.625	-3.988	-4.439	-3.563	-5.984	-5.665	-2.742	-3.628	-2.542	-6.186	-5.965	-6.835	-3.87	-4.296	-6.774	-2.708	-2.996	-7.401	-4.694	0	0	0	0	0	0	0	0	0	0	0	0	0	0	0	0	0	0	0	0	0	0	0	0	0	0	0	0	0	0
18.96	-2.461	-2.664	-3.974	-4.455	-3.414	-5.82	-5.315	-2.715	-3.391	-2.52	-6.844	-5.649	-6.561	-3.784	-4.307	-6.68	-7.413	-2.907	-2.523	-3.092	0	0	0	0	0	0	0	0	0	0	0	0	0	0	0	0	0	0	0	0	0	0	0	0	0	0	0	0	0	0
18.97	-2.422	-2.777	-3.993	-4.531	-3.309	-5.234	-5.041	-2.64	-3.199	-2.518	-6.717	-5.265	-6.239	-3.764	-4.406	-4.385	-5.042	-3.016	-3.956	-6.705	0	0	0	0	0	0	0	0	0	0	0	0	0	0	0	0	0	0	0	0	0	0	0	0	0	0	0	0	0	0
18.98	-2.336	-2.885	-3.777	-4.679	-3.146	-5.614	-4.747	-2.57	-3.104	-2.534	-6.84	-4.923	-5.972	-3.752	-4.487	-4.977	-2.371	-7.412	-2.811	-3.893	0	0	0	0	0	0	0	0	0	0	0	0	0	0	0	0	0	0	0	0	0	0	0	0	0	0	0	0	0	0
18.99	-2.348	-3.035	-3.949	-4.767	-3.04	-5.504	-4.425	-2.547	-2.956	-2.607	-7.027	-4.608	-5.599	-3.775	-4.551	-7.24	-2.915	-7.415	-2.976	-4.534	0	0	0	0	0	0	0	0	0	0	0	0	0	0	0	0	0	0	0	0	0	0	0	0	0	0	0	0	0	0
19	-2.366	-3.111	-3.914	-4.8	-2.933	-5.462	-4.124	-2.532	-2.848	-2.564	-7.203	-3.712	-5.225	-3.718	-4.629	-2.545	-6.824	-7.324	-2.571	-3.614	0	0	0	0	0	0	0	0	0	0	0	0	0	0	0	0	0	0	0	0	0	0	0	0	0	0	0	0	0	0
19.01	-2.583	-3.61	-5.937	-4.829	-2.977	-4.666	-6.345	-7.049	-2.686	-7.154	-2.567	-3.757	-4.1	-6.385	-4.496	-4.019	-3.797	-2.462	-3.294	-3.747	0	0	0	0	0	0	0	0	0	0	0	0	0	0	0	0	0	0	0	0	0	0	0	0	0	0	0	0	0	0
19.02	-2.458	-3.526	-5.936	-4.675	-2.759	-4.801	-6.548	-7.173	-2.545	-7.31	-2.558	-3.324	-4.034	-6.348	-4.981	-6.827	-3.7	-2.582	-3.958	-3.418	0	0	0	0	0	0	0	0	0	0	0	0	0	0	0	0	0	0	0	0	0	0	0	0	0	0	0	0	0	0
19.03	-2.597	-3.685	-5.27	-4.542	-2.649	-4.991	-6.793	-7.015	-2.513	-7.322	-2.605	-3.045	-4.177	-6.341	-4.801	-7.406	-2.492	-6.306	-3.588	-3.196	0	0	0	0	0	0	0	0	0	0	0	0	0	0	0	0	0	0	0	0	0	0	0	0	0	0	0	0	0	0
19.04	-2.722	-3.856	-5.998	-4.455	-2.588	-5.116	-6.972	-6.845	-2.509	-7.262	-2.704	-2.903	-3.276	-6.39	-4.729	-6.499	-7.403	-6.098	-4.569	-6.896	0	0	0	0	0	0	0	0	0	0	0	0	0	0	0	0	0	0	0	0	0	0	0	0	0	0	0	0	0	0
19.05	-2.853	-4.02	-6.051	-4.269	-2.511	-5.248	-7.129	-6.633	-2.506	-7.24	-2.822	-2.73	-3.393	-6.494	-4.771	-2.601	-6.614	-5.243	-4.046	-2.671	0	0	0	0	0	0	0	0	0	0	0	0	0	0	0	0	0	0	0	0	0	0	0	0	0	0	0	0	0	0
19.06	-2.949	-4.119	-6.114	-4.162	-2.525	-5.491	-7.252	-6.399	-2.494	-7.188	-3.004	-2.582	-2.801	-6.448	-4.705	-4.268	-2.692	-5.884	-3.532	-2.372	0	0	0	0	0	0	0	0	0	0	0	0	0	0	0	0	0	0	0	0	0	0	0	0	0	0	0	0	0	0
19.07	-3.119	-4.251	-6.133	-4.056	-2.487	-5.716	-7.351	-6.094	-2.52	-7.225	-3.233	-2.539	-2.576	-6.906	-4.593	-6.651	-2.481	-5.306	-4.601	-5.835	0	0	0	0	0	0	0	0	0	0	0	0	0	0	0	0	0	0	0	0	0	0	0	0	0	0	0	0	0	0
19.08	-3.227	-4.425	-6.063	-3.97	-2.459	-5.876	-7.372	-5.772	-2.555	-7.145	-3.469	-2.542	-2.517	-6.604	-4.884	-6.203	-2.742	-4.947	-4.653	-6.73	0	0	0	0	0	0	0	0	0	0	0	0	0	0	0	0	0	0	0	0	0	0	0	0	0	0	0	0	0	0
19.09	-3.42	-4.623	-6.157	-3.409	-2.448	-6.039	-7.359	-5.425	-2.64	-6.678	-3.703	-2.576	-2.528	-6.829	-4.516	-2.75	-2.548	-5.226	-6.192	-6.838	0	0	0	0	0	0	0	0	0	0	0	0	0	0	0	0	0	0	0	0	0	0	0	0	0	0	0	0	0	0
19.1	-3.607	-4.766	-6.152	-3.553	-2.437	-6.232	-7.249	-5.005	-2.749	-6.983	-4.041	-2.701	-2.611	-6.647	-4.486	-7.276	-2.574	-6.253	-6.872	-6.737	0	0	0	0	0	0	0	0	0	0	0	0	0	0	0	0	0	0	0	0	0	0	0	0	0	0	0	0	0	0
19.11	-6.133	-4.726	-3.537	-6.483	-7.289	-3.129	-7.139	-5.624	-2.886	-3.347	-4.481	-6.712	-3.209	-3.147	-4.283	-4.941	-7.365	-6.011	-6.625	-7.211	0	0	0	0	0	0	0	0	0	0	0	0	0	0	0	0	0	0	0	0	0	0	0	0	0	0	0	0	0	0
19.12	-3.953	-4.599	-3.561	-6.567	-7.247	-2.969	-6.686	-5.957	-3.16	-3.173	-5.251	-6.53	-3.272	-3.135	-4.358	-7.386	-7.221	-5.456	-6.41	-4.598	0	0	0	0	0	0	0	0	0	0	0	0	0	0	0	0	0	0	0	0	0	0	0	0	0	0	0	0	0	0
19.13	-4.015	-4.321	-3.866	-6.745	-7.194	-2.874	-5.852	-6.342	-3.348	-3.192	-5.308	-6.183	-3.548	-3.106	-3.983	-2.637	-3.904	-4.977	-2.398	-4.781	0	0	0	0	0	0	0	0	0	0	0	0	0	0	0	0	0	0	0	0	0	0	0	0	0	0	0	0	0	0
19.14	-5.043	-4.163	-3.521	-6.876	-7.186	-2.71	-6.087	-6.656	-3.523	-3.329	-5.586	-5.86	-3.864	-3.052	-3.994	-5.839	-3.479	-4.959	-2.53	-3.401	0	0	0	0	0	0	0	0	0	0	0	0	0	0	0	0	0	0	0	0	0	0	0	0	0	0	0	0	0	0
19.15	-4.976	-4.117	-3.541	-6.91	-7.053	-2.652	-5.723	-6.781	-3.718	-3.369	-5.911	-5.497	-4.188	-3.026	-4.205	-5.765	-3.986	-4.432	-2.577	-2.718	0	0	0	0	0	0	0	0	0	0	0	0	0	0	0	0	0	0	0	0	0	0	0	0	0	0	0	0	0	0
19.16	-5.192	-3.932	-3.588	-6.992	-7.028	-2.57	-5.359	-7.01	-3.912	-3.443	-6.224	-5.16	-4.563	-3.019	-3.995	-5.516	-3.987	-4.116	-2.502	-3.789	0	0	0	0	0	0	0	0	0	0	0	0	0	0	0	0	0	0	0	0	0	0	0	0	0	0	0	0	0	0
19.17	-5.371	-4.095	-3.653	-6.974	-6.919	-2.481	-5.028	-7.169	-4.108	-3.599	-6.623	-4.752	-5.002	-2.644	-4.456	-2.642	-4.359	-6.758	-2.69	-3.94	0	0	0	0	0	0	0	0	0	0	0	0	0	0	0	0	0	0	0	0	0	0	0	0	0	0	0	0	0	0
19.18	-5.587	-3.698	-3.672	-7.375	-6.786	-2.441	-4.672	-7.254	-4.262	-3.603	-6.626	-4.31	-5.308	-2.655	-3.978	-3.057	-4.07	-6.3	-7.495	-4.579	0	0	0	0	0	0	0	0	0	0	0	0	0	0	0	0	0	0	0	0	0	0	0	0	0	0	0	0	0	0
19.19	-5.787	-3.567	-3.773	-7.277	-6.534	-2.389	-4.266	-7.36	-4.525	-3.681	-6.833	-4.003	-5.735	-2.615	-4.05	-7.14	-2.696	-6.295	-7.205	-4.198	0	0	0	0	0	0	0	0	0	0	0	0	0	0	0	0	0	0	0	0	0	0	0	0	0	0	0	0	0	0
19.2	-5.914	-3.472	-3.725	-7.305	-6.543	-2.345	-3.943	-7.387	-4.749	-3.781	-6.982	-3.691	-6.086	-2.502	-3.989	-4.088	-4.196	-7.473	-3.304	-6.366	0	0	0	0	0	0	0	0	0	0	0	0	0	0	0	0	0	0	0	0	0	0	0	0	0	0	0	0	0	0
19.21	-3.564	-2.937	-3.531	-2.428	-3.675	-2.316	-3.616	-2.801	-4.641	-5.368	-2.633	-7.29	-6.975	-2.587	-4.231	-5.34	-3.351	-2.91	-6.571	-7.294	0	0	0	0	0	0	0	0	0	0	0	0	0	0	0	0	0	0	0	0	0	0	0	0	0	0	0	0	0	0
19.22	-3.904	-3.124	-4.042	-2.396	-3.883	-2.406	-3.049	-3.011	-4.416	-5.884	-2.612	-7.113	-7.021	-2.534	-3.934	-2.721	-2.597	-2.753	-6.023	-4.986	0	0	0	0	0	0	0	0	0	0	0	0	0	0	0	0	0	0	0	0	0	0	0	0	0	0	0	0	0	0
19.23	-3.133	-3.08	-4.144	-2.452	-3.98	-2.342	-2.794	-3.319	-4.296	-5.826	-2.628	-7.261	-7.259	-2.51	-3.909	-3.841	-2.696	-2.498	-4.854	-3.582	0	0	0	0	0	0	0	0	0	0	0	0	0	0	0	0	0	0	0	0	0	0	0	0	0	0	0	0	0	0
19.24	-2.993	-2.94	-4.192	-2.441	-4.197	-2.493	-2.587	-3.664	-4.073	-5.656	-2.602	-7.393	-7.398	-2.513	-3.757	-7.467	-2.941	-2.547	-4.99	-7.148	0	0	0	0	0	0	0	0	0	0	0	0	0	0	0	0	0	0	0	0	0	0	0	0	0	0	0	0	0	0
19.25	-2.872	-3.361	-4.229	-2.484	-4.447	-2.543	-2.48	-4.074	-3.835	-5.541	-2.705	-7.419	-7.456	-2.504	-3.823	-6.859	-7.413	-6.923	-5.273	-6.746	0	0	0	0	0	0	0	0	0	0	0	0	0	0	0	0	0	0	0	0	0	0	0	0	0	0	0	0	0	0
19.26	-3.205	-2.83	-4.73	-2.57	-4.585	-2.635	-2.454	-4.504	-3.629	-5.579	-2.623	-7.422	-7.434	-2.522	-3.796	-7.055	-2.713	-4.519	-3.124	-7.08	0	0	0	0	0	0	0	0	0	0	0	0	0	0	0	0	0	0	0	0	0	0	0	0	0	0	0	0	0	0
19.27	-2.676	-2.732	-4.354	-2.628	-4.749	-2.755	-2.444	-5.045	-3.441	-5.249	-2.735	-7.441	-7.464	-2.545	-3.878	-2.498	-2.646	-5.431	-7.214	-2.744	0	0	0	0	0	0	0	0	0	0	0	0	0	0	0	0	0	0	0	0	0	0	0	0	0	0	0	0	0	0
19.28	-2.649	-2.67	-4.432	-2.713	-4.95	-2.881	-2.484	-5.305	-3.281	-5.165	-2.901	-7.272	-7.336	-2.512	-3.891	-4.24	-2.894	-5.172	-7.238	-2.433	0	0	0	0	0	0	0	0	0	0	0	0	0	0	0	0	0	0	0	0	0	0	0	0	0	0	0	0	0	0
19.29	-2.44	-2.651	-5.135	-2.873	-5.148	-2.993	-2.584	-6.238	-3.141	-5.089	-3.005	-7.049	-7.249	-2.456	-3.757	-7.468	-3.16	-5.438	-2.811	-6.511	0	0	0	0	0	0	0	0	0	0	0	0	0	0	0	0	0	0	0	0	0	0	0	0	0	0	0	0	0	0
19.3	-2.694	-2.602	-5.049	-2.92	-5.382	-3.215	-2.722	-6.162	-3.019	-5.04	-3.188	-6.838	-7.056	-2.536	-3.841	-2.756	-2.774	-5.757	-2.795	-6.582	0	0	0	0	0	0	0	0	0	0	0	0	0	0	0	0	0	0	0	0	0	0	0	0	0	0	0	0	0	0
19.31	-2.332	-2.438	-4.508	-6.725	-4.163	-3.272	-6.721	-6.602	-7.43	-6.364	-5.706	-3.989	-7.036	-7.366	-4.303	-6.408	-2.477	-5.106	-4.939	-6.672	0	0	0	0	0	0	0	0	0	0	0	0	0	0	0	0	0	0	0	0	0	0	0	0	0	0	0	0	0	0
19.32	-2.368	-2.498	-4.985	-6.549	-4.006	-3.841	-6.429	-7.075	-7.271	-5.512	-6.016	-4.282	-6.367	-7.327	-3.981	-5.606	-3.196	-7.397	-5.261	-4.924	0	0	0	0	0	0	0	0	0	0	0	0	0	0	0	0	0	0	0	0	0	0	0	0	0	0	0	0	0	0
19.33	-2.361	-2.437	-5.132	-5.89	-3.309	-4.061	-6.135	-7.202	-7.396	-5.644	-5.768	-4.651	-6.024	-7.302	-4.063	-3.892	-4.263	-7.456	-5.616	-5.656	0	0	0	0	0	0	0	0	0	0	0	0	0	0	0	0	0	0	0	0	0	0	0	0	0	0	0	0	0	0
19.34	-2.403	-2.412	-5.325	-6.173	-3.628	-4.3	-5.74	-7.357	-7.486	-5.758	-5.447	-5.015	-5.745	-7.271	-4.144	-6.068	-3.379	-2.727	-5.589	-6.213	0	0	0	0	0	0	0	0	0	0	0	0	0	0	0	0	0	0	0	0	0	0	0	0	0	0	0	0	0	0
19.35	-2.374	-2.449	-5.309	-6.002	-3.592	-4.547	-5.529	-7.402	-7.505	-5.92	-5.104	-5.357	-5.415	-7.302	-3.661	-7.497	-3.266	-2.801	-5.031	-5.762	0	0	0	0	0	0	0	0	0	0	0	0	0	0	0	0	0	0	0	0	0	0	0	0	0	0	0	0	0	0
19.36	-2.492	-2.422	-5.431	-5.948	-3.349	-4.728	-5.105	-7.367	-7.512	-6.041	-4.778	-5.73	-5.212	-7.238	-4.172	-2.472	-3.541	-3.379	-3.842	-3.824	0	0	0	0	0	0	0	0	0	0	0	0	0	0	0	0	0	0	0	0	0	0	0	0	0	0	0	0	0	0
19.37	-2.518	-2.437	-5.519	-5.798	-2.591	-4.966	-4.77	-7.195	-7.525	-6.239	-4.451	-6.055	-4.764	-7.232	-4.23	-4.711	-4.002	-3.348	-3.734	-4.173	0	0	0	0	0	0	0	0	0	0	0	0	0	0	0	0	0	0	0	0	0	0	0	0	0	0	0	0	0	0
19.38	-2.6	-2.438	-5.558	-5.632	-3.064	-5.238	-4.272	-7.122	-7.478	-6.339	-4.132	-6.348	-4.482	-7.176	-4.324	-6.59	-4.653	-7.2	-4.456	-7.057	0	0	0	0	0	0	0	0	0	0	0	0	0	0	0	0	0	0	0	0	0	0	0	0	0	0	0	0	0	0
19.39	-2.651	-2.415	-5.633	-5.431	-2.982	-5.648	-3.971	-6.896	-7.452	-6.477	-3.769	-6.645	-4.162	-7.186	-4.325	-2.5	-4.065	-7.314	-6.699	-6.992	0	0	0	0	0	0	0	0	0	0	0	0	0	0	0	0	0	0	0	0	0	0	0	0	0	0	0	0	0	0
19.4	-2.748	-2.499	-5.725	-5.315	-2.889	-5.673	-3.754	-6.636	-7.378	-6.626	-3.513	-6.885	-3.876	-7.121	-4.121	-7.506	-4.872	-2.979	-2.437	-2.488	0	0	0	0	0	0	0	0	0	0	0	0	0	0	0	0	0	0	0	0	0	0	0	0	0	0	0	0	0	0
19.41	-7.197	-7.305	-3.861	-5.03	-7.127	-3.299	-3.532	-6.261	-2.836	-3.083	-7.042	-2.596	-6.496	-7.227	-4.701	-4.496	-5.003	-3.685	-2.863	-7.189	0	0	0	0	0	0	0	0	0	0	0	0	0	0	0	0	0	0	0	0	0	0	0	0	0	0	0	0	0	0
19.42	-6.549	-7.285	-3.877	-5.137	-7.209	-3.37	-3.014	-5.429	-2.897	-3.075	-7.219	-2.617	-7.077	-7.094	-4.627	-6.509	-4.956	-3.921	-7.482	-7.205	0	0	0	0	0	0	0	0	0	0	0	0	0	0	0	0	0	0	0	0	0	0	0	0	0	0	0	0	0	0
19.43	-6.358	-7.284	-3.785	-5.311	-7.19	-3.164	-2.815	-5.177	-3.151	-2.931	-7.354	-2.543	-7.244	-7.074	-4.194	-2.515	-4.901	-7.24	-3.871	-7.227	0	0	0	0	0	0	0	0	0	0	0	0	0	0	0	0	0	0	0	0	0	0	0	0	0	0	0	0	0	0
19.44	-6.447	-7.295	-3.764	-5.44	-7.329	-3.006	-2.657	-4.849	-3.262	-2.856	-7.399	-2.574	-7.368	-7.063	-4.659	-7.005	-4.92	-7.299	-4.236	-7.078	0	0	0	0	0	0	0	0	0	0	0	0	0	0	0	0	0	0	0	0	0	0	0	0	0	0	0	0	0	0
19.45	-6.52	-7.237	-3.691	-5.625	-7.337	-2.841	-2.481	-4.481	-3.874	-2.817	-7.416	-2.674	-7.447	-6.991	-4.812	-4.382	-5.154	-7.285	-5.034	-7.074	0	0	0	0	0	0	0	0	0	0	0	0	0	0	0	0	0	0	0	0	0	0	0	0	0	0	0	0	0	0
19.46	-6.158	-7.268	-3.674	-5.809	-7.381	-2.737	-2.528	-4.264	-3.557	-2.728	-7.341	-2.811	-7.487	-7.077	-4.838	-3.673	-3.984	-7.419	-2.584	-2.388	0	0	0	0	0	0	0	0	0	0	0	0	0	0	0	0	0	0	0	0	0	0	0	0	0	0	0	0	0	0
19.47	-5.958	-7.22	-3.628	-5.942	-7.395	-2.614	-2.453	-3.869	-3.808	-2.649	-7.202	-3.067	-7.516	-7.042	-4.885	-4.446	-4.138	-7.245	-3.107	-7.015	0	0	0	0	0	0	0	0	0	0	0	0	0	0	0	0	0	0	0	0	0	0	0	0	0	0	0	0	0	0
19.48	-5.768	-7.235	-3.585	-6.111	-7.378	-2.498	-2.526	-3.642	-4.004	-2.602	-6.97	-3.33	-7.46	-7.031	-4.891	-3.505	-3.903	-7.277	-3.456	-5.297	0	0	0	0	0	0	0	0	0	0	0	0	0	0	0	0	0	0	0	0	0	0	0	0	0	0	0	0	0	0
19.49	-5.55	-7.144	-3.526	-6.248	-7.358	-2.366	-2.638	-3.065	-4.157	-2.541	-6.631	-3.647	-7.412	-6.948	-5.009	-7.498	-3.388	-7.437	-3.852	-4.148	0	0	0	0	0	0	0	0	0	0	0	0	0	0	0	0	0	0	0	0	0	0	0	0	0	0	0	0	0	0
19.5	-5.147	-7.113	-3.493	-6.399	-7.332	-2.39	-2.763	-3.193	-4.303	-2.537	-6.312	-3.994	-7.238	-6.945	-5.018	-7.372	-5.259	-7.437	-3.734	-3.55	0	0	0	0	0	0	0	0	0	0	0	0	0	0	0	0	0	0	0	0	0	0	0	0	0	0	0	0	0	0
19.51	-4.86	-6.799	-6.39	-3.156	-2.704	-2.35	-6.678	-7.172	-5.142	-7.383	-4.741	-4.27	-6.885	-7.073	-5.637	-5.111	-6.042	-7.409	-2.991	-6.455	0	0	0	0	0	0	0	0	0	0	0	0	0	0	0	0	0	0	0	0	0	0	0	0	0	0	0	0	0	0
19.52	-5.563	-6.979	-6.507	-2.973	-2.816	-2.49	-6.288	-7.271	-4.879	-7.472	-5.036	-5.018	-6.876	-6.91	-5.216	-4.534	-5.695	-2.669	-2.593	-4.117	0	0	0	0	0	0	0	0	0	0	0	0	0	0	0	0	0	0	0	0	0	0	0	0	0	0	0	0	0	0
19.53	-5.774	-6.91	-6.476	-2.95	-2.911	-2.587	-6.009	-7.387	-4.141	-7.431	-5.681	-4.648	-6.687	-6.867	-5.447	-6.695	-2.76	-5.717	-5.325	-3.552	0	0	0	0	0	0	0	0	0	0	0	0	0	0	0	0	0	0	0	0	0	0	0	0	0	0	0	0	0	0
19.54	-5.835	-6.916	-6.554	-2.841	-2.97	-2.733	-5.658	-7.367	-4.439	-7.339	-5.966	-4.253	-6.491	-6.735	-5.496	-6.485	-7.476	-4.688	-4.594	-4.079	0	0	0	0	0	0	0	0	0	0	0	0	0	0	0	0	0	0	0	0	0	0	0	0	0	0	0	0	0	0
19.55	-6.046	-6.761	-7.043	-2.711	-3.105	-2.909	-5.315	-7.414	-4.255	-7.203	-6.338	-3.994	-6.278	-6.743	-5.583	-7.056	-7.401	-4.885	-5.352	-4.144	0	0	0	0	0	0	0	0	0	0	0	0	0	0	0	0	0	0	0	0	0	0	0	0	0	0	0	0	0	0
19.56	-5.638	-6.71	-6.649	-2.712	-3.248	-3.108	-4.961	-7.343	-4.053	-7.193	-6.69	-3.659	-6.22	-6.796	-5.775	-6.936	-2.986	-5.392	-4.47	-5.276	0	0	0	0	0	0	0	0	0	0	0	0	0	0	0	0	0	0	0	0	0	0	0	0	0	0	0	0	0	0
19.57	-6.399	-6.652	-6.695	-2.584	-3.401	-3.329	-4.617	-7.218	-3.799	-6.625	-6.954	-3.446	-6.38	-6.621	-5.789	-7.25	-2.841	-5.024	-6.752	-5.085	0	0	0	0	0	0	0	0	0	0	0	0	0	0	0	0	0	0	0	0	0	0	0	0	0	0	0	0	0	0
19.58	-6.221	-6.493	-6.693	-2.547	-3.543	-3.571	-4.328	-7.097	-3.657	-6.947	-7.263	-3.222	-5.653	-6.587	-5.923	-2.832	-3.332	-4.25	-6.925	-6.807	0	0	0	0	0	0	0	0	0	0	0	0	0	0	0	0	0	0	0	0	0	0	0	0	0	0	0	0	0	0
19.59	-6.387	-6.339	-6.903	-2.479	-3.752	-3.783	-4.002	-6.876	-3.456	-6.811	-7.312	-3.025	-5.47	-6.303	-6.011	-4.97	-3.349	-3.977	-2.619	-6.633	0	0	0	0	0	0	0	0	0	0	0	0	0	0	0	0	0	0	0	0	0	0	0	0	0	0	0	0	0	0
19.6	-6.896	-6.227	-6.749	-2.465	-3.923	-4.04	-3.557	-6.682	-3.278	-6.728	-7.418	-2.879	-5.271	-6.46	-6.163	-7.137	-3.08	-4.839	-6.018	-6.416	0	0	0	0	0	0	0	0	0	0	0	0	0	0	0	0	0	0	0	0	0	0	0	0	0	0	0	0	0	0
19.61	-2.871	-3.913	-6.644	-7.429	-5.536	-5.243	-3.316	-6.275	-2.978	-6.252	-7.271	-7.41	-4.485	-4.304	-6.45	-7.431	-6.46	-5.896	-3.808	-7.243	0	0	0	0	0	0	0	0	0	0	0	0	0	0	0	0	0	0	0	0	0	0	0	0	0	0	0	0	0	0
19.62	-2.702	-3.96	-6.841	-7.396	-5.274	-4.938	-2.889	-4.799	-2.852	-6.107	-7.092	-7.459	-4.627	-6.251	-6.424	-3.633	-6.806	-5.15	-2.756	-7.258	0	0	0	0	0	0	0	0	0	0	0	0	0	0	0	0	0	0	0	0	0	0	0	0	0	0	0	0	0	0
19.63	-2.621	-4.135	-6.829	-7.371	-5.08	-4.717	-2.75	-5.356	-2.75	-5.956	-6.873	-7.451	-4.405	-6.188	-6.43	-7.335	-6.602	-2.769	-5.238	-6.998	0	0	0	0	0	0	0	0	0	0	0	0	0	0	0	0	0	0	0	0	0	0	0	0	0	0	0	0	0	0
19.64	-2.381	-4.322	-6.824	-7.293	-4.942	-4.211	-2.599	-5.08	-2.674	-5.767	-6.475	-7.443	-4.22	-6.128	-6.601	-5.012	-7.109	-2.518	-5.541	-7.139	0	0	0	0	0	0	0	0	0	0	0	0	0	0	0	0	0	0	0	0	0	0	0	0	0	0	0	0	0	0
19.65	-3.106	-4.479	-6.847	-7.199	-4.544	-4.226	-2.462	-4.735	-2.622	-5.505	-6.064	-7.099	-4.046	-5.948	-6.728	-3.721	-4.609	-7.485	-7.27	-5.311	0	0	0	0	0	0	0	0	0	0	0	0	0	0	0	0	0	0	0	0	0	0	0	0	0	0	0	0	0	0
19.66	-2.489	-4.669	-6.853	-7.128	-4.35	-3.954	-2.507	-4.476	-2.528	-5.377	-5.721	-7.25	-3.892	-5.962	-6.816	-7.478	-4.014	-7.487	-6.965	-6.067	0	0	0	0	0	0	0	0	0	0	0	0	0	0	0	0	0	0	0	0	0	0	0	0	0	0	0	0	0	0
19.67	-2.354	-4.814	-6.973	-7.009	-3.989	-3.791	-2.495	-4.18	-2.531	-5.101	-5.29	-7.096	-3.73	-5.837	-6.953	-2.746	-2.819	-7.39	-7.402	-3.186	0	0	0	0	0	0	0	0	0	0	0	0	0	0	0	0	0	0	0	0	0	0	0	0	0	0	0	0	0	0
19.68	-2.426	-4.989	-6.933	-6.816	-3.815	-3.553	-2.572	-3.883	-2.515	-4.853	-4.882	-6.93	-4.062	-5.881	-6.853	-4.855	-2.814	-7.449	-6.93	-3.075	0	0	0	0	0	0	0	0	0	0	0	0	0	0	0	0	0	0	0	0	0	0	0	0	0	0	0	0	0	0
19.69	-2.403	-5.091	-6.943	-6.681	-3.615	-3.194	-2.689	-3.624	-2.493	-4.653	-4.239	-6.694	-3.348	-5.692	-7.087	-7.436	-3.567	-6.991	-6.807	-2.735	0	0	0	0	0	0	0	0	0	0	0	0	0	0	0	0	0	0	0	0	0	0	0	0	0	0	0	0	0	0
19.7	-2.415	-5.238	-6.999	-6.054	-3.416	-3.2	-2.889	-3.437	-2.524	-4.346	-4.018	-6.386	-3.187	-5.67	-7.144	-3.941	-3.075	-6.429	-7.027	-2.53	0	0	0	0	0	0	0	0	0	0	0	0	0	0	0	0	0	0	0	0	0	0	0	0	0	0	0	0	0	0
19.71	-7.099	-4.16	-2.868	-6.514	-3.311	-3.028	-6.542	-6.984	-7.399	-3.967	-3.472	-4.284	-2.784	-4.957	-7.389	-5.746	-4.588	-5.922	-2.711	-6.995	0	0	0	0	0	0	0	0	0	0	0	0	0	0	0	0	0	0	0	0	0	0	0	0	0	0	0	0	0	0
19.72	-6.899	-4.049	-2.834	-5.984	-2.948	-2.736	-6.207	-7.236	-7.339	-3.703	-3.06	-4.524	-2.856	-5.132	-7.275	-2.782	-7.534	-5.811	-7.435	-7.249	0	0	0	0	0	0	0	0	0	0	0	0	0	0	0	0	0	0	0	0	0	0	0	0	0	0	0	0	0	0
19.73	-6.589	-3.935	-2.773	-5.828	-2.843	-2.589	-5.92	-7.202	-7.21	-3.475	-2.867	-4.749	-2.77	-4.56	-7.384	-6.086	-7.495	-6.032	-7.386	-7.084	0	0	0	0	0	0	0	0	0	0	0	0	0	0	0	0	0	0	0	0	0	0	0	0	0	0	0	0	0	0
19.74	-6.611	-3.796	-2.79	-5.619	-2.779	-2.499	-5.605	-7.313	-7.118	-3.304	-2.743	-5.056	-2.687	-4.614	-7.427	-5.226	-3.754	-4.787	-3.962	-6.952	0	0	0	0	0	0	0	0	0	0	0	0	0	0	0	0	0	0	0	0	0	0	0	0	0	0	0	0	0	0
19.75	-6.347	-3.657	-2.791	-5.429	-2.641	-2.444	-5.236	-7.392	-7.063	-3.11	-2.638	-5.393	-2.682	-4.633	-7.386	-2.986	-3.438	-5.898	-3.087	-2.406	0	0	0	0	0	0	0	0	0	0	0	0	0	0	0	0	0	0	0	0	0	0	0	0	0	0	0	0	0	0
19.76	-6.096	-3.243	-2.794	-5.283	-2.592	-2.397	-4.893	-7.404	-6.979	-3.05	-2.619	-5.644	-2.628	-4.669	-7.257	-2.603	-4.687	-6.316	-2.512	-2.586	0	0	0	0	0	0	0	0	0	0	0	0	0	0	0	0	0	0	0	0	0	0	0	0	0	0	0	0	0	0
19.77	-5.971	-3.133	-2.781	-5.07	-2.541	-2.38	-4.537	-7.412	-6.849	-2.94	-2.881	-5.907	-2.581	-4.685	-7.473	-6.437	-5.426	-2.707	-2.815	-7.335	0	0	0	0	0	0	0	0	0	0	0	0	0	0	0	0	0	0	0	0	0	0	0	0	0	0	0	0	0	0
19.78	-6.225	-3.361	-2.733	-4.89	-2.531	-2.393	-4.227	-7.401	-6.592	-2.8	-2.805	-6.123	-2.591	-4.681	-7.46	-6.724	-5.115	-4.399	-7.503	-6.998	0	0	0	0	0	0	0	0	0	0	0	0	0	0	0	0	0	0	0	0	0	0	0	0	0	0	0	0	0	0
19.79	-5.043	-3.119	-2.745	-4.673	-2.508	-2.454	-3.917	-7.369	-6.532	-2.714	-2.951	-6.35	-2.575	-4.75	-7.427	-7.513	-4.334	-6.347	-3.288	-6.994	0	0	0	0	0	0	0	0	0	0	0	0	0	0	0	0	0	0	0	0	0	0	0	0	0	0	0	0	0	0
19.8	-5.062	-3.107	-2.755	-4.38	-2.54	-2.661	-3.61	-7.278	-6.454	-2.676	-3.173	-6.568	-2.608	-4.741	-7.448	-3.464	-5.757	-6.911	-2.963	-3.769	0	0	0	0	0	0	0	0	0	0	0	0	0	0	0	0	0	0	0	0	0	0	0	0	0	0	0	0	0	0
19.81	-4.585	-2.652	-2.868	-5.955	-2.526	-7.094	-6.833	-7.008	-4.961	-7.498	-5.547	-2.669	-2.838	-5.198	-7.415	-6.839	-4.959	-7.424	-2.978	-4.5	0	0	0	0	0	0	0	0	0	0	0	0	0	0	0	0	0	0	0	0	0	0	0	0	0	0	0	0	0	0
19.82	-5.617	-2.879	-2.703	-6.083	-2.654	-6.96	-7.012	-6.855	-4.097	-7.545	-5.947	-2.898	-2.783	-5.402	-7.501	-7.171	-5.579	-7.293	-6.032	-3.725	0	0	0	0	0	0	0	0	0	0	0	0	0	0	0	0	0	0	0	0	0	0	0	0	0	0	0	0	0	0
19.83	-5.781	-2.772	-2.645	-6.252	-2.685	-6.804	-7.179	-6.635	-4.213	-7.512	-5.529	-2.803	-2.838	-5.348	-7.466	-7.518	-5.375	-3.647	-7.038	-4.192	0	0	0	0	0	0	0	0	0	0	0	0	0	0	0	0	0	0	0	0	0	0	0	0	0	0	0	0	0	0
19.84	-6.265	-2.659	-2.697	-6.389	-2.765	-6.671	-7.301	-6.492	-4.4	-7.299	-5.281	-2.722	-2.716	-5.324	-7.459	-4.652	-5.369	-2.983	-2.531	-3.807	0	0	0	0	0	0	0	0	0	0	0	0	0	0	0	0	0	0	0	0	0	0	0	0	0	0	0	0	0	0
19.85	-6.348	-2.63	-2.666	-6.539	-3.176	-6.451	-7.403	-6.301	-4.447	-7.382	-4.952	-2.631	-3.077	-5.19	-7.433	-3.694	-5.169	-5.404	-2.444	-4.765	0	0	0	0	0	0	0	0	0	0	0	0	0	0	0	0	0	0	0	0	0	0	0	0	0	0	0	0	0	0
19.86	-6.474	-2.606	-2.651	-6.71	-2.82	-6.277	-7.456	-6.001	-4.664	-7.375	-4.596	-2.64	-3.111	-5.213	-7.465	-3.157	-4.174	-5.201	-2.447	-3.405	0	0	0	0	0	0	0	0	0	0	0	0	0	0	0	0	0	0	0	0	0	0	0	0	0	0	0	0	0	0
19.87	-6.74	-2.545	-2.616	-6.788	-2.983	-6.153	-7.411	-5.897	-4.795	-7.318	-4.198	-2.57	-3.252	-5.224	-7.473	-3.51	-7.361	-6.149	-2.612	-2.935	0	0	0	0	0	0	0	0	0	0	0	0	0	0	0	0	0	0	0	0	0	0	0	0	0	0	0	0	0	0
19.88	-6.856	-2.513	-2.614	-6.878	-3.078	-5.85	-7.349	-5.638	-4.877	-7.145	-3.936	-2.66	-3.418	-5.106	-7.437	-6.574	-7.535	-2.492	-2.555	-4.872	0	0	0	0	0	0	0	0	0	0	0	0	0	0	0	0	0	0	0	0	0	0	0	0	0	0	0	0	0	0
19.89	-7.003	-2.49	-2.647	-7.057	-3.191	-5.727	-7.178	-5.425	-4.989	-7.04	-3.661	-2.688	-3.49	-5.114	-7.439	-5.453	-7.348	-2.698	-2.482	-5.045	0	0	0	0	0	0	0	0	0	0	0	0	0	0	0	0	0	0	0	0	0	0	0	0	0	0	0	0	0	0
19.9	-7.143	-2.689	-2.592	-7.084	-3.313	-5.479	-6.999	-5.149	-5.118	-6.884	-3.386	-2.777	-3.632	-5.024	-7.436	-2.653	-7.512	-2.819	-2.678	-4.518	0	0	0	0	0	0	0	0	0	0	0	0	0	0	0	0	0	0	0	0	0	0	0	0	0	0	0	0	0	0
19.91	-2.614	-7.293	-7.283	-7.119	-6.307	-5.082	-3.653	-5.409	-4.667	-6.614	-7.157	-6.476	-4.289	-4.67	-7.23	-2.742	-2.668	-7.31	-7.229	-5.145	0	0	0	0	0	0	0	0	0	0	0	0	0	0	0	0	0	0	0	0	0	0	0	0	0	0	0	0	0	0
19.92	-2.344	-7.357	-7.367	-7.352	-6.226	-5.044	-4.022	-5.701	-4.523	-5.97	-7.241	-6.681	-4.17	-4.606	-7.425	-5.405	-2.568	-3.291	-7.45	-5.356	0	0	0	0	0	0	0	0	0	0	0	0	0	0	0	0	0	0	0	0	0	0	0	0	0	0	0	0	0	0
19.93	-2.333	-7.353	-7.25	-7.395	-6.092	-5.304	-4.347	-5.991	-4.506	-6.084	-7.353	-5.774	-4.447	-4.667	-7.448	-5.782	-2.93	-6.486	-7.264	-4.909	0	0	0	0	0	0	0	0	0	0	0	0	0	0	0	0	0	0	0	0	0	0	0	0	0	0	0	0	0	0
19.94	-2.408	-7.368	-7.416	-7.399	-6.043	-5.762	-4.709	-6.203	-4.091	-5.841	-7.479	-6.143	-4.705	-4.593	-7.418	-6.189	-4.769	-6.105	-7.467	-4.871	0	0	0	0	0	0	0	0	0	0	0	0	0	0	0	0	0	0	0	0	0	0	0	0	0	0	0	0	0	0
19.95	-2.411	-7.363	-7.283	-7.433	-5.969	-5.724	-5.152	-6.391	-4.136	-5.58	-7.44	-5.828	-4.883	-4.382	-7.346	-2.655	-7.034	-6.09	-7.244	-4.367	0	0	0	0	0	0	0	0	0	0	0	0	0	0	0	0	0	0	0	0	0	0	0	0	0	0	0	0	0	0
19.96	-2.475	-7.372	-7.306	-7.413	-5.845	-5.89	-5.503	-6.605	-4.093	-5.436	-7.368	-5.558	-5.08	-6.081	-7.424	-6.466	-2.635	-5.983	-3.141	-5.177	0	0	0	0	0	0	0	0	0	0	0	0	0	0	0	0	0	0	0	0	0	0	0	0	0	0	0	0	0	0
19.97	-2.444	-7.37	-7.363	-7.448	-5.718	-6.132	-5.783	-6.818	-3.458	-5.202	-7.37	-5.211	-5.322	-5.818	-7.406	-6.602	-2.601	-6.092	-3.044	-4.631	0	0	0	0	0	0	0	0	0	0	0	0	0	0	0	0	0	0	0	0	0	0	0	0	0	0	0	0	0	0
19.98	-2.632	-7.364	-7.233	-7.213	-5.49	-6.337	-6.14	-7.322	-3.82	-4.924	-7.205	-4.93	-5.491	-5.982	-7.42	-3.654	-2.606	-6.382	-7.09	-2.898	0	0	0	0	0	0	0	0	0	0	0	0	0	0	0	0	0	0	0	0	0	0	0	0	0	0	0	0	0	0
19.99	-2.648	-7.393	-7.274	-7.295	-5.491	-6.518	-6.412	-7.117	-3.65	-4.61	-7.001	-4.582	-5.689	-5.658	-7.42	-5.651	-2.563	-5.972	-2.435	-3.789	0	0	0	0	0	0	0	0	0	0	0	0	0	0	0	0	0	0	0	0	0	0	0	0	0	0	0	0	0	0
20	-2.792	-7.348	-7.289	-7.281	-5.24	-6.644	-6.729	-7.198	-3.563	-4.387	-6.704	-4.29	-5.902	-3.952	-7.437	-2.491	-2.628	-6.402	-2.505	-3.377	0	0	0	0	0	0	0	0	0	0	0	0	0	0	0	0	0	0	0	0	0	0	0	0	0	0	0	0	0	0
20.01	-3.074	-7.249	-7.064	-2.823	-4.881	-7.016	-2.801	-7.319	-6.697	-6.301	-4.286	-6.449	-6.57	-3.958	-7.405	-4.636	-2.561	-5.717	-7.507	-3.503	0	0	0	0	0	0	0	0	0	0	0	0	0	0	0	0	0	0	0	0	0	0	0	0	0	0	0	0	0	0
20.02	-3.042	-7.358	-7.255	-2.98	-5.617	-7.11	-2.649	-7.461	-6.918	-6.457	-4.555	-6.667	-6.449	-3.616	-7.441	-5.433	-2.791	-6.585	-7.505	-2.838	0	0	0	0	0	0	0	0	0	0	0	0	0	0	0	0	0	0	0	0	0	0	0	0	0	0	0	0	0	0
20.03	-3.218	-7.342	-7.2	-3.092	-5.154	-7.232	-2.554	-7.45	-6.884	-6.612	-4.913	-6.925	-6.641	-3.397	-7.409	-2.531	-6.274	-6.914	-3.132	-2.721	0	0	0	0	0	0	0	0	0	0	0	0	0	0	0	0	0	0	0	0	0	0	0	0	0	0	0	0	0	0
20.04	-3.582	-7.352	-7.189	-3.208	-5.281	-7.327	-2.49	-7.426	-6.943	-6.76	-5.304	-7.063	-6.798	-3.373	-7.45	-7.441	-6.525	-6.727	-3.083	-3.187	0	0	0	0	0	0	0	0	0	0	0	0	0	0	0	0	0	0	0	0	0	0	0	0	0	0	0	0	0	0
20.05	-3.774	-7.337	-7.192	-3.434	-5.434	-7.36	-2.536	-7.25	-7.05	-6.981	-5.681	-7.193	-6.984	-3.194	-7.468	-6.589	-5.366	-7.134	-3.106	-3.507	0	0	0	0	0	0	0	0	0	0	0	0	0	0	0	0	0	0	0	0	0	0	0	0	0	0	0	0	0	0
20.06	-3.838	-7.309	-7.149	-3.522	-5.516	-7.435	-2.705	-7.178	-7.093	-7.086	-6.022	-7.302	-7.1	-3.278	-7.429	-5.404	-3.508	-7.233	-3.204	-3.298	0	0	0	0	0	0	0	0	0	0	0	0	0	0	0	0	0	0	0	0	0	0	0	0	0	0	0	0	0	0
20.07	-3.551	-7.316	-7.355	-3.628	-5.667	-7.447	-2.864	-7.028	-7.292	-7.194	-6.303	-7.407	-7.196	-3.204	-7.47	-3.038	-2.832	-2.552	-3.201	-3.915	0	0	0	0	0	0	0	0	0	0	0	0	0	0	0	0	0	0	0	0	0	0	0	0	0	0	0	0	0	0
20.08	-4.464	-7.307	-7.121	-3.773	-5.765	-7.449	-3.149	-6.846	-7.232	-7.28	-6.646	-7.516	-7.262	-3.145	-7.454	-7.474	-3.348	-2.798	-3.099	-3.041	0	0	0	0	0	0	0	0	0	0	0	0	0	0	0	0	0	0	0	0	0	0	0	0	0	0	0	0	0	0
20.09	-4.615	-7.281	-7.297	-3.929	-6.173	-7.433	-3.474	-6.596	-7.279	-7.412	-6.919	-7.534	-7.051	-3.16	-7.459	-7.493	-2.796	-2.868	-3.119	-3.52	0	0	0	0	0	0	0	0	0	0	0	0	0	0	0	0	0	0	0	0	0	0	0	0	0	0	0	0	0	0
20.1	-4.941	-7.305	-7.095	-4.085	-6.021	-7.433	-4.432	-6.365	-7.334	-7.385	-7.1	-7.499	-7.473	-3	-7.412	-3.013	-2.655	-3.747	-5.334	-4.105	0	0	0	0	0	0	0	0	0	0	0	0	0	0	0	0	0	0	0	0	0	0	0	0	0	0	0	0	0	0
20.11	-5.829	-2.536	-6.828	-4.058	-3.632	-2.72	-4.346	-4.369	-7.306	-2.901	-7.397	-7.409	-7.542	-7.376	-4.102	-5.81	-7.118	-6.21	-4.065	-5.031	0	0	0	0	0	0	0	0	0	0	0	0	0	0	0	0	0	0	0	0	0	0	0	0	0	0	0	0	0	0
20.12	-5.67	-2.544	-7.007	-4.587	-3.538	-2.78	-5.151	-4.647	-7.458	-2.588	-7.47	-7.167	-7.548	-7.13	-6.081	-6.987	-7.369	-5.606	-4.403	-3.364	0	0	0	0	0	0	0	0	0	0	0	0	0	0	0	0	0	0	0	0	0	0	0	0	0	0	0	0	0	0
20.13	-5.963	-2.602	-6.99	-4.793	-3.382	-2.944	-5.609	-5.294	-7.516	-2.86	-7.442	-6.968	-7.551	-7.154	-7.433	-7.371	-7.167	-6.06	-4.347	-7.363	0	0	0	0	0	0	0	0	0	0	0	0	0	0	0	0	0	0	0	0	0	0	0	0	0	0	0	0	0	0
20.14	-6.343	-2.547	-6.961	-4.925	-3.354	-3.061	-6.005	-5.819	-7.513	-2.718	-7.377	-6.659	-7.519	-7.179	-7.504	-3.146	-2.597	-5.63	-7.467	-7.275	0	0	0	0	0	0	0	0	0	0	0	0	0	0	0	0	0	0	0	0	0	0	0	0	0	0	0	0	0	0
20.15	-6.192	-2.622	-6.892	-5.135	-3.211	-3.276	-6.414	-5.588	-7.509	-2.812	-7.216	-6.563	-7.415	-7.198	-7.464	-4.38	-2.755	-5.96	-7.483	-7.096	0	0	0	0	0	0	0	0	0	0	0	0	0	0	0	0	0	0	0	0	0	0	0	0	0	0	0	0	0	0
20.16	-6.382	-2.637	-6.854	-5.315	-3.165	-3.402	-6.668	-5.909	-7.521	-2.906	-6.992	-6.283	-7.399	-7.251	-2.994	-6.377	-2.806	-2.533	-4.284	-2.536	0	0	0	0	0	0	0	0	0	0	0	0	0	0	0	0	0	0	0	0	0	0	0	0	0	0	0	0	0	0
20.17	-6.578	-2.635	-6.888	-5.472	-3.066	-3.588	-7.23	-6.206	-7.578	-3.004	-6.711	-5.968	-7.253	-7.274	-7.406	-7.492	-2.888	-2.564	-2.911	-2.505	0	0	0	0	0	0	0	0	0	0	0	0	0	0	0	0	0	0	0	0	0	0	0	0	0	0	0	0	0	0
20.18	-6.772	-2.678	-6.811	-5.649	-3.058	-3.738	-7.168	-6.479	-7.132	-3.12	-6.341	-5.657	-7.204	-7.262	-7.461	-7.521	-5.516	-2.939	-7.025	-2.498	0	0	0	0	0	0	0	0	0	0	0	0	0	0	0	0	0	0	0	0	0	0	0	0	0	0	0	0	0	0
20.19	-6.959	-2.711	-6.825	-5.824	-3.001	-3.989	-7.392	-6.632	-7.549	-3.373	-6.038	-5.373	-7.07	-7.317	-7.39	-7.416	-6.138	-2.985	-6.268	-2.477	0	0	0	0	0	0	0	0	0	0	0	0	0	0	0	0	0	0	0	0	0	0	0	0	0	0	0	0	0	0
20.2	-7.045	-2.75	-6.835	-5.963	-2.849	-4.132	-7.477	-6.835	-7.52	-3.485	-5.67	-5.056	-6.953	-7.329	-7.4	-2.857	-7.55	-2.55	-2.482	-2.457	0	0	0	0	0	0	0	0	0	0	0	0	0	0	0	0	0	0	0	0	0	0	0	0	0	0	0	0	0	0
20.21	-2.443	-3.06	-3.29	-3.295	-7.294	-5.401	-2.696	-2.85	-7.53	-6.183	-5.437	-5.857	-6.669	-2.646	-7.337	-3.692	-4.238	-3.826	-2.57	-2.617	0	0	0	0	0	0	0	0	0	0	0	0	0	0	0	0	0	0	0	0	0	0	0	0	0	0	0	0	0	0
20.22	-2.412	-2.898	-2.967	-3.611	-7.303	-5.185	-2.901	-2.736	-7.498	-5.526	-5.752	-6.095	-6.412	-2.7	-7.513	-3.884	-3.64	-3.466	-2.534	-7.08	0	0	0	0	0	0	0	0	0	0	0	0	0	0	0	0	0	0	0	0	0	0	0	0	0	0	0	0	0	0
20.23	-2.393	-2.885	-3.405	-3.495	-7.36	-4.95	-3.261	-2.581	-7.374	-5.897	-6.124	-6.348	-6.257	-2.558	-6.815	-7.275	-6.971	-5.669	-2.503	-7.333	0	0	0	0	0	0	0	0	0	0	0	0	0	0	0	0	0	0	0	0	0	0	0	0	0	0	0	0	0	0
20.24	-2.411	-3.021	-3.407	-3.248	-7.402	-4.77	-3.693	-2.567	-7.256	-5.68	-6.436	-6.562	-6.106	-2.653	-7.325	-7.387	-2.892	-6.504	-2.572	-7.307	0	0	0	0	0	0	0	0	0	0	0	0	0	0	0	0	0	0	0	0	0	0	0	0	0	0	0	0	0	0
20.25	-2.398	-2.96	-3.462	-3.263	-7.438	-4.564	-4.079	-2.567	-7.23	-5.526	-6.721	-6.759	-5.908	-2.643	-7.4	-7.373	-6.751	-2.569	-2.492	-7.363	0	0	0	0	0	0	0	0	0	0	0	0	0	0	0	0	0	0	0	0	0	0	0	0	0	0	0	0	0	0
20.26	-2.492	-3.117	-3.496	-3.115	-7.489	-4.341	-4.581	-2.58	-7.118	-5.249	-7.21	-7.066	-5.604	-2.624	-7.375	-7.418	-6.626	-2.749	-7.409	-3.394	0	0	0	0	0	0	0	0	0	0	0	0	0	0	0	0	0	0	0	0	0	0	0	0	0	0	0	0	0	0
20.27	-2.598	-3.118	-3.557	-3.027	-7.46	-4.233	-4.975	-2.609	-7.041	-5.037	-7.153	-7.171	-5.367	-2.637	-7.391	-7.426	-6.975	-2.549	-3.493	-3.237	0	0	0	0	0	0	0	0	0	0	0	0	0	0	0	0	0	0	0	0	0	0	0	0	0	0	0	0	0	0
20.28	-2.74	-3.25	-3.581	-2.934	-7.515	-3.996	-5.499	-2.899	-6.919	-4.883	-7.33	-7.307	-5.083	-2.603	-7.379	-2.94	-5.847	-2.529	-3.869	-6.022	0	0	0	0	0	0	0	0	0	0	0	0	0	0	0	0	0	0	0	0	0	0	0	0	0	0	0	0	0	0
20.29	-2.971	-3.326	-3.652	-2.75	-7.479	-3.818	-5.93	-2.86	-6.785	-4.725	-7.516	-7.396	-4.812	-2.623	-7.38	-2.845	-5.703	-2.559	-3.29	-5.358	0	0	0	0	0	0	0	0	0	0	0	0	0	0	0	0	0	0	0	0	0	0	0	0	0	0	0	0	0	0
20.3	-2.831	-3.432	-3.681	-2.831	-7.48	-3.642	-6.283	-3.056	-6.627	-4.417	-7.495	-7.506	-4.585	-2.601	-7.379	-3.58	-5.84	-2.629	-3.917	-6.259	0	0	0	0	0	0	0	0	0	0	0	0	0	0	0	0	0	0	0	0	0	0	0	0	0	0	0	0	0	0
20.31	-6.476	-3.892	-6.252	-7.279	-2.608	-6.731	-2.999	-6.578	-4.051	-6.114	-2.795	-7.504	-5.881	-4.873	-2.659	-3.856	-7.462	-2.554	-2.525	-3.172	0	0	0	0	0	0	0	0	0	0	0	0	0	0	0	0	0	0	0	0	0	0	0	0	0	0	0	0	0	0
20.32	-6.196	-3.604	-6.008	-7.331	-2.604	-6.716	-2.81	-6.356	-3.993	-6.272	-2.935	-7.371	-6.402	-2.594	-2.691	-4.436	-7.207	-3.249	-7.198	-3.62	0	0	0	0	0	0	0	0	0	0	0	0	0	0	0	0	0	0	0	0	0	0	0	0	0	0	0	0	0	0
20.33	-6.115	-3.607	-5.932	-7.374	-2.699	-6.861	-2.66	-5.545	-4.137	-6.845	-3.17	-7.231	-6.114	-2.622	-2.66	-4.129	-2.662	-4.561	-4.463	-3.035	0	0	0	0	0	0	0	0	0	0	0	0	0	0	0	0	0	0	0	0	0	0	0	0	0	0	0	0	0	0
20.34	-5.796	-3.802	-5.87	-7.346	-2.976	-6.976	-2.549	-5.824	-4.207	-6.604	-3.489	-7.001	-6.816	-2.62	-2.695	-7.363	-2.649	-3.974	-5.675	-2.949	0	0	0	0	0	0	0	0	0	0	0	0	0	0	0	0	0	0	0	0	0	0	0	0	0	0	0	0	0	0
20.35	-5.772	-3.836	-5.946	-7.418	-2.885	-7.093	-2.552	-5.556	-4.414	-6.779	-3.875	-6.784	-7.066	-2.622	-2.633	-7.554	-2.656	-7.158	-2.723	-5.649	0	0	0	0	0	0	0	0	0	0	0	0	0	0	0	0	0	0	0	0	0	0	0	0	0	0	0	0	0	0
20.36	-5.275	-3.927	-5.818	-7.462	-3.036	-7.142	-2.685	-5.245	-4.584	-6.876	-4.204	-6.507	-7.226	-2.603	-2.734	-3.724	-2.633	-7.518	-7.137	-5.872	0	0	0	0	0	0	0	0	0	0	0	0	0	0	0	0	0	0	0	0	0	0	0	0	0	0	0	0	0	0
20.37	-4.917	-3.939	-5.762	-7.482	-3.543	-7.223	-2.677	-4.985	-4.724	-7.01	-4.739	-6.198	-7.333	-2.736	-2.701	-4.991	-2.689	-4.895	-5.474	-6.106	0	0	0	0	0	0	0	0	0	0	0	0	0	0	0	0	0	0	0	0	0	0	0	0	0	0	0	0	0	0
20.38	-4.793	-4.088	-5.687	-7.501	-3.235	-7.289	-3.073	-4.588	-4.885	-7.086	-5.032	-5.83	-7.43	-2.633	-2.792	-7.56	-2.809	-4.181	-2.925	-5.508	0	0	0	0	0	0	0	0	0	0	0	0	0	0	0	0	0	0	0	0	0	0	0	0	0	0	0	0	0	0
20.39	-4.473	-4.059	-5.835	-7.486	-3.42	-7.39	-3.345	-4.373	-5.002	-7.378	-5.458	-5.475	-7.516	-2.65	-2.574	-7.51	-3.184	-4.663	-7.338	-5.447	0	0	0	0	0	0	0	0	0	0	0	0	0	0	0	0	0	0	0	0	0	0	0	0	0	0	0	0	0	0
20.4	-4.19	-4.122	-5.667	-7.479	-3.525	-7.4	-3.768	-4.045	-5.223	-7.292	-6.031	-5.134	-7.581	-2.773	-2.807	-3.605	-2.679	-5.171	-7.441	-3.326	0	0	0	0	0	0	0	0	0	0	0	0	0	0	0	0	0	0	0	0	0	0	0	0	0	0	0	0	0	0
20.41	-6.033	-5.629	-5.2	-2.58	-3.452	-7.409	-5.512	-6.66	-5.254	-2.645	-3.414	-4.335	-7.485	-2.638	-2.83	-5.679	-3.944	-4.927	-7.533	-5.399	0	0	0	0	0	0	0	0	0	0	0	0	0	0	0	0	0	0	0	0	0	0	0	0	0	0	0	0	0	0
20.42	-6.65	-5.611	-5.52	-2.584	-3.932	-7.458	-5.05	-6.798	-5.677	-2.603	-3.299	-3.862	-7.476	-2.608	-2.963	-5.836	-3.172	-6.228	-7.535	-5.345	0	0	0	0	0	0	0	0	0	0	0	0	0	0	0	0	0	0	0	0	0	0	0	0	0	0	0	0	0	0
20.43	-6.461	-6.14	-5.438	-2.66	-4.168	-7.486	-4.605	-6.995	-5.852	-2.59	-3.032	-3.562	-7.436	-2.622	-2.881	-7.074	-2.819	-2.887	-6.701	-5.271	0	0	0	0	0	0	0	0	0	0	0	0	0	0	0	0	0	0	0	0	0	0	0	0	0	0	0	0	0	0
20.44	-6.745	-5.481	-5.476	-2.66	-4.402	-7.464	-4.232	-6.985	-5.994	-2.607	-2.822	-3.31	-7.3	-2.627	-3.011	-6.232	-2.988	-7.55	-2.794	-2.509	0	0	0	0	0	0	0	0	0	0	0	0	0	0	0	0	0	0	0	0	0	0	0	0	0	0	0	0	0	0
20.45	-7.071	-5.498	-5.482	-2.681	-4.51	-7.418	-3.895	-7.183	-6.325	-2.601	-2.696	-2.826	-7.246	-2.605	-7.337	-2.802	-3.502	-7.507	-6.344	-2.565	0	0	0	0	0	0	0	0	0	0	0	0	0	0	0	0	0	0	0	0	0	0	0	0	0	0	0	0	0	0
20.46	-7.23	-5.408	-5.335	-2.708	-4.666	-7.419	-3.602	-7.339	-6.181	-2.646	-2.626	-2.917	-7.128	-2.626	-7.509	-7.1	-2.842	-7.484	-4.17	-2.643	0	0	0	0	0	0	0	0	0	0	0	0	0	0	0	0	0	0	0	0	0	0	0	0	0	0	0	0	0	0
20.47	-7.358	-5.374	-5.328	-2.755	-4.86	-4.164	-3.274	-7.43	-6.286	-2.743	-2.649	-2.749	-6.991	-2.619	-7.258	-6.365	-3.412	-7.47	-4.196	-2.513	0	0	0	0	0	0	0	0	0	0	0	0	0	0	0	0	0	0	0	0	0	0	0	0	0	0	0	0	0	0
20.48	-7.403	-5.354	-5.354	-2.807	-5.007	-7.281	-3.085	-7.547	-6.448	-2.832	-2.733	-2.651	-6.766	-2.636	-7.454	-6.547	-6.536	-3.875	-6.542	-6.945	0	0	0	0	0	0	0	0	0	0	0	0	0	0	0	0	0	0	0	0	0	0	0	0	0	0	0	0	0	0
20.49	-7.428	-5.336	-5.262	-2.809	-5.12	-7.16	-2.836	-7.519	-6.972	-2.888	-2.958	-2.622	-6.586	-2.605	-7.169	-6.933	-7.512	-4.771	-2.476	-4.726	0	0	0	0	0	0	0	0	0	0	0	0	0	0	0	0	0	0	0	0	0	0	0	0	0	0	0	0	0	0
20.5	-7.375	-5.269	-5.222	-2.869	-5.272	-7.127	-2.731	-7.47	-6.679	-2.95	-3.121	-2.611	-6.438	-2.613	-7.094	-2.78	-7.402	-3.887	-3.942	-3.451	0	0	0	0	0	0	0	0	0	0	0	0	0	0	0	0	0	0	0	0	0	0	0	0	0	0	0	0	0	0
20.51	-7.289	-4.721	-4.77	-7.053	-5.276	-7.047	-7.496	-7.337	-6.654	-6.877	-6.236	-7.17	-5.925	-2.693	-3.186	-3.226	-2.778	-4.42	-5.705	-7.225	0	0	0	0	0	0	0	0	0	0	0	0	0	0	0	0	0	0	0	0	0	0	0	0	0	0	0	0	0	0
20.52	-7.397	-4.664	-4.827	-7.059	-5.893	-6.695	-7.54	-6.975	-6.968	-6.849	-5.894	-7.031	-5.789	-2.706	-3.034	-5.138	-2.704	-7.362	-5.775	-7.39	0	0	0	0	0	0	0	0	0	0	0	0	0	0	0	0	0	0	0	0	0	0	0	0	0	0	0	0	0	0
20.53	-7.293	-4.691	-4.713	-6.986	-6.052	-6.013	-7.445	-6.637	-7.011	-6.536	-5.448	-6.756	-5.491	-2.693	-3.213	-6.37	-2.83	-7.521	-5.066	-7.297	0	0	0	0	0	0	0	0	0	0	0	0	0	0	0	0	0	0	0	0	0	0	0	0	0	0	0	0	0	0
20.54	-7.299	-4.734	-4.901	-7.055	-6.215	-6.334	-7.31	-6.508	-7.126	-6.521	-5.097	-6.475	-5.365	-2.715	-3.095	-6.57	-2.632	-7.544	-3.155	-7.166	0	0	0	0	0	0	0	0	0	0	0	0	0	0	0	0	0	0	0	0	0	0	0	0	0	0	0	0	0	0
20.55	-6.931	-4.161	-4.494	-7.055	-6.373	-6.121	-7.193	-6.207	-7.19	-6.407	-4.653	-6.086	-5.199	-2.745	-3.217	-7.484	-2.959	-6.685	-7.082	-2.46	0	0	0	0	0	0	0	0	0	0	0	0	0	0	0	0	0	0	0	0	0	0	0	0	0	0	0	0	0	0
20.56	-6.997	-4.763	-4.938	-7.035	-6.5	-5.997	-7.015	-5.957	-7.164	-6.229	-4.187	-5.802	-4.856	-2.797	-3.445	-7.278	-2.765	-6.966	-2.853	-2.495	0	0	0	0	0	0	0	0	0	0	0	0	0	0	0	0	0	0	0	0	0	0	0	0	0	0	0	0	0	0
20.57	-6.592	-4.841	-4.917	-7.022	-6.617	-5.781	-6.819	-5.655	-7.28	-6.006	-3.848	-5.39	-4.652	-2.798	-3.533	-7.576	-7.451	-6.706	-4.857	-2.489	0	0	0	0	0	0	0	0	0	0	0	0	0	0	0	0	0	0	0	0	0	0	0	0	0	0	0	0	0	0
20.58	-6.765	-4.813	-5.051	-7.04	-6.803	-5.577	-6.587	-5.317	-7.317	-5.812	-3.465	-5.098	-4.467	-2.823	-3.608	-3.325	-7.443	-5.796	-6.106	-6.95	0	0	0	0	0	0	0	0	0	0	0	0	0	0	0	0	0	0	0	0	0	0	0	0	0	0	0	0	0	0
20.59	-6.293	-4.921	-3.862	-6.994	-6.96	-5.354	-6.323	-4.978	-7.375	-5.635	-3.222	-4.762	-4.263	-2.898	-3.722	-3.441	-7.478	-6.016	-5.896	-7.088	0	0	0	0	0	0	0	0	0	0	0	0	0	0	0	0	0	0	0	0	0	0	0	0	0	0	0	0	0	0
20.6	-6.501	-4.994	-5.089	-7.044	-7.07	-5.138	-5.679	-4.677	-7.365	-5.447	-2.981	-4.347	-4.087	-2.776	-3.756	-3.097	-3.561	-2.601	-4.859	-7.02	0	0	0	0	0	0	0	0	0	0	0	0	0	0	0	0	0	0	0	0	0	0	0	0	0	0	0	0	0	0
20.61	-3.909	-5.538	-5.526	-2.964	-2.759	-5.428	-5.863	-5.965	-7.47	-5.434	-2.711	-3.95	-5.379	-3.265	-6.231	-6.562	-4.809	-2.702	-5.852	-4.6	0	0	0	0	0	0	0	0	0	0	0	0	0	0	0	0	0	0	0	0	0	0	0	0	0	0	0	0	0	0
20.62	-4.152	-5.263	-5.141	-2.99	-2.682	-5.669	-5.161	-6.287	-7.505	-5.43	-2.665	-3.45	-6.756	-3.158	-5.637	-5.524	-5.938	-3.032	-6.873	-4.997	0	0	0	0	0	0	0	0	0	0	0	0	0	0	0	0	0	0	0	0	0	0	0	0	0	0	0	0	0	0
20.63	-4.355	-5.269	-5.159	-3.438	-2.639	-5.867	-4.888	-6.515	-7.503	-5.594	-2.732	-3.201	-6.871	-3.219	-5.953	-2.571	-5.629	-4.07	-2.538	-3.667	0	0	0	0	0	0	0	0	0	0	0	0	0	0	0	0	0	0	0	0	0	0	0	0	0	0	0	0	0	0
20.64	-4.769	-5.366	-5.162	-3.04	-2.532	-6.034	-4.642	-6.769	-7.574	-5.853	-2.906	-3.052	-7.038	-3.337	-5.978	-2.548	-3.226	-4.917	-7.336	-4.19	0	0	0	0	0	0	0	0	0	0	0	0	0	0	0	0	0	0	0	0	0	0	0	0	0	0	0	0	0	0
20.65	-5.297	-5.555	-5.014	-3.2	-2.507	-6.292	-4.38	-6.944	-7.536	-6.546	-3.114	-2.841	-7.206	-3.462	-5.756	-4.24	-3.75	-5.443	-3.36	-3.362	0	0	0	0	0	0	0	0	0	0	0	0	0	0	0	0	0	0	0	0	0	0	0	0	0	0	0	0	0	0
20.66	-5.528	-5.685	-5.161	-3.039	-2.526	-6.475	-4.081	-7.108	-7.524	-6.216	-3.428	-2.825	-7.263	-3.277	-5.689	-7.042	-4.193	-4.864	-5.747	-3.885	0	0	0	0	0	0	0	0	0	0	0	0	0	0	0	0	0	0	0	0	0	0	0	0	0	0	0	0	0	0
20.67	-5.569	-5.827	-5.136	-3.041	-2.638	-6.643	-3.875	-7.298	-7.552	-6.411	-3.81	-2.684	-7.353	-3.647	-5.537	-7.053	-7.562	-2.675	-5.748	-3.108	0	0	0	0	0	0	0	0	0	0	0	0	0	0	0	0	0	0	0	0	0	0	0	0	0	0	0	0	0	0
20.68	-5.909	-5.857	-5.432	-3.026	-2.546	-6.776	-3.655	-7.393	-7.545	-6.672	-4.214	-2.636	-7.449	-3.826	-5.265	-7.019	-7.534	-2.645	-3.091	-4.265	0	0	0	0	0	0	0	0	0	0	0	0	0	0	0	0	0	0	0	0	0	0	0	0	0	0	0	0	0	0
20.69	-5.768	-6.064	-5.521	-3.016	-2.634	-6.898	-3.091	-7.488	-7.502	-6.773	-4.582	-2.664	-7.529	-3.934	-5.438	-7.291	-3.106	-2.96	-3.016	-4.008	0	0	0	0	0	0	0	0	0	0	0	0	0	0	0	0	0	0	0	0	0	0	0	0	0	0	0	0	0	0
20.7	-6.17	-6.188	-5.103	-3.217	-2.709	-6.988	-3.308	-7.677	-7.519	-6.913	-4.963	-2.686	-7.531	-4.08	-5.271	-5.711	-3.505	-2.803	-2.597	-4.408	0	0	0	0	0	0	0	0	0	0	0	0	0	0	0	0	0	0	0	0	0	0	0	0	0	0	0	0	0	0
20.71	-6.889	-3.38	-4.949	-7.086	-7.178	-2.528	-7.222	-7.529	-7.51	-7.241	-3.482	-2.8	-7.536	-4.591	-4.879	-7.452	-7.277	-7.494	-7.561	-4.256	0	0	0	0	0	0	0	0	0	0	0	0	0	0	0	0	0	0	0	0	0	0	0	0	0	0	0	0	0	0
20.72	-6.909	-3.318	-4.837	-7.092	-7.053	-2.613	-7.327	-7.389	-7.428	-7.373	-3.934	-3.053	-7.597	-4.541	-5.032	-4.551	-6.604	-3.409	-7.43	-3.892	0	0	0	0	0	0	0	0	0	0	0	0	0	0	0	0	0	0	0	0	0	0	0	0	0	0	0	0	0	0
20.73	-6.965	-3.221	-4.884	-6.727	-6.922	-2.574	-7.401	-7.227	-7.399	-7.452	-3.695	-3.27	-7.563	-4.727	-5.144	-7.166	-7.274	-3.687	-2.704	-4.072	0	0	0	0	0	0	0	0	0	0	0	0	0	0	0	0	0	0	0	0	0	0	0	0	0	0	0	0	0	0
20.74	-7.259	-3.033	-4.887	-7.098	-6.749	-2.471	-7.501	-6.989	-7.342	-7.539	-3.42	-3.425	-7.552	-5.04	-5.155	-2.572	-3.66	-4.151	-4.727	-6.968	0	0	0	0	0	0	0	0	0	0	0	0	0	0	0	0	0	0	0	0	0	0	0	0	0	0	0	0	0	0
20.75	-7.062	-2.939	-4.976	-7.132	-6.546	-2.443	-7.441	-6.561	-7.375	-7.584	-3.196	-3.711	-7.463	-4.649	-5.192	-6.176	-3.746	-3.81	-5.998	-6.343	0	0	0	0	0	0	0	0	0	0	0	0	0	0	0	0	0	0	0	0	0	0	0	0	0	0	0	0	0	0
20.76	-7.275	-2.828	-5.129	-7.124	-6.412	-2.444	-7.522	-6.467	-7.353	-7.579	-2.991	-3.913	-7.423	-5.478	-5.142	-5.571	-3.632	-3.532	-5.905	-6.361	0	0	0	0	0	0	0	0	0	0	0	0	0	0	0	0	0	0	0	0	0	0	0	0	0	0	0	0	0	0
20.77	-7.378	-2.761	-4.934	-7.148	-6.153	-2.446	-7.457	-6.16	-7.275	-7.583	-2.861	-4.198	-7.378	-5.505	-5.373	-3.229	-4.626	-5.238	-6.032	-2.626	0	0	0	0	0	0	0	0	0	0	0	0	0	0	0	0	0	0	0	0	0	0	0	0	0	0	0	0	0	0
20.78	-7.317	-2.649	-4.933	-7.122	-5.967	-2.453	-7.332	-5.818	-7.267	-7.497	-2.751	-4.501	-7.343	-5.76	-5.368	-7.584	-6.626	-4.145	-2.508	-2.602	0	0	0	0	0	0	0	0	0	0	0	0	0	0	0	0	0	0	0	0	0	0	0	0	0	0	0	0	0	0
20.79	-7.417	-2.579	-5.07	-7.13	-5.687	-2.51	-7.26	-4.796	-7.243	-7.439	-2.708	-4.696	-7.207	-5.9	-5.291	-3.141	-6.686	-4.39	-6.793	-2.63	0	0	0	0	0	0	0	0	0	0	0	0	0	0	0	0	0	0	0	0	0	0	0	0	0	0	0	0	0	0
20.8	-7.31	-2.621	-5.007	-7.141	-5.484	-2.529	-7.092	-5.105	-7.184	-7.354	-2.655	-4.919	-7.105	-6.198	-5.491	-6.32	-2.892	-3.874	-5.609	-2.804	0	0	0	0	0	0	0	0	0	0	0	0	0	0	0	0	0	0	0	0	0	0	0	0	0	0	0	0	0	0
20.81	-2.445	-2.485	-4.649	-7.322	-5.202	-2.519	-6.791	-4.563	-7.312	-3.429	-7.351	-5.417	-6.631	-6.754	-5.046	-3.489	-7.144	-2.53	-3.561	-2.645	0	0	0	0	0	0	0	0	0	0	0	0	0	0	0	0	0	0	0	0	0	0	0	0	0	0	0	0	0	0
20.82	-2.65	-2.477	-5.07	-7.166	-5.34	-2.859	-6.272	-3.871	-7.056	-3.407	-7.354	-5.75	-6.747	-6.707	-4.472	-7.404	-7.291	-2.613	-5.523	-3.138	0	0	0	0	0	0	0	0	0	0	0	0	0	0	0	0	0	0	0	0	0	0	0	0	0	0	0	0	0	0
20.83	-2.826	-2.472	-5.118	-7.113	-5.552	-2.962	-5.765	-3.483	-6.582	-3.585	-7.207	-5.991	-6.602	-6.808	-4.346	-4.447	-7.266	-2.553	-5.335	-3.547	0	0	0	0	0	0	0	0	0	0	0	0	0	0	0	0	0	0	0	0	0	0	0	0	0	0	0	0	0	0
20.84	-2.831	-2.521	-5.107	-7.076	-5.822	-3.119	-5.598	-3.198	-7.01	-3.853	-6.949	-6.27	-6.433	-5.754	-4.711	-3.549	-6.979	-3.257	-3.861	-3.119	0	0	0	0	0	0	0	0	0	0	0	0	0	0	0	0	0	0	0	0	0	0	0	0	0	0	0	0	0	0
20.85	-2.982	-2.54	-5.186	-7.092	-5.971	-3.296	-5.31	-2.741	-6.975	-4.038	-6.751	-6.493	-6.337	-7.304	-4.353	-4.669	-7.371	-4.13	-7.394	-7.341	0	0	0	0	0	0	0	0	0	0	0	0	0	0	0	0	0	0	0	0	0	0	0	0	0	0	0	0	0	0
20.86	-3.13	-2.624	-5.362	-7.086	-6.184	-3.456	-5.125	-2.797	-6.952	-4.235	-6.536	-6.626	-6.221	-3.066	-4.441	-7.08	-7.024	-4.506	-7.15	-7.11	0	0	0	0	0	0	0	0	0	0	0	0	0	0	0	0	0	0	0	0	0	0	0	0	0	0	0	0	0	0
20.87	-3.231	-2.633	-5.233	-7.064	-6.504	-3.641	-4.687	-2.61	-6.938	-5.089	-6.27	-6.812	-6.027	-3.445	-4.302	-5.527	-2.706	-4.343	-7.132	-7.157	0	0	0	0	0	0	0	0	0	0	0	0	0	0	0	0	0	0	0	0	0	0	0	0	0	0	0	0	0	0
20.88	-3.585	-2.739	-5.329	-7.031	-6.544	-3.891	-4.431	-2.618	-6.839	-4.736	-5.986	-7.017	-6.162	-2.914	-4.368	-7.464	-2.71	-5.324	-6.831	-2.45	0	0	0	0	0	0	0	0	0	0	0	0	0	0	0	0	0	0	0	0	0	0	0	0	0	0	0	0	0	0
20.89	-3.335	-2.833	-5.272	-7.018	-7.067	-4.044	-4.195	-2.606	-6.839	-5.015	-5.691	-7.137	-5.717	-2.841	-4.571	-4.42	-2.658	-3.004	-6.6	-5.596	0	0	0	0	0	0	0	0	0	0	0	0	0	0	0	0	0	0	0	0	0	0	0	0	0	0	0	0	0	0
20.9	-3.766	-2.917	-5.348	-6.967	-6.899	-4.39	-3.865	-2.717	-6.87	-5.238	-5.455	-7.269	-5.518	-2.987	-4.168	-3.004	-2.62	-3.722	-6.969	-5.167	0	0	0	0	0	0	0	0	0	0	0	0	0	0	0	0	0	0	0	0	0	0	0	0	0	0	0	0	0	0
20.91	-5.981	-6.751	-4.679	-3.123	-2.876	-5.195	-3.555	-6.969	-7.016	-5.478	-6.019	-7.357	-4.864	-2.625	-5.185	-7.413	-2.591	-6.76	-6.46	-5.019	0	0	0	0	0	0	0	0	0	0	0	0	0	0	0	0	0	0	0	0	0	0	0	0	0	0	0	0	0	0
20.92	-5.495	-6.719	-4.519	-3.25	-2.748	-5.132	-3.121	-6.567	-6.831	-6.045	-5.852	-7.545	-5.304	-2.673	-6.369	-6.799	-2.613	-6.703	-2.778	-3.223	0	0	0	0	0	0	0	0	0	0	0	0	0	0	0	0	0	0	0	0	0	0	0	0	0	0	0	0	0	0
20.93	-5.089	-6.685	-4.52	-3.321	-2.655	-4.505	-2.944	-6.201	-6.875	-6.206	-6.239	-7.517	-5.471	-2.68	-6.471	-7.319	-2.722	-7.138	-3.021	-3.569	0	0	0	0	0	0	0	0	0	0	0	0	0	0	0	0	0	0	0	0	0	0	0	0	0	0	0	0	0	0
20.94	-5.15	-6.559	-4.459	-3.418	-2.565	-4.432	-2.801	-5.818	-6.861	-6.452	-6.394	-7.57	-5.666	-2.627	-6.469	-3.494	-2.686	-7.419	-3.48	-3.147	0	0	0	0	0	0	0	0	0	0	0	0	0	0	0	0	0	0	0	0	0	0	0	0	0	0	0	0	0	0
20.95	-5.01	-6.849	-4.395	-3.599	-2.588	-4.277	-2.706	-5.386	-6.827	-6.658	-6.675	-6.971	-5.783	-2.697	-6.626	-4.807	-6.79	-7.459	-2.894	-2.827	0	0	0	0	0	0	0	0	0	0	0	0	0	0	0	0	0	0	0	0	0	0	0	0	0	0	0	0	0	0
20.96	-4.86	-6.378	-4.252	-3.516	-2.537	-4.005	-2.619	-4.969	-6.855	-6.817	-6.865	-7.481	-5.078	-2.703	-6.764	-6.872	-4.541	-7.495	-3.541	-3.587	0	0	0	0	0	0	0	0	0	0	0	0	0	0	0	0	0	0	0	0	0	0	0	0	0	0	0	0	0	0
20.97	-4.583	-6.199	-4.175	-3.631	-2.549	-3.825	-2.573	-4.561	-6.868	-6.969	-7.034	-7.17	-6.063	-2.719	-6.867	-2.719	-5.428	-3.574	-3.704	-3.036	0	0	0	0	0	0	0	0	0	0	0	0	0	0	0	0	0	0	0	0	0	0	0	0	0	0	0	0	0	0
20.98	-4.435	-6.163	-4.166	-3.688	-2.584	-3.566	-2.628	-3.939	-6.811	-7.27	-7.26	-7.288	-5.572	-2.767	-6.935	-7.488	-5.109	-5.211	-4.192	-4.094	0	0	0	0	0	0	0	0	0	0	0	0	0	0	0	0	0	0	0	0	0	0	0	0	0	0	0	0	0	0
20.99	-4.16	-6.059	-4.05	-3.845	-2.662	-3.413	-2.691	-3.814	-6.796	-7.245	-7.339	-7.211	-6.175	-2.784	-6.953	-5.931	-4.939	-6.51	-6.663	-3.752	0	0	0	0	0	0	0	0	0	0	0	0	0	0	0	0	0	0	0	0	0	0	0	0	0	0	0	0	0	0
21	-4.069	-5.915	-3.905	-3.918	-2.725	-3.244	-2.805	-3.493	-6.875	-7.363	-7.509	-7.103	-6.33	-2.853	-7.084	-3.309	-4.128	-6.89	-2.511	-3.6	0	0	0	0	0	0	0	0	0	0	0	0	0	0	0	0	0	0	0	0	0	0	0	0	0	0	0	0	0	0
21.01	-6.32	-5.326	-4.212	-3.733	-2.815	-3.123	-6.94	-7.309	-6.732	-7.517	-7.557	-3.87	-3.822	-7.46	-3.584	-3.005	-6.789	-7.406	-3.608	-3.176	0	0	0	0	0	0	0	0	0	0	0	0	0	0	0	0	0	0	0	0	0	0	0	0	0	0	0	0	0	0
21.02	-6.404	-5.619	-3.782	-4.214	-3.219	-2.777	-6.66	-7.345	-6.854	-7.606	-7.569	-3.718	-3.689	-7.445	-2.828	-2.825	-6.564	-7.299	-4.825	-3.02	0	0	0	0	0	0	0	0	0	0	0	0	0	0	0	0	0	0	0	0	0	0	0	0	0	0	0	0	0	0
21.03	-6.571	-5.593	-3.64	-4.308	-3.366	-2.572	-6.423	-7.505	-6.861	-7.609	-7.521	-3.926	-3.6	-7.242	-2.787	-7.082	-2.664	-2.957	-6.691	-3.167	0	0	0	0	0	0	0	0	0	0	0	0	0	0	0	0	0	0	0	0	0	0	0	0	0	0	0	0	0	0
21.04	-6.801	-5.486	-3.635	-4.463	-3.571	-2.54	-6.078	-7.591	-6.796	-7.455	-7.35	-4.124	-3.502	-7.158	-2.744	-4.853	-2.734	-3.745	-6.902	-3.19	0	0	0	0	0	0	0	0	0	0	0	0	0	0	0	0	0	0	0	0	0	0	0	0	0	0	0	0	0	0
21.05	-6.829	-5.413	-3.484	-4.63	-3.804	-2.474	-5.809	-7.492	-6.688	-7.405	-7.265	-4.385	-4.016	-7.147	-2.724	-2.606	-6.849	-2.974	-6.379	-7.014	0	0	0	0	0	0	0	0	0	0	0	0	0	0	0	0	0	0	0	0	0	0	0	0	0	0	0	0	0	0
21.06	-7.074	-5.315	-3.516	-4.658	-4.055	-2.461	-5.527	-7.485	-6.847	-7.283	-7.12	-4.525	-3.325	-7.104	-3.003	-6.38	-7.286	-6.053	-3.203	-6.901	0	0	0	0	0	0	0	0	0	0	0	0	0	0	0	0	0	0	0	0	0	0	0	0	0	0	0	0	0	0
21.07	-7.09	-5.284	-3.469	-4.794	-4.766	-2.494	-5.251	-7.356	-6.792	-7.151	-6.882	-4.746	-3.247	-7.024	-7.005	-5.237	-5.398	-6.313	-3.136	-6.608	0	0	0	0	0	0	0	0	0	0	0	0	0	0	0	0	0	0	0	0	0	0	0	0	0	0	0	0	0	0
21.08	-7.307	-5.27	-3.379	-4.927	-4.458	-2.547	-4.857	-7.196	-6.764	-6.935	-6.601	-5.072	-3.184	-6.992	-7.123	-2.99	-6.298	-6.016	-7.56	-7.146	0	0	0	0	0	0	0	0	0	0	0	0	0	0	0	0	0	0	0	0	0	0	0	0	0	0	0	0	0	0
21.09	-7.344	-5.152	-3.304	-5.75	-4.68	-2.684	-4.609	-6.89	-6.82	-6.644	-6.284	-5.245	-3.146	-6.979	-6.971	-6.774	-6.257	-5.888	-2.755	-2.557	0	0	0	0	0	0	0	0	0	0	0	0	0	0	0	0	0	0	0	0	0	0	0	0	0	0	0	0	0	0
21.1	-7.275	-5.095	-3.239	-5.82	-4.977	-2.788	-4.255	-6.594	-6.788	-6.361	-5.979	-5.347	-3.127	-6.906	-7.484	-7.614	-6.421	-5.417	-2.571	-2.517	0	0	0	0	0	0	0	0	0	0	0	0	0	0	0	0	0	0	0	0	0	0	0	0	0	0	0	0	0	0
21.11	-2.476	-5.031	-5.267	-4.07	-5.074	-6.719	-6.453	-6.203	-6.938	-5.178	-5.559	-5.575	-2.774	-6.807	-2.797	-2.856	-4.144	-3.504	-7.547	-2.6	0	0	0	0	0	0	0	0	0	0	0	0	0	0	0	0	0	0	0	0	0	0	0	0	0	0	0	0	0	0
21.12	-2.45	-5.128	-3.072	-4.047	-5.706	-6.519	-6.626	-5.564	-6.856	-4.88	-4.951	-6.095	-2.905	-7.009	-2.574	-4.226	-4.342	-3	-7.541	-2.591	0	0	0	0	0	0	0	0	0	0	0	0	0	0	0	0	0	0	0	0	0	0	0	0	0	0	0	0	0	0
21.13	-2.548	-5.062	-3.027	-3.735	-5.901	-6.194	-6.861	-5.218	-6.769	-5.256	-4.628	-6.295	-3.183	-6.896	-2.62	-6.469	-3.919	-7.487	-7.576	-2.8	0	0	0	0	0	0	0	0	0	0	0	0	0	0	0	0	0	0	0	0	0	0	0	0	0	0	0	0	0	0
21.14	-2.543	-5.127	-2.938	-3.906	-6.111	-5.875	-6.992	-4.763	-6.795	-5.491	-4.303	-6.508	-2.858	-6.903	-2.533	-4.812	-7.523	-2.617	-7.533	-2.777	0	0	0	0	0	0	0	0	0	0	0	0	0	0	0	0	0	0	0	0	0	0	0	0	0	0	0	0	0	0
21.15	-2.486	-5.268	-2.92	-3.821	-6.286	-5.624	-7.175	-4.394	-6.796	-5.835	-3.453	-6.673	-2.795	-6.891	-2.521	-3.55	-7.455	-3.316	-7.546	-2.693	0	0	0	0	0	0	0	0	0	0	0	0	0	0	0	0	0	0	0	0	0	0	0	0	0	0	0	0	0	0
21.16	-2.621	-5.352	-2.887	-3.282	-6.495	-5.28	-7.334	-4.148	-6.841	-6.176	-3.672	-6.879	-2.781	-6.873	-2.541	-7.391	-4.407	-6.08	-7.554	-7.471	0	0	0	0	0	0	0	0	0	0	0	0	0	0	0	0	0	0	0	0	0	0	0	0	0	0	0	0	0	0
21.17	-2.545	-5.39	-2.837	-3.653	-6.658	-4.91	-7.406	-3.788	-6.798	-6.78	-3.397	-7.05	-2.793	-6.84	-2.553	-7.433	-4.84	-6.382	-7.57	-7.189	0	0	0	0	0	0	0	0	0	0	0	0	0	0	0	0	0	0	0	0	0	0	0	0	0	0	0	0	0	0
21.18	-2.84	-5.356	-2.76	-3.593	-6.849	-4.561	-7.505	-3.545	-6.832	-6.626	-3.18	-7.186	-2.747	-6.922	-2.89	-6.936	-4.726	-4.988	-3.891	-7.432	0	0	0	0	0	0	0	0	0	0	0	0	0	0	0	0	0	0	0	0	0	0	0	0	0	0	0	0	0	0
21.19	-2.919	-5.435	-2.753	-3.558	-6.959	-4.282	-7.535	-3.273	-6.795	-6.824	-3.033	-7.307	-2.696	-6.957	-2.644	-7.12	-4.888	-5.352	-3.433	-2.938	0	0	0	0	0	0	0	0	0	0	0	0	0	0	0	0	0	0	0	0	0	0	0	0	0	0	0	0	0	0
21.2	-2.987	-5.187	-2.712	-3.554	-7.129	-3.881	-7.557	-3.019	-6.795	-7.024	-2.719	-7.372	-2.718	-6.931	-2.606	-2.591	-3.774	-5.655	-6.319	-2.897	0	0	0	0	0	0	0	0	0	0	0	0	0	0	0	0	0	0	0	0	0	0	0	0	0	0	0	0	0	0
21.21	-6.528	-5.9	-7.369	-6.597	-2.672	-6.647	-7.384	-7.586	-7	-7.278	-2.632	-7.458	-2.715	-6.86	-7.273	-7.176	-3.379	-4.78	-5.673	-2.855	0	0	0	0	0	0	0	0	0	0	0	0	0	0	0	0	0	0	0	0	0	0	0	0	0	0	0	0	0	0
21.22	-6.385	-5.583	-7.428	-6.641	-2.595	-6.852	-7.319	-7.564	-6.71	-7.518	-2.638	-7.564	-2.742	-7.119	-7.411	-7.608	-7.297	-3.472	-5.962	-3.357	0	0	0	0	0	0	0	0	0	0	0	0	0	0	0	0	0	0	0	0	0	0	0	0	0	0	0	0	0	0
21.23	-6.17	-5.592	-7.428	-6.721	-2.565	-7.059	-7.173	-7.565	-6.653	-7.545	-2.673	-7.585	-2.724	-7.042	-7.165	-7.671	-5.68	-3.595	-6.532	-3.695	0	0	0	0	0	0	0	0	0	0	0	0	0	0	0	0	0	0	0	0	0	0	0	0	0	0	0	0	0	0
21.24	-6.032	-5.679	-7.536	-6.691	-2.541	-7.189	-7	-7.523	-6.505	-7.579	-2.847	-7.522	-2.708	-7.142	-7.204	-2.848	-5.333	-2.934	-6.398	-3.343	0	0	0	0	0	0	0	0	0	0	0	0	0	0	0	0	0	0	0	0	0	0	0	0	0	0	0	0	0	0
21.25	-6.464	-5.669	-7.44	-7.064	-2.556	-7.335	-6.812	-7.411	-6.225	-7.578	-3.032	-7.468	-2.78	-7.121	-7.232	-4.188	-4.584	-7.335	-7.14	-2.991	0	0	0	0	0	0	0	0	0	0	0	0	0	0	0	0	0	0	0	0	0	0	0	0	0	0	0	0	0	0
21.26	-5.79	-5.712	-7.451	-6.82	-2.585	-7.464	-6.653	-7.213	-6.428	-7.473	-3.234	-7.358	-2.752	-7.198	-7.406	-3.534	-4.595	-7.456	-6.308	-5.099	0	0	0	0	0	0	0	0	0	0	0	0	0	0	0	0	0	0	0	0	0	0	0	0	0	0	0	0	0	0
21.27	-5.052	-5.8	-7.471	-6.778	-2.67	-7.493	-6.438	-6.997	-6.343	-7.41	-3.568	-7.273	-2.827	-7.456	-7.07	-7.597	-5.465	-4.062	-3.092	-5.834	0	0	0	0	0	0	0	0	0	0	0	0	0	0	0	0	0	0	0	0	0	0	0	0	0	0	0	0	0	0
21.28	-4.822	-5.787	-7.481	-7.14	-2.734	-7.501	-6.095	-6.667	-6.254	-7.278	-3.813	-7.088	-2.821	-7.207	-7.361	-5.414	-4.771	-3.336	-2.701	-5.183	0	0	0	0	0	0	0	0	0	0	0	0	0	0	0	0	0	0	0	0	0	0	0	0	0	0	0	0	0	0
21.29	-4.598	-5.889	-7.487	-6.812	-2.889	-7.484	-5.968	-6.308	-6.185	-7.107	-4.166	-6.958	-2.842	-7.238	-6.795	-6.503	-5.857	-3.611	-3.493	-4.281	0	0	0	0	0	0	0	0	0	0	0	0	0	0	0	0	0	0	0	0	0	0	0	0	0	0	0	0	0	0
21.3	-4.787	-5.914	-7.498	-6.855	-3.007	-7.414	-5.7	-5.792	-6.132	-6.898	-4.529	-6.772	-2.871	-7.361	-6.822	-6.372	-5.756	-3.802	-3.04	-3.163	0	0	0	0	0	0	0	0	0	0	0	0	0	0	0	0	0	0	0	0	0	0	0	0	0	0	0	0	0	0
21.31	-3.839	-4.067	-3.905	-6.748	-6.492	-3.043	-5.527	-5.473	-6.054	-6.564	-4.523	-6.467	-2.824	-2.655	-7.707	-2.623	-3.39	-6.62	-3.679	-6.344	0	0	0	0	0	0	0	0	0	0	0	0	0	0	0	0	0	0	0	0	0	0	0	0	0	0	0	0	0	0
21.32	-4.16	-4.08	-2.533	-6.923	-5.821	-3.396	-4.908	-4.524	-5.759	-6.065	-4.595	-5.971	-3.3	-2.793	-4.093	-5.635	-7.573	-5.89	-7.563	-7.311	0	0	0	0	0	0	0	0	0	0	0	0	0	0	0	0	0	0	0	0	0	0	0	0	0	0	0	0	0	0
21.33	-4.345	-4.126	-2.534	-6.949	-6.1	-3.615	-4.586	-4.432	-5.616	-5.799	-3.817	-5.857	-3.047	-2.801	-3.452	-5.018	-7.571	-5.736	-7.578	-7.164	0	0	0	0	0	0	0	0	0	0	0	0	0	0	0	0	0	0	0	0	0	0	0	0	0	0	0	0	0	0
21.34	-3.601	-4.071	-2.576	-6.988	-5.887	-3.89	-4.352	-4.044	-5.471	-5.48	-3.961	-5.68	-3.091	-2.8	-3.784	-7.345	-7.511	-5.596	-7.326	-6.668	0	0	0	0	0	0	0	0	0	0	0	0	0	0	0	0	0	0	0	0	0	0	0	0	0	0	0	0	0	0
21.35	-3.426	-4.128	-2.534	-7.006	-5.574	-4.228	-4.209	-3.779	-5.301	-5.281	-3.655	-5.499	-3.21	-2.764	-4.018	-7.178	-4.045	-5.585	-7.36	-6.67	0	0	0	0	0	0	0	0	0	0	0	0	0	0	0	0	0	0	0	0	0	0	0	0	0	0	0	0	0	0
21.36	-3.196	-4.14	-6.972	-7.151	-5.24	-5.132	-3.948	-3.578	-5.261	-5.035	-3.381	-5.261	-3.264	-2.88	-4.023	-4.148	-3.696	-2.892	-3.43	-2.555	0	0	0	0	0	0	0	0	0	0	0	0	0	0	0	0	0	0	0	0	0	0	0	0	0	0	0	0	0	0
21.37	-3.004	-4.14	-2.568	-7.149	-5.059	-4.92	-3.747	-2.827	-4.949	-4.792	-3.183	-5.056	-3.274	-7.543	-4.104	-4.125	-3.858	-3.181	-2.686	-2.501	0	0	0	0	0	0	0	0	0	0	0	0	0	0	0	0	0	0	0	0	0	0	0	0	0	0	0	0	0	0
21.38	-2.872	-4.198	-2.55	-7.076	-4.783	-5.294	-3.516	-3.092	-4.819	-4.44	-2.995	-4.819	-3.343	-7.574	-3.976	-7.274	-4.201	-2.821	-2.836	-2.538	0	0	0	0	0	0	0	0	0	0	0	0	0	0	0	0	0	0	0	0	0	0	0	0	0	0	0	0	0	0
21.39	-2.787	-4.218	-2.631	-7.127	-4.42	-5.508	-3.361	-3.004	-4.703	-4.295	-2.877	-4.595	-3.491	-7.582	-6.165	-2.626	-4.642	-7.553	-2.789	-2.699	0	0	0	0	0	0	0	0	0	0	0	0	0	0	0	0	0	0	0	0	0	0	0	0	0	0	0	0	0	0
21.4	-2.644	-4.302	-2.59	-7.129	-4.137	-5.847	-3.107	-2.839	-4.563	-4.107	-2.732	-4.416	-3.497	-7.607	-3.725	-6.142	-4.542	-7.63	-6.467	-2.533	0	0	0	0	0	0	0	0	0	0	0	0	0	0	0	0	0	0	0	0	0	0	0	0	0	0	0	0	0	0
21.41	-7.239	-4.045	-7.406	-7.024	-3.521	-3.578	-7.453	-2.609	-4.457	-3.799	-2.643	-3.959	-3.432	-7.534	-7.582	-5.5	-4.77	-7.517	-4.993	-2.664	0	0	0	0	0	0	0	0	0	0	0	0	0	0	0	0	0	0	0	0	0	0	0	0	0	0	0	0	0	0
21.42	-7.373	-4.521	-7.455	-7.272	-3.418	-3.313	-7.34	-2.64	-3.991	-3.44	-2.756	-3.604	-3.724	-7.565	-6.621	-2.59	-5.148	-7.54	-6.014	-7.309	0	0	0	0	0	0	0	0	0	0	0	0	0	0	0	0	0	0	0	0	0	0	0	0	0	0	0	0	0	0
21.43	-7.367	-4.577	-7.341	-7.282	-3.237	-3.058	-7.45	-2.672	-3.785	-3.342	-2.809	-3.532	-3.702	-7.528	-2.553	-7.148	-5.057	-4.782	-5.672	-7.46	0	0	0	0	0	0	0	0	0	0	0	0	0	0	0	0	0	0	0	0	0	0	0	0	0	0	0	0	0	0
21.44	-7.374	-4.663	-7.352	-7.319	-3.071	-2.809	-7.553	-3.044	-3.725	-3.185	-3.022	-3.366	-3.773	-7.516	-4.706	-7.295	-4.21	-4.798	-6.245	-7.096	0	0	0	0	0	0	0	0	0	0	0	0	0	0	0	0	0	0	0	0	0	0	0	0	0	0	0	0	0	0
21.45	-7.315	-4.723	-7.26	-7.392	-2.959	-2.754	-7.494	-2.831	-3.627	-2.992	-3.168	-3.266	-3.923	-7.562	-5.929	-5.223	-4.918	-5.421	-6.042	-6.85	0	0	0	0	0	0	0	0	0	0	0	0	0	0	0	0	0	0	0	0	0	0	0	0	0	0	0	0	0	0
21.46	-7.334	-4.815	-7.249	-7.348	-2.837	-2.639	-7.538	-2.981	-3.425	-2.997	-3.446	-3.407	-3.921	-7.511	-5.425	-4.753	-2.757	-5.283	-6.023	-7.469	0	0	0	0	0	0	0	0	0	0	0	0	0	0	0	0	0	0	0	0	0	0	0	0	0	0	0	0	0	0
21.47	-7.169	-5.513	-7.322	-7.391	-2.777	-2.581	-7.389	-3.155	-3.359	-2.853	-3.694	-7.501	-3.909	-7.491	-7.434	-2.869	-4.581	-4.512	-7.104	-7.505	0	0	0	0	0	0	0	0	0	0	0	0	0	0	0	0	0	0	0	0	0	0	0	0	0	0	0	0	0	0
21.48	-7.135	-4.97	-7.18	-7.463	-2.653	-2.496	-7.505	-3.378	-2.947	-2.793	-4.049	-7.523	-4.024	-7.44	-2.873	-7.21	-3.728	-5.149	-6.915	-7.473	0	0	0	0	0	0	0	0	0	0	0	0	0	0	0	0	0	0	0	0	0	0	0	0	0	0	0	0	0	0
21.49	-7.082	-5.096	-7.075	-7.441	-2.597	-2.527	-7.384	-3.613	-3.138	-2.726	-4.308	-7.538	-4.073	-7.392	-2.615	-4.556	-4.471	-4.986	-4.467	-7.351	0	0	0	0	0	0	0	0	0	0	0	0	0	0	0	0	0	0	0	0	0	0	0	0	0	0	0	0	0	0
21.5	-6.978	-5.139	-7.037	-7.481	-2.529	-2.517	-7.306	-3.93	-3.014	-2.7	-4.636	-7.569	-4.121	-7.381	-3.011	-3.599	-3.122	-5.026	-4.622	-6.452	0	0	0	0	0	0	0	0	0	0	0	0	0	0	0	0	0	0	0	0	0	0	0	0	0	0	0	0	0	0
21.51	-3.15	-4.723	-3.313	-2.636	-7.536	-2.56	-7.018	-5.158	-2.954	-2.694	-5.13	-2.812	-3.93	-7.395	-6.875	-7.373	-3.353	-4.304	-4.237	-7.477	0	0	0	0	0	0	0	0	0	0	0	0	0	0	0	0	0	0	0	0	0	0	0	0	0	0	0	0	0	0
21.52	-3.268	-3.789	-3.346	-2.625	-7.506	-2.916	-6.695	-5.476	-2.76	-2.932	-5.717	-2.84	-4.316	-7.242	-4.496	-7.642	-7.534	-3.368	-4.526	-7.352	0	0	0	0	0	0	0	0	0	0	0	0	0	0	0	0	0	0	0	0	0	0	0	0	0	0	0	0	0	0
21.53	-3.289	-4.545	-7.511	-2.637	-7.413	-3.124	-6.423	-5.14	-2.633	-2.748	-5.978	-2.98	-4.361	-7.176	-6.496	-4.124	-7.591	-3.466	-3.019	-3.086	0	0	0	0	0	0	0	0	0	0	0	0	0	0	0	0	0	0	0	0	0	0	0	0	0	0	0	0	0	0
21.54	-3.519	-4.466	-6.571	-2.647	-7.369	-3.288	-6.267	-4.916	-2.672	-2.833	-6.289	-3.132	-4.341	-7.129	-5.027	-4.124	-7.591	-3	-4.241	-2.663	0	0	0	0	0	0	0	0	0	0	0	0	0	0	0	0	0	0	0	0	0	0	0	0	0	0	0	0	0	0
21.55	-3.645	-4.413	-6.447	-2.672	-7.269	-3.539	-5.982	-4.587	-2.642	-2.916	-6.628	-3.204	-4.406	-7.025	-3.797	-7.525	-7.478	-3.191	-4.204	-3.414	0	0	0	0	0	0	0	0	0	0	0	0	0	0	0	0	0	0	0	0	0	0	0	0	0	0	0	0	0	0
21.56	-3.753	-4.259	-5.91	-2.701	-7.146	-3.81	-5.779	-4.15	-2.677	-3.01	-7.151	-3.362	-4.471	-7.017	-7.22	-4.926	-2.943	-2.648	-6.995	-2.919	0	0	0	0	0	0	0	0	0	0	0	0	0	0	0	0	0	0	0	0	0	0	0	0	0	0	0	0	0	0
21.57	-3.719	-4.227	-6.132	-2.716	-6.921	-4.658	-5.507	-4.02	-2.67	-3.058	-6.958	-3.503	-4.504	-6.884	-6.537	-4.114	-3.151	-2.804	-2.563	-3.516	0	0	0	0	0	0	0	0	0	0	0	0	0	0	0	0	0	0	0	0	0	0	0	0	0	0	0	0	0	0
21.58	-4.046	-4.085	-6.179	-2.751	-6.799	-4.353	-2.768	-3.769	-2.704	-3.246	-7.19	-3.707	-4.511	-7.338	-6.563	-3.301	-5.1	-2.996	-2.544	-3.622	0	0	0	0	0	0	0	0	0	0	0	0	0	0	0	0	0	0	0	0	0	0	0	0	0	0	0	0	0	0
21.59	-4.181	-4.009	-5.757	-2.818	-6.36	-4.611	-5.076	-3.634	-2.747	-3.37	-7.302	-4.414	-4.57	-3.496	-2.61	-7.616	-5.812	-7.521	-2.688	-3.517	0	0	0	0	0	0	0	0	0	0	0	0	0	0	0	0	0	0	0	0	0	0	0	0	0	0	0	0	0	0
21.6	-4.338	-3.894	-5.528	-2.848	-6.268	-4.88	-4.231	-3.331	-2.741	-3.526	-7.442	-3.904	-4.624	-3.591	-6.113	-4.545	-2.875	-7.215	-2.722	-7.498	0	0	0	0	0	0	0	0	0	0	0	0	0	0	0	0	0	0	0	0	0	0	0	0	0	0	0	0	0	0
21.61	-5.25	-6.599	-3.708	-6.774	-6.212	-4.447	-4.497	-3.157	-2.836	-3.728	-7.607	-5.948	-4.472	-5.583	-2.737	-3.541	-7.034	-2.671	-7.136	-2.613	0	0	0	0	0	0	0	0	0	0	0	0	0	0	0	0	0	0	0	0	0	0	0	0	0	0	0	0	0	0
21.62	-5.146	-6.437	-4.589	-7.153	-5.631	-4.273	-3.939	-2.774	-3.064	-4.13	-7.612	-5.977	-4.786	-6.469	-3	-3.088	-7.116	-3.489	-7.329	-2.64	0	0	0	0	0	0	0	0	0	0	0	0	0	0	0	0	0	0	0	0	0	0	0	0	0	0	0	0	0	0
21.63	-4.977	-6.492	-4.15	-7.053	-5.372	-4.022	-3.816	-2.723	-3.184	-4.282	-7.623	-5.897	-5.676	-6.416	-4.632	-2.838	-7.589	-4.007	-6.687	-2.638	0	0	0	0	0	0	0	0	0	0	0	0	0	0	0	0	0	0	0	0	0	0	0	0	0	0	0	0	0	0
21.64	-4.838	-6.588	-4.927	-7.029	-5.159	-3.725	-3.642	-2.659	-3.233	-4.457	-7.566	-5.747	-4.962	-6.341	-3.79	-7.576	-7.4	-6.974	-7.269	-6.685	0	0	0	0	0	0	0	0	0	0	0	0	0	0	0	0	0	0	0	0	0	0	0	0	0	0	0	0	0	0
21.65	-4.627	-6.715	-5.051	-6.971	-4.843	-3.492	-3.473	-2.64	-3.387	-4.692	-7.454	-5.56	-5.488	-6.246	-7.019	-5.476	-3.223	-7.141	-7.002	-7.289	0	0	0	0	0	0	0	0	0	0	0	0	0	0	0	0	0	0	0	0	0	0	0	0	0	0	0	0	0	0
21.66	-4.423	-6.715	-4.587	-6.899	-4.632	-3.279	-3.313	-2.638	-3.535	-4.827	-7.278	-5.553	-5.068	-5.928	-2.623	-5.456	-3.815	-7.3	-6.625	-7.037	0	0	0	0	0	0	0	0	0	0	0	0	0	0	0	0	0	0	0	0	0	0	0	0	0	0	0	0	0	0
21.67	-4.281	-6.772	-5.183	-6.809	-4.401	-3.042	-3.217	-2.651	-3.594	-5.095	-7.142	-5.448	-5.033	-5.477	-4.967	-3.044	-2.876	-7.261	-6.838	-7.016	0	0	0	0	0	0	0	0	0	0	0	0	0	0	0	0	0	0	0	0	0	0	0	0	0	0	0	0	0	0
21.68	-4.129	-6.834	-5.437	-6.744	-4.157	-2.902	-3.07	-2.877	-3.673	-5.33	-6.955	-5.375	-5.077	-5.979	-6.966	-6.645	-2.858	-7.339	-2.779	-7.224	0	0	0	0	0	0	0	0	0	0	0	0	0	0	0	0	0	0	0	0	0	0	0	0	0	0	0	0	0	0
21.69	-3.946	-6.915	-5.572	-6.739	-3.973	-2.832	-3.001	-2.913	-3.889	-5.997	-6.68	-5.3	-5.064	-5.851	-2.624	-5.414	-4.269	-7.349	-2.684	-5.183	0	0	0	0	0	0	0	0	0	0	0	0	0	0	0	0	0	0	0	0	0	0	0	0	0	0	0	0	0	0
21.7	-3.809	-6.957	-5.479	-6.665	-3.8	-2.709	-2.895	-3.057	-4.007	-5.639	-6.504	-5.239	-5.1	-5.728	-2.77	-5.602	-5.432	-7.623	-7.526	-3.999	0	0	0	0	0	0	0	0	0	0	0	0	0	0	0	0	0	0	0	0	0	0	0	0	0	0	0	0	0	0
21.71	-6.131	-2.913	-4.228	-3.412	-3.651	-2.621	-2.741	-3.438	-4.135	-5.828	-6.213	-5.732	-4.939	-5.578	-6.3	-2.592	-5.106	-7.557	-3.1	-3.43	0	0	0	0	0	0	0	0	0	0	0	0	0	0	0	0	0	0	0	0	0	0	0	0	0	0	0	0	0	0
21.72	-6.901	-2.944	-4.157	-3.721	-3.216	-2.517	-2.677	-3.912	-4.539	-6.281	-5.697	-5.248	-5.306	-5.473	-4.871	-6.984	-5.758	-3.39	-3.076	-5.379	0	0	0	0	0	0	0	0	0	0	0	0	0	0	0	0	0	0	0	0	0	0	0	0	0	0	0	0	0	0
21.73	-6.737	-2.883	-4.029	-3.679	-2.927	-2.527	-2.866	-4.243	-4.728	-6.463	-5.47	-5.3	-5.236	-5.398	-6.256	-6.658	-5.539	-3.803	-3.345	-7.158	0	0	0	0	0	0	0	0	0	0	0	0	0	0	0	0	0	0	0	0	0	0	0	0	0	0	0	0	0	0
21.74	-5.313	-2.891	-3.898	-3.726	-2.944	-2.603	-2.658	-4.467	-4.96	-6.641	-5.289	-5.289	-5.241	-5.266	-2.787	-5.809	-6.584	-3.669	-3.091	-6.633	0	0	0	0	0	0	0	0	0	0	0	0	0	0	0	0	0	0	0	0	0	0	0	0	0	0	0	0	0	0
21.75	-7.051	-2.837	-3.905	-3.776	-2.806	-2.711	-2.691	-4.787	-5.341	-6.829	-5.033	-5.542	-5.326	-5.251	-2.713	-5.736	-6.669	-3.864	-3.021	-6.191	0	0	0	0	0	0	0	0	0	0	0	0	0	0	0	0	0	0	0	0	0	0	0	0	0	0	0	0	0	0
21.76	-7.287	-2.842	-3.79	-3.79	-2.744	-2.84	-2.764	-5.108	-5.449	-6.932	-4.828	-5.421	-5.244	-5.147	-6.748	-3.232	-6.617	-7.562	-2.689	-6.511	0	0	0	0	0	0	0	0	0	0	0	0	0	0	0	0	0	0	0	0	0	0	0	0	0	0	0	0	0	0
21.77	-7.207	-2.812	-3.603	-4.425	-2.666	-3.123	-2.827	-5.419	-5.484	-7.005	-4.605	-5.351	-5.261	-5.123	-5.125	-7.65	-6.872	-7.157	-6.917	-3.087	0	0	0	0	0	0	0	0	0	0	0	0	0	0	0	0	0	0	0	0	0	0	0	0	0	0	0	0	0	0
21.78	-7.271	-2.773	-3.653	-3.896	-2.611	-3.35	-2.874	-5.805	-5.686	-7.185	-4.406	-5.382	-5.345	-5.058	-2.726	-3.097	-2.717	-6.847	-7.41	-7.485	0	0	0	0	0	0	0	0	0	0	0	0	0	0	0	0	0	0	0	0	0	0	0	0	0	0	0	0	0	0
21.79	-7.179	-2.729	-3.441	-3.924	-2.601	-3.531	-2.944	-6.049	-5.93	-7.328	-4.26	-5.386	-5.454	-4.366	-7.357	-3.459	-2.741	-5.921	-6.333	-7.453	0	0	0	0	0	0	0	0	0	0	0	0	0	0	0	0	0	0	0	0	0	0	0	0	0	0	0	0	0	0
21.8	-7.359	-2.69	-3.283	-3.967	-2.555	-3.832	-3.088	-6.315	-6.103	-7.385	-4.077	-5.338	-5.481	-4.834	-7.574	-7.481	-2.991	-5.563	-3.078	-7.515	0	0	0	0	0	0	0	0	0	0	0	0	0	0	0	0	0	0	0	0	0	0	0	0	0	0	0	0	0	0
21.81	-7.385	-7.311	-7.113	-5.884	-7.454	-5.71	-6.371	-6.651	-6.612	-7.512	-3.944	-5.021	-5.375	-2.818	-3.495	-5.569	-2.825	-5.792	-6.557	-7.388	0	0	0	0	0	0	0	0	0	0	0	0	0	0	0	0	0	0	0	0	0	0	0	0	0	0	0	0	0	0
21.82	-7.408	-7.338	-7.189	-6.08	-7.391	-5.328	-6.665	-7.105	-6.67	-7.625	-3.575	-5.442	-5.671	-4.648	-4.103	-6.946	-5.083	-5.074	-6.504	-2.813	0	0	0	0	0	0	0	0	0	0	0	0	0	0	0	0	0	0	0	0	0	0	0	0	0	0	0	0	0	0
21.83	-7.261	-7.35	-7.22	-5.994	-7.26	-4.962	-6.534	-7.258	-6.75	-7.668	-3.378	-5.198	-5.707	-4.628	-4.692	-2.585	-6.844	-3.375	-6.988	-2.531	0	0	0	0	0	0	0	0	0	0	0	0	0	0	0	0	0	0	0	0	0	0	0	0	0	0	0	0	0	0
21.84	-7.401	-7.334	-7.29	-5.961	-7.114	-4.688	-6.333	-7.384	-6.947	-7.645	-3.338	-5.143	-5.77	-4.659	-7.448	-2.593	-5.907	-3.011	-7.359	-2.699	0	0	0	0	0	0	0	0	0	0	0	0	0	0	0	0	0	0	0	0	0	0	0	0	0	0	0	0	0	0
21.85	-7.275	-7.458	-7.388	-5.993	-6.915	-4.381	-6.127	-7.535	-7.093	-7.556	-2.967	-5.104	-5.777	-4.579	-3.823	-4.928	-5.97	-2.957	-7.021	-2.616	0	0	0	0	0	0	0	0	0	0	0	0	0	0	0	0	0	0	0	0	0	0	0	0	0	0	0	0	0	0
21.86	-7.174	-7.383	-7.405	-5.953	-6.715	-3.94	-5.917	-7.581	-7.189	-7.445	-3.189	-5.265	-5.87	-4.499	-3.899	-7.344	-6.322	-3.169	-7.071	-2.653	0	0	0	0	0	0	0	0	0	0	0	0	0	0	0	0	0	0	0	0	0	0	0	0	0	0	0	0	0	0
21.87	-7.247	-7.385	-7.482	-5.98	-6.478	-3.694	-5.7	-7.63	-7.299	-7.446	-3.109	-4.962	-5.905	-4.442	-2.925	-3.568	-3.117	-7.601	-7.476	-2.593	0	0	0	0	0	0	0	0	0	0	0	0	0	0	0	0	0	0	0	0	0	0	0	0	0	0	0	0	0	0
21.88	-6.795	-7.399	-7.493	-5.938	-6.285	-3.452	-5.474	-7.649	-7.336	-7.268	-3.034	-4.924	-6.005	-6.672	-7.65	-4.821	-7.47	-7.52	-7.622	-7.193	0	0	0	0	0	0	0	0	0	0	0	0	0	0	0	0	0	0	0	0	0	0	0	0	0	0	0	0	0	0
21.89	-6.88	-7.453	-7.289	-5.87	-6.049	-3.208	-5.306	-7.396	-7.478	-7.089	-2.95	-4.844	-6.061	-5.783	-5.358	-6.493	-7.574	-5.515	-7.579	-3.524	0	0	0	0	0	0	0	0	0	0	0	0	0	0	0	0	0	0	0	0	0	0	0	0	0	0	0	0	0	0
21.9	-6.771	-7.414	-7.529	-5.889	-5.825	-3.054	-5.089	-7.577	-7.601	-6.832	-2.869	-4.714	-6.146	-5.857	-3.613	-3.127	-7.571	-5.23	-7.143	-4.357	0	0	0	0	0	0	0	0	0	0	0	0	0	0	0	0	0	0	0	0	0	0	0	0	0	0	0	0	0	0
21.91	-3.406	-2.502	-7.514	-6.158	-5.015	-2.813	-4.848	-3.133	-7.587	-6.616	-2.856	-4.217	-6.058	-4.238	-7.618	-4.896	-2.817	-5.056	-2.562	-4.961	0	0	0	0	0	0	0	0	0	0	0	0	0	0	0	0	0	0	0	0	0	0	0	0	0	0	0	0	0	0
21.92	-3.653	-2.519	-7.536	-5.785	-5.296	-2.571	-4.363	-3.473	-7.556	-5.953	-2.746	-4.397	-6.354	-4.246	-2.917	-7.446	-3.127	-6.2	-2.703	-5.226	0	0	0	0	0	0	0	0	0	0	0	0	0	0	0	0	0	0	0	0	0	0	0	0	0	0	0	0	0	0
21.93	-3.833	-2.519	-7.579	-5.164	-6.083	-2.527	-4.156	-3.455	-7.555	-5.848	-2.73	-4.326	-6.446	-4.242	-2.635	-4.061	-6.835	-5.759	-2.676	-4.385	0	0	0	0	0	0	0	0	0	0	0	0	0	0	0	0	0	0	0	0	0	0	0	0	0	0	0	0	0	0
21.94	-4.053	-2.508	-7.473	-5.82	-5.761	-2.537	-4.05	-3.65	-7.498	-5.548	-2.725	-4.112	-6.544	-4.247	-3.747	-3.271	-6.393	-6.52	-3.292	-4.731	0	0	0	0	0	0	0	0	0	0	0	0	0	0	0	0	0	0	0	0	0	0	0	0	0	0	0	0	0	0
21.95	-4.162	-2.502	-7.541	-5.742	-6.11	-2.636	-3.791	-3.88	-7.429	-5.296	-2.681	-4.004	-6.539	-4.169	-3.253	-4.222	-5.749	-2.715	-3.68	-5.928	0	0	0	0	0	0	0	0	0	0	0	0	0	0	0	0	0	0	0	0	0	0	0	0	0	0	0	0	0	0
21.96	-4.507	-2.531	-6.857	-5.758	-6.497	-2.749	-3.736	-4.165	-7.328	-4.94	-2.701	-3.867	-6.687	-4.149	-7.623	-3.872	-2.888	-2.865	-2.97	-6.83	0	0	0	0	0	0	0	0	0	0	0	0	0	0	0	0	0	0	0	0	0	0	0	0	0	0	0	0	0	0
21.97	-4.695	-2.507	-7.548	-5.727	-7.029	-2.898	-3.564	-4.32	-7.201	-4.12	-2.752	-3.804	-6.659	-4.145	-3.959	-7.203	-3.517	-2.651	-3.949	-6.815	0	0	0	0	0	0	0	0	0	0	0	0	0	0	0	0	0	0	0	0	0	0	0	0	0	0	0	0	0	0
21.98	-4.93	-2.524	-7.497	-5.66	-6.899	-3.284	-3.437	-4.7	-7.067	-3.879	-2.749	-3.658	-6.671	-4.049	-7.395	-7.429	-3.509	-3.265	-3.817	-6.414	0	0	0	0	0	0	0	0	0	0	0	0	0	0	0	0	0	0	0	0	0	0	0	0	0	0	0	0	0	0
21.99	-5.064	-2.631	-7.551	-5.726	-7.067	-3.402	-3.362	-4.84	-6.912	-4.097	-2.872	-3.497	-6.753	-4.071	-6.441	-4.506	-7.569	-3.108	-6.837	-2.659	0	0	0	0	0	0	0	0	0	0	0	0	0	0	0	0	0	0	0	0	0	0	0	0	0	0	0	0	0	0
22	-5.442	-2.517	-7.555	-5.694	-7.253	-3.711	-3.289	-5.038	-6.768	-3.778	-2.94	-3.459	-6.734	-4.101	-3.222	-3.909	-7.563	-3.148	-7.182	-2.57	0	0	0	0	0	0	0	0	0	0	0	0	0	0	0	0	0	0	0	0	0	0	0	0	0	0	0	0	0	0
22.01	-4.04	-7.461	-7.3	-4.552	-7.392	-5.264	-3.249	-4.583	-6.488	-3.285	-3.032	-3.18	-6.652	-7.161	-6.028	-2.713	-7.552	-3.13	-2.609	-7.364	0	0	0	0	0	0	0	0	0	0	0	0	0	0	0	0	0	0	0	0	0	0	0	0	0	0	0	0	0	0
22.02	-3.822	-7.49	-7.424	-4.575	-7.598	-5.292	-3.008	-4.421	-6.135	-3.084	-3.384	-3.037	-6.87	-6.169	-5.623	-5.859	-3.886	-3.279	-3.2	-7.383	0	0	0	0	0	0	0	0	0	0	0	0	0	0	0	0	0	0	0	0	0	0	0	0	0	0	0	0	0	0
22.03	-3.549	-7.445	-7.383	-4.644	-7.567	-4.958	-2.95	-4.065	-5.966	-3.034	-3.517	-2.988	-6.912	-6.163	-7.393	-7.313	-2.943	-4.052	-3.336	-7.475	0	0	0	0	0	0	0	0	0	0	0	0	0	0	0	0	0	0	0	0	0	0	0	0	0	0	0	0	0	0
22.04	-3.127	-7.461	-7.385	-4.606	-7.537	-4.727	-2.861	-3.947	-5.634	-2.913	-3.803	-2.865	-6.989	-6.12	-2.613	-4.381	-5.444	-5.506	-2.94	-3.463	0	0	0	0	0	0	0	0	0	0	0	0	0	0	0	0	0	0	0	0	0	0	0	0	0	0	0	0	0	0
22.05	-3.362	-7.428	-7.342	-4.653	-7.496	-4.414	-2.654	-3.714	-4.992	-2.844	-3.975	-2.82	-7.019	-6.056	-4.378	-2.748	-6.465	-5.335	-3.067	-5.025	0	0	0	0	0	0	0	0	0	0	0	0	0	0	0	0	0	0	0	0	0	0	0	0	0	0	0	0	0	0
22.06	-3.038	-7.426	-7.322	-4.614	-7.246	-4.114	-2.819	-3.141	-5.311	-2.767	-4.179	-2.775	-7.036	-6.023	-5.47	-4.241	-6.354	-3.512	-7.577	-5.165	0	0	0	0	0	0	0	0	0	0	0	0	0	0	0	0	0	0	0	0	0	0	0	0	0	0	0	0	0	0
22.07	-2.849	-7.423	-7.264	-4.643	-7.205	-3.86	-2.8	-3.879	-4.984	-2.746	-4.433	-2.748	-7.08	-5.968	-6.89	-7.267	-6.157	-3.332	-2.962	-4.346	0	0	0	0	0	0	0	0	0	0	0	0	0	0	0	0	0	0	0	0	0	0	0	0	0	0	0	0	0	0
22.08	-2.696	-7.435	-7.193	-4.643	-6.945	-3.501	-2.727	-7.102	-4.956	-2.841	-4.581	-2.729	-7.13	-5.863	-2.664	-2.622	-6.187	-3.056	-2.565	-5.205	0	0	0	0	0	0	0	0	0	0	0	0	0	0	0	0	0	0	0	0	0	0	0	0	0	0	0	0	0	0
22.09	-2.665	-7.457	-7.192	-4.657	-6.688	-2.916	-2.703	-7.514	-4.78	-2.903	-4.824	-2.735	-7.145	-5.791	-6.691	-7.123	-6.209	-3.26	-2.556	-5.632	0	0	0	0	0	0	0	0	0	0	0	0	0	0	0	0	0	0	0	0	0	0	0	0	0	0	0	0	0	0
22.1	-2.556	-7.477	-7.166	-4.655	-6.462	-3.16	-2.725	-7.366	-4.581	-3.053	-5.059	-2.734	-7.162	-5.673	-5.596	-5.074	-6.025	-2.677	-2.562	-6.021	0	0	0	0	0	0	0	0	0	0	0	0	0	0	0	0	0	0	0	0	0	0	0	0	0	0	0	0	0	0
22.11	-7.39	-2.53	-2.784	-4.253	-6.221	-3.044	-2.707	-2.724	-4.429	-6.604	-4.688	-7.57	-7.126	-5.26	-7.686	-6.889	-7.379	-2.771	-3.008	-5.798	0	0	0	0	0	0	0	0	0	0	0	0	0	0	0	0	0	0	0	0	0	0	0	0	0	0	0	0	0	0
22.12	-7.32	-2.581	-3.293	-4.677	-5.461	-2.74	-2.695	-2.666	-3.991	-6.648	-4.547	-7.467	-7.225	-5.45	-5.341	-2.629	-7.399	-3.369	-3.48	-5.852	0	0	0	0	0	0	0	0	0	0	0	0	0	0	0	0	0	0	0	0	0	0	0	0	0	0	0	0	0	0
22.13	-7.265	-2.568	-3.345	-4.617	-5.243	-2.601	-2.703	-2.633	-3.363	-6.395	-4.322	-7.378	-7.233	-5.268	-4.935	-2.722	-7.446	-3.958	-3.102	-2.902	0	0	0	0	0	0	0	0	0	0	0	0	0	0	0	0	0	0	0	0	0	0	0	0	0	0	0	0	0	0
22.14	-7.058	-2.604	-3.193	-4.642	-4.603	-2.537	-2.778	-2.697	-3.687	-6.129	-4.059	-7.287	-7.248	-5.189	-2.802	-4.615	-7.394	-4.142	-5.092	-2.764	0	0	0	0	0	0	0	0	0	0	0	0	0	0	0	0	0	0	0	0	0	0	0	0	0	0	0	0	0	0
22.15	-6.927	-2.573	-2.932	-4.703	-4.643	-2.508	-2.827	-2.74	-3.553	-5.678	-3.811	-7.217	-7.282	-5.009	-2.788	-7.641	-4.424	-3.815	-5.988	-2.955	0	0	0	0	0	0	0	0	0	0	0	0	0	0	0	0	0	0	0	0	0	0	0	0	0	0	0	0	0	0
22.16	-7.269	-2.533	-3.051	-4.597	-4.347	-2.541	-2.85	-2.843	-3.524	-5.497	-3.702	-7.027	-7.326	-4.907	-3.065	-6.937	-7.057	-3.969	-5.946	-7.075	0	0	0	0	0	0	0	0	0	0	0	0	0	0	0	0	0	0	0	0	0	0	0	0	0	0	0	0	0	0
22.17	-6.498	-2.595	-3.269	-4.68	-4.098	-2.564	-2.921	-2.975	-3.379	-4.611	-3.471	-6.956	-7.546	-4.693	-5.722	-6.491	-5.641	-3.698	-6.421	-6.32	0	0	0	0	0	0	0	0	0	0	0	0	0	0	0	0	0	0	0	0	0	0	0	0	0	0	0	0	0	0
22.18	-6.289	-2.623	-3.49	-4.661	-3.819	-2.633	-3.019	-3.174	-3.351	-4.842	-3.297	-6.807	-7.423	-4.569	-6.072	-7.074	-6.047	-3.732	-6.161	-6.866	0	0	0	0	0	0	0	0	0	0	0	0	0	0	0	0	0	0	0	0	0	0	0	0	0	0	0	0	0	0
22.19	-6.042	-2.641	-3.656	-4.561	-3.649	-2.754	-3.101	-3.364	-3.271	-4.525	-3.146	-6.718	-7.328	-4.266	-7.158	-2.72	-5.649	-4.069	-6.497	-3.608	0	0	0	0	0	0	0	0	0	0	0	0	0	0	0	0	0	0	0	0	0	0	0	0	0	0	0	0	0	0
22.2	-5.869	-2.636	-3.758	-4.575	-3.456	-2.813	-3.261	-3.554	-3.183	-4.164	-3.036	-6.579	-7.427	-4.203	-2.63	-2.595	-6.786	-3.915	-6.626	-4.808	0	0	0	0	0	0	0	0	0	0	0	0	0	0	0	0	0	0	0	0	0	0	0	0	0	0	0	0	0	0
22.21	-5.276	-7.407	-6.566	-5.76	-7.091	-7.036	-3.372	-4.003	-3.226	-3.543	-7.665	-4.137	-7.281	-6.244	-3.76	-5.511	-3.729	-6.686	-6.849	-4.375	0	0	0	0	0	0	0	0	0	0	0	0	0	0	0	0	0	0	0	0	0	0	0	0	0	0	0	0	0	0
22.22	-5.079	-7.379	-6	-5.699	-7.231	-6.963	-3.7	-4.502	-2.964	-3.451	-7.654	-4.392	-7.429	-6.611	-7.683	-5.828	-4.489	-7.283	-2.6	-5.007	0	0	0	0	0	0	0	0	0	0	0	0	0	0	0	0	0	0	0	0	0	0	0	0	0	0	0	0	0	0
22.23	-4.813	-7.391	-6.321	-5.656	-7.384	-6.558	-3.911	-4.788	-2.989	-3.124	-7.67	-4.564	-7.44	-6.727	-3.867	-2.654	-7.435	-7.644	-2.571	-4.467	0	0	0	0	0	0	0	0	0	0	0	0	0	0	0	0	0	0	0	0	0	0	0	0	0	0	0	0	0	0
22.24	-4.546	-7.353	-6.196	-5.665	-7.448	-6.613	-4.107	-5.144	-2.9	-3.09	-7.649	-4.21	-7.557	-6.832	-4.759	-7.271	-2.745	-3.572	-2.6	-5.61	0	0	0	0	0	0	0	0	0	0	0	0	0	0	0	0	0	0	0	0	0	0	0	0	0	0	0	0	0	0
22.25	-4.243	-7.388	-6.171	-5.655	-7.504	-6.427	-4.894	-5.413	-2.888	-2.881	-7.588	-4.914	-7.478	-6.922	-7.208	-4.878	-6.777	-5.643	-2.701	-4.024	0	0	0	0	0	0	0	0	0	0	0	0	0	0	0	0	0	0	0	0	0	0	0	0	0	0	0	0	0	0
22.26	-4.011	-7.391	-6.061	-5.597	-7.689	-6.177	-4.576	-5.662	-2.828	-2.857	-7.541	-5.188	-7.506	-7.024	-3.584	-5.303	-6.897	-5.087	-2.591	-4.775	0	0	0	0	0	0	0	0	0	0	0	0	0	0	0	0	0	0	0	0	0	0	0	0	0	0	0	0	0	0
22.27	-3.719	-7.358	-7.185	-5.624	-7.575	-5.617	-4.851	-5.931	-2.811	-2.769	-7.392	-5.413	-7.488	-7.092	-3.512	-3.163	-6.215	-5.881	-7.342	-4.795	0	0	0	0	0	0	0	0	0	0	0	0	0	0	0	0	0	0	0	0	0	0	0	0	0	0	0	0	0	0
22.28	-3.458	-7.346	-5.879	-5.407	-7.607	-5.457	-5.06	-6.208	-2.761	-2.769	-7.23	-5.547	-7.642	-7.087	-2.835	-7.583	-6.169	-6.381	-7.491	-3.198	0	0	0	0	0	0	0	0	0	0	0	0	0	0	0	0	0	0	0	0	0	0	0	0	0	0	0	0	0	0
22.29	-3.299	-7.364	-5.8	-4.971	-7.625	-5.553	-5.244	-6.366	-2.781	-2.799	-7.053	-5.794	-7.527	-7.232	-4.169	-3.543	-7.073	-2.656	-7.45	-6.82	0	0	0	0	0	0	0	0	0	0	0	0	0	0	0	0	0	0	0	0	0	0	0	0	0	0	0	0	0	0
22.3	-3.072	-7.373	-5.732	-5.545	-7.587	-5.34	-5.493	-6.692	-2.734	-2.81	-6.875	-5.958	-7.549	-7.359	-2.607	-5.246	-6.003	-7.594	-7.582	-7.381	0	0	0	0	0	0	0	0	0	0	0	0	0	0	0	0	0	0	0	0	0	0	0	0	0	0	0	0	0	0
22.31	-7.316	-2.644	-4.485	-5.815	-7.57	-5.253	-5.749	-6.853	-2.678	-2.946	-5.116	-6.63	-7.484	-6.388	-5.881	-4.732	-3.467	-6.831	-7.183	-3.527	0	0	0	0	0	0	0	0	0	0	0	0	0	0	0	0	0	0	0	0	0	0	0	0	0	0	0	0	0	0
22.32	-7.369	-2.716	-4.994	-5.39	-7.467	-4.47	-6.193	-7.203	-2.693	-3.296	-4.434	-6.509	-7.483	-3.099	-6.497	-2.722	-3.741	-7.438	-2.643	-6.887	0	0	0	0	0	0	0	0	0	0	0	0	0	0	0	0	0	0	0	0	0	0	0	0	0	0	0	0	0	0
22.33	-7.416	-2.67	-4.851	-5.377	-7.428	-4.376	-6.353	-7.309	-2.704	-3.471	-4.781	-6.729	-7.585	-2.758	-3.063	-3.196	-7.614	-7.502	-2.949	-7.11	0	0	0	0	0	0	0	0	0	0	0	0	0	0	0	0	0	0	0	0	0	0	0	0	0	0	0	0	0	0
22.34	-7.406	-2.715	-5.155	-5.269	-7.298	-4.168	-6.607	-7.407	-2.718	-4.171	-4.977	-6.863	-3.825	-2.739	-7.698	-7.679	-5.002	-7.137	-2.586	-4.934	0	0	0	0	0	0	0	0	0	0	0	0	0	0	0	0	0	0	0	0	0	0	0	0	0	0	0	0	0	0
22.35	-7.371	-2.672	-5.247	-5.235	-7.229	-4.047	-6.68	-7.518	-2.71	-4.007	-5.256	-7.005	-3.073	-2.735	-3.697	-3.938	-3.649	-7.217	-6.374	-5.91	0	0	0	0	0	0	0	0	0	0	0	0	0	0	0	0	0	0	0	0	0	0	0	0	0	0	0	0	0	0
22.36	-7.434	-2.641	-5.387	-5.14	-7.158	-3.723	-6.803	-7.559	-2.787	-4.301	-5.596	-7.108	-2.73	-2.692	-4.693	-6.804	-3.538	-5.839	-4.738	-5.667	0	0	0	0	0	0	0	0	0	0	0	0	0	0	0	0	0	0	0	0	0	0	0	0	0	0	0	0	0	0
22.37	-7.419	-2.648	-5.465	-5.117	-7.036	-3.548	-6.952	-7.609	-2.852	-4.593	-6.356	-7.224	-2.727	-2.69	-6.938	-6.266	-2.899	-7.229	-6.748	-5.591	0	0	0	0	0	0	0	0	0	0	0	0	0	0	0	0	0	0	0	0	0	0	0	0	0	0	0	0	0	0
22.38	-7.302	-2.623	-5.304	-5.098	-6.903	-3.392	-7.172	-7.668	-2.932	-4.876	-6.127	-7.378	-2.729	-2.723	-2.733	-2.663	-3.096	-6.704	-6.021	-5.428	0	0	0	0	0	0	0	0	0	0	0	0	0	0	0	0	0	0	0	0	0	0	0	0	0	0	0	0	0	0
22.39	-7.249	-2.614	-5.673	-4.97	-6.774	-3.284	-7.29	-7.691	-2.824	-5.24	-6.371	-7.408	-2.749	-2.655	-6.557	-3.077	-3.108	-6.832	-6.6	-6.049	0	0	0	0	0	0	0	0	0	0	0	0	0	0	0	0	0	0	0	0	0	0	0	0	0	0	0	0	0	0
22.4	-7.211	-2.605	-5.789	-4.953	-6.626	-3.104	-7.362	-7.672	-3.05	-5.54	-6.622	-7.482	-2.749	-2.663	-5.333	-3.177	-3.144	-6.518	-6.266	-4.385	0	0	0	0	0	0	0	0	0	0	0	0	0	0	0	0	0	0	0	0	0	0	0	0	0	0	0	0	0	0
22.41	-6.788	-7.415	-4.231	-5.566	-3.817	-7.321	-7.466	-7.457	-3.168	-4.113	-3.297	-7.636	-2.769	-7.624	-3.445	-7.521	-3.276	-3.102	-4.895	-5.142	0	0	0	0	0	0	0	0	0	0	0	0	0	0	0	0	0	0	0	0	0	0	0	0	0	0	0	0	0	0
22.42	-6.928	-7.445	-4.179	-5.538	-3.898	-7.32	-7.564	-7.506	-3.429	-4.003	-3.053	-7.658	-2.749	-7.541	-7.497	-7.67	-3.017	-3.343	-4.309	-4.961	0	0	0	0	0	0	0	0	0	0	0	0	0	0	0	0	0	0	0	0	0	0	0	0	0	0	0	0	0	0
22.43	-6.838	-7.472	-3.826	-5.639	-3.969	-7.421	-7.577	-7.447	-3.579	-3.754	-2.976	-7.655	-2.712	-7.509	-4.463	-5.228	-5.801	-7.492	-4.101	-6.152	0	0	0	0	0	0	0	0	0	0	0	0	0	0	0	0	0	0	0	0	0	0	0	0	0	0	0	0	0	0
22.44	-6.717	-7.494	-3.755	-5.732	-4.129	-7.5	-7.56	-7.358	-3.754	-3.582	-2.899	-7.657	-2.699	-7.501	-4.024	-4.877	-4.762	-7.523	-7.424	-6.606	0	0	0	0	0	0	0	0	0	0	0	0	0	0	0	0	0	0	0	0	0	0	0	0	0	0	0	0	0	0
22.45	-6.628	-7.45	-3.959	-5.846	-4.645	-7.535	-7.437	-7.213	-3.969	-3.338	-2.786	-7.633	-2.723	-6.657	-3.011	-3.883	-5.411	-7.568	-7.239	-5.932	0	0	0	0	0	0	0	0	0	0	0	0	0	0	0	0	0	0	0	0	0	0	0	0	0	0	0	0	0	0
22.46	-6.999	-7.455	-3.658	-5.921	-4.205	-7.535	-7.354	-7.084	-4.087	-3.114	-2.697	-7.635	-2.725	-2.902	-7.508	-7.735	-6.025	-3.643	-6.619	-6.019	0	0	0	0	0	0	0	0	0	0	0	0	0	0	0	0	0	0	0	0	0	0	0	0	0	0	0	0	0	0
22.47	-6.416	-7.478	-3.744	-6.016	-4.265	-7.576	-7.188	-6.876	-4.212	-3.078	-2.725	-7.614	-2.699	-2.93	-5.657	-3.981	-6.03	-3.63	-6.739	-3.807	0	0	0	0	0	0	0	0	0	0	0	0	0	0	0	0	0	0	0	0	0	0	0	0	0	0	0	0	0	0
22.48	-6.3	-7.451	-3.732	-6.038	-4.375	-7.51	-7.03	-6.679	-4.432	-2.912	-2.766	-7.562	-2.728	-3.011	-3.034	-2.63	-6.02	-4.132	-6.051	-3.562	0	0	0	0	0	0	0	0	0	0	0	0	0	0	0	0	0	0	0	0	0	0	0	0	0	0	0	0	0	0
22.49	-6.268	-7.471	-3.698	-6.093	-4.401	-7.436	-6.801	-6.593	-4.7	-2.854	-2.823	-7.547	-2.714	-3.002	-2.94	-6.541	-5.624	-3.068	-6.989	-7.304	0	0	0	0	0	0	0	0	0	0	0	0	0	0	0	0	0	0	0	0	0	0	0	0	0	0	0	0	0	0
22.5	-6.106	-7.295	-3.667	-6.228	-4.501	-7.37	-6.555	-6.426	-4.765	-2.788	-2.946	-7.451	-2.739	-3.09	-7.1	-2.818	-5.876	-2.931	-5.841	-7.09	0	0	0	0	0	0	0	0	0	0	0	0	0	0	0	0	0	0	0	0	0	0	0	0	0	0	0	0	0	0
22.51	-5.47	-2.768	-6.619	-3.889	-5.46	-3.07	-5.828	-6.279	-4.998	-7.616	-6.883	-7.146	-7.606	-7.133	-7.678	-5.571	-6.936	-7.274	-3.715	-7.305	0	0	0	0	0	0	0	0	0	0	0	0	0	0	0	0	0	0	0	0	0	0	0	0	0	0	0	0	0	0
22.52	-5.739	-2.608	-6.21	-3.738	-5.297	-3.823	-5.74	-5.786	-5.34	-7.605	-6.642	-7.208	-7.612	-7.103	-3.147	-5.799	-7.181	-7.034	-3.53	-7.203	0	0	0	0	0	0	0	0	0	0	0	0	0	0	0	0	0	0	0	0	0	0	0	0	0	0	0	0	0	0
22.53	-5.595	-2.632	-6.693	-3.767	-5.36	-3.786	-5.532	-5.587	-5.418	-7.511	-6.327	-7.348	-7.662	-7.014	-6.378	-3.637	-2.685	-6.474	-7.217	-7.17	0	0	0	0	0	0	0	0	0	0	0	0	0	0	0	0	0	0	0	0	0	0	0	0	0	0	0	0	0	0
22.54	-5.56	-2.655	-6.232	-3.653	-5.364	-3.722	-5.285	-5.425	-5.561	-7.372	-6.036	-6.982	-7.583	-7.062	-6.908	-7.703	-7.217	-6.546	-7.433	-5.654	0	0	0	0	0	0	0	0	0	0	0	0	0	0	0	0	0	0	0	0	0	0	0	0	0	0	0	0	0	0
22.55	-5.407	-2.668	-6.819	-3.586	-5.336	-3.908	-5.053	-5.184	-5.782	-7.302	-5.614	-6.935	-7.6	-7.013	-2.682	-3.287	-4.819	-6.039	-6.814	-7.231	0	0	0	0	0	0	0	0	0	0	0	0	0	0	0	0	0	0	0	0	0	0	0	0	0	0	0	0	0	0
22.56	-5.34	-2.694	-6.876	-3.53	-5.089	-4.16	-4.772	-5.011	-5.964	-7.157	-5.312	-6.758	-7.532	-6.916	-2.909	-4.648	-4.372	-6.193	-2.688	-6.567	0	0	0	0	0	0	0	0	0	0	0	0	0	0	0	0	0	0	0	0	0	0	0	0	0	0	0	0	0	0
22.57	-5.262	-2.7	-6.849	-3.455	-5.246	-4.436	-4.559	-4.836	-6.56	-7.017	-4.954	-6.6	-7.505	-7.018	-3.035	-5.874	-4.08	-6.128	-2.661	-7.492	0	0	0	0	0	0	0	0	0	0	0	0	0	0	0	0	0	0	0	0	0	0	0	0	0	0	0	0	0	0
22.58	-5.153	-2.706	-6.66	-3.064	-5.222	-4.569	-4.308	-4.611	-6.219	-6.868	-4.437	-6.47	-7.435	-6.904	-5.737	-5.369	-7.368	-6.17	-2.696	-7.493	0	0	0	0	0	0	0	0	0	0	0	0	0	0	0	0	0	0	0	0	0	0	0	0	0	0	0	0	0	0
22.59	-5.144	-2.769	-6.316	-3.331	-5.2	-4.818	-4.045	-4.372	-6.373	-6.626	-4.278	-6.349	-7.473	-6.83	-5.062	-5.763	-7.679	-6.394	-2.819	-7.562	0	0	0	0	0	0	0	0	0	0	0	0	0	0	0	0	0	0	0	0	0	0	0	0	0	0	0	0	0	0
22.6	-4.939	-2.79	-6.851	-3.257	-5.155	-5.063	-3.842	-4.267	-6.397	-6.418	-3.934	-6.192	-7.439	-6.777	-6.728	-5.675	-7.533	-6.478	-2.951	-7.497	0	0	0	0	0	0	0	0	0	0	0	0	0	0	0	0	0	0	0	0	0	0	0	0	0	0	0	0	0	0
22.61	-5.312	-7.216	-7.06	-3.338	-5.715	-4.307	-3.536	-4.017	-6.624	-6.169	-3.48	-5.443	-7.483	-3.448	-2.791	-7.503	-2.739	-4.052	-6.438	-7.485	0	0	0	0	0	0	0	0	0	0	0	0	0	0	0	0	0	0	0	0	0	0	0	0	0	0	0	0	0	0
22.62	-5.406	-7.072	-6.751	-3.067	-5.801	-4.33	-3.318	-3.689	-7.039	-5.66	-3.123	-5.527	-7.275	-3.547	-6.211	-4.367	-2.655	-3.737	-7.584	-7.519	0	0	0	0	0	0	0	0	0	0	0	0	0	0	0	0	0	0	0	0	0	0	0	0	0	0	0	0	0	0
22.63	-5.491	-7.108	-6.942	-3.075	-5.207	-4.041	-3.158	-3.565	-6.996	-5.423	-2.978	-5.36	-7.161	-3.562	-7.023	-2.784	-2.88	-7.235	-7.581	-7.5	0	0	0	0	0	0	0	0	0	0	0	0	0	0	0	0	0	0	0	0	0	0	0	0	0	0	0	0	0	0
22.64	-5.561	-7.04	-6.839	-2.985	-5.289	-3.828	-3.037	-3.402	-7.109	-5.162	-2.791	-5.12	-7.249	-3.557	-2.825	-3.073	-2.922	-6.674	-7.628	-2.799	0	0	0	0	0	0	0	0	0	0	0	0	0	0	0	0	0	0	0	0	0	0	0	0	0	0	0	0	0	0
22.65	-5.711	-6.96	-6.919	-2.953	-5.349	-3.723	-2.939	-3.251	-7.251	-4.94	-2.743	-4.939	-7.133	-3.084	-3.081	-7.705	-2.698	-6.431	-7.542	-3.192	0	0	0	0	0	0	0	0	0	0	0	0	0	0	0	0	0	0	0	0	0	0	0	0	0	0	0	0	0	0
22.66	-5.789	-6.847	-6.852	-2.873	-5.361	-3.169	-2.876	-3.118	-7.305	-4.565	-2.743	-4.711	-7.043	-3.592	-3.013	-5.128	-2.678	-5.637	-7.396	-2.676	0	0	0	0	0	0	0	0	0	0	0	0	0	0	0	0	0	0	0	0	0	0	0	0	0	0	0	0	0	0
22.67	-5.899	-6.896	-6.413	-2.881	-5.352	-3.375	-2.768	-3.034	-7.319	-4.351	-2.807	-4.478	-6.886	-3.568	-3.092	-3.476	-2.751	-6.466	-2.815	-2.699	0	0	0	0	0	0	0	0	0	0	0	0	0	0	0	0	0	0	0	0	0	0	0	0	0	0	0	0	0	0
22.68	-5.904	-6.837	-6.467	-2.86	-5.4	-3.205	-2.799	-4.495	-7.387	-4.156	-2.876	-4.295	-6.982	-3.548	-5.94	-5.649	-2.681	-4.745	-7.541	-2.551	0	0	0	0	0	0	0	0	0	0	0	0	0	0	0	0	0	0	0	0	0	0	0	0	0	0	0	0	0	0
22.69	-4.899	-6.815	-5.324	-2.85	-5.38	-3.023	-2.74	-2.807	-7.472	-3.925	-3.061	-4.124	-6.402	-3.575	-6.054	-4.66	-3.343	-5.202	-6.174	-6.822	0	0	0	0	0	0	0	0	0	0	0	0	0	0	0	0	0	0	0	0	0	0	0	0	0	0	0	0	0	0
22.7	-6.291	-6.691	-3.99	-2.777	-5.432	-2.952	-2.918	-2.751	-7.536	-3.648	-3.23	-3.934	-6.789	-3.515	-2.941	-6.781	-2.763	-6.218	-7.58	-5.199	0	0	0	0	0	0	0	0	0	0	0	0	0	0	0	0	0	0	0	0	0	0	0	0	0	0	0	0	0	0
22.71	-4.808	-6.835	-3.938	-7.488	-4.713	-7.433	-2.794	-2.708	-7.564	-3.459	-3.752	-3.362	-6.912	-3.715	-2.648	-7.208	-3.428	-4.703	-2.61	-6.031	0	0	0	0	0	0	0	0	0	0	0	0	0	0	0	0	0	0	0	0	0	0	0	0	0	0	0	0	0	0
22.72	-3.274	-6.531	-4.232	-7.516	-4.763	-7.528	-2.966	-2.717	-7.767	-3.174	-4.246	-3.394	-6.568	-3.512	-7.196	-7.297	-5.11	-3.174	-2.623	-3.718	0	0	0	0	0	0	0	0	0	0	0	0	0	0	0	0	0	0	0	0	0	0	0	0	0	0	0	0	0	0
22.73	-3.57	-6.53	-4.31	-7.452	-4.729	-7.562	-3.095	-2.736	-7.678	-2.836	-4.571	-3.208	-6.527	-3.536	-5.882	-5.914	-6.489	-3.074	-2.648	-4.423	0	0	0	0	0	0	0	0	0	0	0	0	0	0	0	0	0	0	0	0	0	0	0	0	0	0	0	0	0	0
22.74	-3.233	-6.402	-4.273	-7.552	-4.775	-7.55	-3.205	-3.051	-7.696	-2.912	-4.933	-3.049	-6.367	-3.466	-3.64	-3.194	-3.662	-3.676	-2.653	-2.588	0	0	0	0	0	0	0	0	0	0	0	0	0	0	0	0	0	0	0	0	0	0	0	0	0	0	0	0	0	0
22.75	-3.527	-6.314	-5.395	-7.58	-4.642	-7.543	-3.38	-2.888	-7.658	-2.879	-5.528	-2.954	-6.318	-3.32	-7.242	-7.71	-3.759	-3.587	-2.689	-5.085	0	0	0	0	0	0	0	0	0	0	0	0	0	0	0	0	0	0	0	0	0	0	0	0	0	0	0	0	0	0
22.76	-3.599	-6.267	-4.496	-7.555	-4.718	-7.501	-3.622	-2.978	-7.62	-2.77	-5.622	-2.896	-6.189	-3.463	-3.443	-3.113	-4.407	-3.804	-2.755	-5.068	0	0	0	0	0	0	0	0	0	0	0	0	0	0	0	0	0	0	0	0	0	0	0	0	0	0	0	0	0	0
22.77	-3.573	-6.191	-4.434	-7.585	-4.661	-7.393	-7.093	-3.157	-7.585	-2.789	-5.972	-2.798	-6.07	-3.406	-3.045	-5.862	-3.857	-7.647	-2.901	-6.172	0	0	0	0	0	0	0	0	0	0	0	0	0	0	0	0	0	0	0	0	0	0	0	0	0	0	0	0	0	0
22.78	-3.188	-6.175	-4.819	-7.568	-4.715	-7.265	-5.965	-3.244	-7.264	-2.859	-6.249	-2.782	-5.991	-3.371	-7.695	-6.919	-3.749	-7.636	-7.312	-5.356	0	0	0	0	0	0	0	0	0	0	0	0	0	0	0	0	0	0	0	0	0	0	0	0	0	0	0	0	0	0
22.79	-3.131	-6.021	-5.488	-7.584	-4.733	-7.113	-4.392	-3.371	-7.519	-2.912	-6.511	-2.783	-5.83	-3.337	-2.949	-4.823	-7.295	-3.121	-2.913	-5.519	0	0	0	0	0	0	0	0	0	0	0	0	0	0	0	0	0	0	0	0	0	0	0	0	0	0	0	0	0	0
22.8	-3.024	-5.965	-5.582	-7.493	-4.72	-7.029	-4.736	-3.79	-7.417	-3.019	-6.875	-2.829	-5.796	-3.309	-5.746	-5.727	-7.34	-2.94	-2.703	-6.473	0	0	0	0	0	0	0	0	0	0	0	0	0	0	0	0	0	0	0	0	0	0	0	0	0	0	0	0	0	0
22.81	-7.134	-4.517	-5.114	-2.953	-5.51	-3.743	-5.125	-3.925	-7.337	-3.284	-7.098	-3.136	-5.71	-3.311	-4.537	-5.733	-7.686	-4.283	-6.605	-4.667	0	0	0	0	0	0	0	0	0	0	0	0	0	0	0	0	0	0	0	0	0	0	0	0	0	0	0	0	0	0
22.82	-7.144	-4.413	-5.367	-2.833	-5.421	-4.031	-5.616	-4.178	-7.08	-4.275	-7.363	-3.133	-5.328	-3.181	-6.972	-6.347	-7.619	-4.142	-6.826	-2.604	0	0	0	0	0	0	0	0	0	0	0	0	0	0	0	0	0	0	0	0	0	0	0	0	0	0	0	0	0	0
22.83	-7.196	-4.53	-5.334	-2.724	-5.47	-4.21	-6	-4.4	-6.984	-4.46	-7.549	-3.346	-5.313	-2.913	-7.513	-6.831	-7.704	-3.615	-4.219	-3.297	0	0	0	0	0	0	0	0	0	0	0	0	0	0	0	0	0	0	0	0	0	0	0	0	0	0	0	0	0	0
22.84	-7.168	-4.691	-5.502	-2.913	-5.514	-4.543	-6.334	-4.521	-6.646	-4.409	-7.573	-3.498	-5.242	-3.15	-2.704	-3.064	-7.739	-4.594	-5.139	-3.837	0	0	0	0	0	0	0	0	0	0	0	0	0	0	0	0	0	0	0	0	0	0	0	0	0	0	0	0	0	0
22.85	-7.201	-4.751	-5.537	-3.003	-5.596	-4.725	-7.016	-4.772	-6.708	-4.687	-7.683	-3.726	-5.129	-3.135	-7.276	-3.485	-3.814	-3.74	-4.499	-3.729	0	0	0	0	0	0	0	0	0	0	0	0	0	0	0	0	0	0	0	0	0	0	0	0	0	0	0	0	0	0
22.86	-7.23	-4.875	-5.68	-3.048	-5.632	-5.152	-6.851	-4.933	-6.528	-5.061	-7.649	-3.955	-4.954	-3.133	-5.328	-7.607	-4.41	-4.596	-4.827	-2.655	0	0	0	0	0	0	0	0	0	0	0	0	0	0	0	0	0	0	0	0	0	0	0	0	0	0	0	0	0	0
22.87	-7.271	-4.858	-5.932	-3.149	-5.644	-5.275	-7.104	-5.149	-6.468	-5.413	-7.674	-4.226	-4.917	-3.098	-4.332	-2.965	-4.378	-6.889	-3.57	-6.058	0	0	0	0	0	0	0	0	0	0	0	0	0	0	0	0	0	0	0	0	0	0	0	0	0	0	0	0	0	0
22.88	-7.02	-4.968	-5.907	-3.208	-5.689	-5.606	-7.204	-5.388	-6.365	-5.745	-7.659	-4.495	-4.843	-3.062	-2.911	-6.529	-3.995	-2.732	-3.87	-3.454	0	0	0	0	0	0	0	0	0	0	0	0	0	0	0	0	0	0	0	0	0	0	0	0	0	0	0	0	0	0
22.89	-7.242	-4.703	-6.018	-3.285	-5.712	-5.821	-7.272	-5.52	-6.149	-6.118	-7.27	-4.283	-4.806	-3.114	-7.62	-5.186	-4.222	-6.751	-7.406	-4.18	0	0	0	0	0	0	0	0	0	0	0	0	0	0	0	0	0	0	0	0	0	0	0	0	0	0	0	0	0	0
22.9	-7.337	-5.11	-5.986	-3.394	-5.706	-6.142	-7.471	-5.758	-6.097	-6.419	-7.464	-5.21	-4.49	-3.033	-4.558	-2.71	-4.265	-6.099	-7.626	-4.45	0	0	0	0	0	0	0	0	0	0	0	0	0	0	0	0	0	0	0	0	0	0	0	0	0	0	0	0	0	0
22.91	-2.708	-4.92	-3.45	-6.661	-4.33	-3.56	-2.765	-6.317	-6.066	-6.906	-7.229	-6.142	-6.004	-3.137	-4.881	-7.733	-4.951	-3.156	-2.589	-5.513	0	0	0	0	0	0	0	0	0	0	0	0	0	0	0	0	0	0	0	0	0	0	0	0	0	0	0	0	0	0
22.92	-2.744	-4.866	-3.666	-6.552	-4.343	-3.34	-2.763	-6.469	-5.718	-7.259	-6.81	-6.254	-7.714	-2.981	-6.612	-4.801	-3.65	-3.267	-2.639	-5.812	0	0	0	0	0	0	0	0	0	0	0	0	0	0	0	0	0	0	0	0	0	0	0	0	0	0	0	0	0	0
22.93	-2.713	-4.737	-3.471	-6.421	-4.256	-3.138	-2.768	-6.982	-5.534	-7.426	-6.607	-6.594	-6.857	-2.98	-2.9	-2.824	-7.699	-6.554	-7.071	-6.84	0	0	0	0	0	0	0	0	0	0	0	0	0	0	0	0	0	0	0	0	0	0	0	0	0	0	0	0	0	0
22.94	-2.684	-4.729	-3.363	-6.206	-4.146	-3.04	-2.86	-6.77	-5.434	-7.546	-6.373	-6.902	-6.007	-2.985	-7.412	-5.82	-7.708	-4.945	-3.933	-6.621	0	0	0	0	0	0	0	0	0	0	0	0	0	0	0	0	0	0	0	0	0	0	0	0	0	0	0	0	0	0
22.95	-2.678	-4.732	-3.908	-6.048	-4.163	-2.89	-2.975	-6.992	-5.334	-7.598	-6.191	-7.154	-6.661	-2.982	-5.546	-6.099	-3.259	-4.934	-5.769	-3.86	0	0	0	0	0	0	0	0	0	0	0	0	0	0	0	0	0	0	0	0	0	0	0	0	0	0	0	0	0	0
22.96	-2.675	-4.66	-3.725	-5.929	-4.164	-2.748	-3.148	-7.097	-5.133	-7.663	-5.931	-7.38	-6.434	-2.923	-3.224	-2.721	-3.887	-5.134	-4.581	-6.601	0	0	0	0	0	0	0	0	0	0	0	0	0	0	0	0	0	0	0	0	0	0	0	0	0	0	0	0	0	0
22.97	-2.65	-4.617	-3.312	-5.677	-3.637	-2.692	-3.306	-7.168	-5.122	-7.579	-5.664	-7.533	-6.052	-2.756	-5.341	-2.646	-3.58	-4.953	-3.159	-3.282	0	0	0	0	0	0	0	0	0	0	0	0	0	0	0	0	0	0	0	0	0	0	0	0	0	0	0	0	0	0
22.98	-2.689	-4.645	-3.552	-5.545	-3.986	-2.662	-3.532	-7.28	-5.005	-7.505	-5.384	-7.637	-6.559	-2.863	-7.683	-5.359	-5.676	-4.999	-2.804	-3.195	0	0	0	0	0	0	0	0	0	0	0	0	0	0	0	0	0	0	0	0	0	0	0	0	0	0	0	0	0	0
22.99	-2.652	-4.636	-3.184	-5.401	-3.908	-2.677	-3.775	-7.45	-4.882	-7.329	-5.138	-7.697	-6.428	-2.863	-4.047	-4.444	-5.713	-5.267	-5.204	-3.213	0	0	0	0	0	0	0	0	0	0	0	0	0	0	0	0	0	0	0	0	0	0	0	0	0	0	0	0	0	0
23	-2.62	-4.629	-3.117	-5.178	-3.826	-2.736	-4.019	-7.532	-4.793	-7.034	-4.948	-7.677	-6.513	-2.867	-3.578	-7.763	-4.632	-5.114	-3.643	-3.097	0	0	0	0	0	0	0	0	0	0	0	0	0	0	0	0	0	0	0	0	0	0	0	0	0	0	0	0	0	0
