# SCAN started at: 2019-02-13 15:43:00
# Elen_Scan Mass: 67.9 Resolution: 30
# ----------------------------------------
# 
9.5	0.7407	4	0	0	0	0	0	0	0	0	0	0	0	0	0	0	0	0	0	2	0	0	4	0	6	0	4	0	0	0	0	0	0	0	0	0
9.51	0.07407	0	0	0	0	0	0	0	0	2	0	0	0	0	0	0	0	0	0	0	0	0	0	0	0	0	0	0	0	0	0	0	0	0	0	0
9.52	0.2222	0	0	0	0	0	2	0	4	0	0	0	0	0	0	0	0	0	0	0	0	0	0	0	0	0	0	0	0	0	0	0	0	0	0	0
9.53	0	0	0	0	0	0	0	0	0	0	0	0	0	0	0	0	0	0	0	0	0	0	0	0	0	0	0	0	0	0	0	0	0	0	0	0
9.54	0	0	0	0	0	0	0	0	0	0	0	0	0	0	0	0	0	0	0	0	0	0	0	0	0	0	0	0	0	0	0	0	0	0	0	0
9.55	0.07407	0	0	0	0	0	0	0	0	0	0	0	0	0	0	0	0	0	0	0	0	0	0	0	0	2	0	0	0	0	0	0	0	0	0	0
9.56	0	0	0	0	0	0	0	0	0	0	0	0	0	0	0	0	0	0	0	0	0	0	0	0	0	0	0	0	0	0	0	0	0	0	0	0
9.57	0	0	0	0	0	0	0	0	0	0	0	0	0	0	0	0	0	0	0	0	0	0	0	0	0	0	0	0	0	0	0	0	0	0	0	0
9.58	0	0	0	0	0	0	0	0	0	0	0	0	0	0	0	0	0	0	0	0	0	0	0	0	0	0	0	0	0	0	0	0	0	0	0	0
9.59	0	0	0	0	0	0	0	0	0	0	0	0	0	0	0	0	0	0	0	0	0	0	0	0	0	0	0	0	0	0	0	0	0	0	0	0
9.6	0	0	0	0	0	0	0	0	0	0	0	0	0	0	0	0	0	0	0	0	0	0	0	0	0	0	0	0	0	0	0	0	0	0	0	0
9.61	0	0	0	0	0	0	0	0	0	0	0	0	0	0	0	0	0	0	0	0	0	0	0	0	0	0	0	0	0	0	0	0	0	0	0	0
9.62	0	0	0	0	0	0	0	0	0	0	0	0	0	0	0	0	0	0	0	0	0	0	0	0	0	0	0	0	0	0	0	0	0	0	0	0
9.63	0	0	0	0	0	0	0	0	0	0	0	0	0	0	0	0	0	0	0	0	0	0	0	0	0	0	0	0	0	0	0	0	0	0	0	0
9.64	0	0	0	0	0	0	0	0	0	0	0	0	0	0	0	0	0	0	0	0	0	0	0	0	0	0	0	0	0	0	0	0	0	0	0	0
9.65	0	0	0	0	0	0	0	0	0	0	0	0	0	0	0	0	0	0	0	0	0	0	0	0	0	0	0	0	0	0	0	0	0	0	0	0
9.66	0.1538	0	4	0	0	0	0	0	0	0	0	0	0	0	0	0	0	0	0	0	0	0	0	0	0	0	0	0	0	0	0	0	0	0	0	0
9.67	0	0	0	0	0	0	0	0	0	0	0	0	0	0	0	0	0	0	0	0	0	0	0	0	0	0	0	0	0	0	0	0	0	0	0	0
9.68	0	0	0	0	0	0	0	0	0	0	0	0	0	0	0	0	0	0	0	0	0	0	0	0	0	0	0	0	0	0	0	0	0	0	0	0
9.69	0	0	0	0	0	0	0	0	0	0	0	0	0	0	0	0	0	0	0	0	0	0	0	0	0	0	0	0	0	0	0	0	0	0	0	0
9.7	0	0	0	0	0	0	0	0	0	0	0	0	0	0	0	0	0	0	0	0	0	0	0	0	0	0	0	0	0	0	0	0	0	0	0	0
9.71	0.1538	4	0	0	0	0	0	0	0	0	0	0	0	0	0	0	0	0	0	0	0	0	0	0	0	0	0	0	0	0	0	0	0	0	0	0
9.72	0	0	0	0	0	0	0	0	0	0	0	0	0	0	0	0	0	0	0	0	0	0	0	0	0	0	0	0	0	0	0	0	0	0	0	0
9.73	0	0	0	0	0	0	0	0	0	0	0	0	0	0	0	0	0	0	0	0	0	0	0	0	0	0	0	0	0	0	0	0	0	0	0	0
9.74	0	0	0	0	0	0	0	0	0	0	0	0	0	0	0	0	0	0	0	0	0	0	0	0	0	0	0	0	0	0	0	0	0	0	0	0
9.75	0	0	0	0	0	0	0	0	0	0	0	0	0	0	0	0	0	0	0	0	0	0	0	0	0	0	0	0	0	0	0	0	0	0	0	0
9.76	0	0	0	0	0	0	0	0	0	0	0	0	0	0	0	0	0	0	0	0	0	0	0	0	0	0	0	0	0	0	0	0	0	0	0	0
9.77	0	0	0	0	0	0	0	0	0	0	0	0	0	0	0	0	0	0	0	0	0	0	0	0	0	0	0	0	0	0	0	0	0	0	0	0
9.78	0	0	0	0	0	0	0	0	0	0	0	0	0	0	0	0	0	0	0	0	0	0	0	0	0	0	0	0	0	0	0	0	0	0	0	0
9.79	0	0	0	0	0	0	0	0	0	0	0	0	0	0	0	0	0	0	0	0	0	0	0	0	0	0	0	0	0	0	0	0	0	0	0	0
9.8	0	0	0	0	0	0	0	0	0	0	0	0	0	0	0	0	0	0	0	0	0	0	0	0	0	0	0	0	0	0	0	0	0	0	0	0
9.81	0	0	0	0	0	0	0	0	0	0	0	0	0	0	0	0	0	0	0	0	0	0	0	0	0	0	0	0	0	0	0	0	0	0	0	0
9.82	0	0	0	0	0	0	0	0	0	0	0	0	0	0	0	0	0	0	0	0	0	0	0	0	0	0	0	0	0	0	0	0	0	0	0	0
9.83	0	0	0	0	0	0	0	0	0	0	0	0	0	0	0	0	0	0	0	0	0	0	0	0	0	0	0	0	0	0	0	0	0	0	0	0
9.84	0	0	0	0	0	0	0	0	0	0	0	0	0	0	0	0	0	0	0	0	0	0	0	0	0	0	0	0	0	0	0	0	0	0	0	0
9.85	0	0	0	0	0	0	0	0	0	0	0	0	0	0	0	0	0	0	0	0	0	0	0	0	0	0	0	0	0	0	0	0	0	0	0	0
9.86	0	0	0	0	0	0	0	0	0	0	0	0	0	0	0	0	0	0	0	0	0	0	0	0	0	0	0	0	0	0	0	0	0	0	0	0
9.87	0	0	0	0	0	0	0	0	0	0	0	0	0	0	0	0	0	0	0	0	0	0	0	0	0	0	0	0	0	0	0	0	0	0	0	0
9.88	0.07692	0	0	0	0	0	0	2	0	0	0	0	0	0	0	0	0	0	0	0	0	0	0	0	0	0	0	0	0	0	0	0	0	0	0	0
9.89	0	0	0	0	0	0	0	0	0	0	0	0	0	0	0	0	0	0	0	0	0	0	0	0	0	0	0	0	0	0	0	0	0	0	0	0
9.9	0	0	0	0	0	0	0	0	0	0	0	0	0	0	0	0	0	0	0	0	0	0	0	0	0	0	0	0	0	0	0	0	0	0	0	0
9.91	0	0	0	0	0	0	0	0	0	0	0	0	0	0	0	0	0	0	0	0	0	0	0	0	0	0	0	0	0	0	0	0	0	0	0	0
9.92	0	0	0	0	0	0	0	0	0	0	0	0	0	0	0	0	0	0	0	0	0	0	0	0	0	0	0	0	0	0	0	0	0	0	0	0
9.93	0.07692	0	0	0	0	0	0	0	0	0	0	0	0	0	0	0	0	0	0	0	0	0	0	0	2	0	0	0	0	0	0	0	0	0	0	0
9.94	0	0	0	0	0	0	0	0	0	0	0	0	0	0	0	0	0	0	0	0	0	0	0	0	0	0	0	0	0	0	0	0	0	0	0	0
9.95	0	0	0	0	0	0	0	0	0	0	0	0	0	0	0	0	0	0	0	0	0	0	0	0	0	0	0	0	0	0	0	0	0	0	0	0
9.96	0	0	0	0	0	0	0	0	0	0	0	0	0	0	0	0	0	0	0	0	0	0	0	0	0	0	0	0	0	0	0	0	0	0	0	0
9.97	0	0	0	0	0	0	0	0	0	0	0	0	0	0	0	0	0	0	0	0	0	0	0	0	0	0	0	0	0	0	0	0	0	0	0	0
9.98	0	0	0	0	0	0	0	0	0	0	0	0	0	0	0	0	0	0	0	0	0	0	0	0	0	0	0	0	0	0	0	0	0	0	0	0
9.99	0	0	0	0	0	0	0	0	0	0	0	0	0	0	0	0	0	0	0	0	0	0	0	0	0	0	0	0	0	0	0	0	0	0	0	0
10	0	0	0	0	0	0	0	0	0	0	0	0	0	0	0	0	0	0	0	0	0	0	0	0	0	0	0	0	0	0	0	0	0	0	0	0
10.01	0	0	0	0	0	0	0	0	0	0	0	0	0	0	0	0	0	0	0	0	0	0	0	0	0	0	0	0	0	0	0	0	0	0	0	0
10.02	0	0	0	0	0	0	0	0	0	0	0	0	0	0	0	0	0	0	0	0	0	0	0	0	0	0	0	0	0	0	0	0	0	0	0	0
10.03	0	0	0	0	0	0	0	0	0	0	0	0	0	0	0	0	0	0	0	0	0	0	0	0	0	0	0	0	0	0	0	0	0	0	0	0
10.04	0	0	0	0	0	0	0	0	0	0	0	0	0	0	0	0	0	0	0	0	0	0	0	0	0	0	0	0	0	0	0	0	0	0	0	0
10.05	0	0	0	0	0	0	0	0	0	0	0	0	0	0	0	0	0	0	0	0	0	0	0	0	0	0	0	0	0	0	0	0	0	0	0	0
10.06	0	0	0	0	0	0	0	0	0	0	0	0	0	0	0	0	0	0	0	0	0	0	0	0	0	0	0	0	0	0	0	0	0	0	0	0
10.07	0	0	0	0	0	0	0	0	0	0	0	0	0	0	0	0	0	0	0	0	0	0	0	0	0	0	0	0	0	0	0	0	0	0	0	0
10.08	0	0	0	0	0	0	0	0	0	0	0	0	0	0	0	0	0	0	0	0	0	0	0	0	0	0	0	0	0	0	0	0	0	0	0	0
10.09	0.2308	0	2	0	0	0	0	2	0	0	0	0	0	0	0	0	0	2	0	0	0	0	0	0	0	0	0	0	0	0	0	0	0	0	0	0
10.1	0	0	0	0	0	0	0	0	0	0	0	0	0	0	0	0	0	0	0	0	0	0	0	0	0	0	0	0	0	0	0	0	0	0	0	0
10.11	0	0	0	0	0	0	0	0	0	0	0	0	0	0	0	0	0	0	0	0	0	0	0	0	0	0	0	0	0	0	0	0	0	0	0	0
10.12	0.1538	0	0	0	0	0	0	0	0	0	0	0	0	0	0	0	0	0	0	0	0	0	0	0	0	0	4	0	0	0	0	0	0	0	0	0
10.13	0.07692	0	0	0	0	2	0	0	0	0	0	0	0	0	0	0	0	0	0	0	0	0	0	0	0	0	0	0	0	0	0	0	0	0	0	0
10.14	0	0	0	0	0	0	0	0	0	0	0	0	0	0	0	0	0	0	0	0	0	0	0	0	0	0	0	0	0	0	0	0	0	0	0	0
10.15	0	0	0	0	0	0	0	0	0	0	0	0	0	0	0	0	0	0	0	0	0	0	0	0	0	0	0	0	0	0	0	0	0	0	0	0
10.16	0	0	0	0	0	0	0	0	0	0	0	0	0	0	0	0	0	0	0	0	0	0	0	0	0	0	0	0	0	0	0	0	0	0	0	0
10.17	0	0	0	0	0	0	0	0	0	0	0	0	0	0	0	0	0	0	0	0	0	0	0	0	0	0	0	0	0	0	0	0	0	0	0	0
10.18	0.6923	0	0	0	0	0	0	0	0	0	0	0	0	18	0	0	0	0	0	0	0	0	0	0	0	0	0	0	0	0	0	0	0	0	0	0
10.19	0	0	0	0	0	0	0	0	0	0	0	0	0	0	0	0	0	0	0	0	0	0	0	0	0	0	0	0	0	0	0	0	0	0	0	0
10.2	0.1538	0	0	0	0	0	0	0	0	0	4	0	0	0	0	0	0	0	0	0	0	0	0	0	0	0	0	0	0	0	0	0	0	0	0	0
10.21	0	0	0	0	0	0	0	0	0	0	0	0	0	0	0	0	0	0	0	0	0	0	0	0	0	0	0	0	0	0	0	0	0	0	0	0
10.22	0	0	0	0	0	0	0	0	0	0	0	0	0	0	0	0	0	0	0	0	0	0	0	0	0	0	0	0	0	0	0	0	0	0	0	0
10.23	0	0	0	0	0	0	0	0	0	0	0	0	0	0	0	0	0	0	0	0	0	0	0	0	0	0	0	0	0	0	0	0	0	0	0	0
10.24	0.07692	0	0	0	0	0	0	0	0	0	2	0	0	0	0	0	0	0	0	0	0	0	0	0	0	0	0	0	0	0	0	0	0	0	0	0
10.25	0	0	0	0	0	0	0	0	0	0	0	0	0	0	0	0	0	0	0	0	0	0	0	0	0	0	0	0	0	0	0	0	0	0	0	0
10.26	0	0	0	0	0	0	0	0	0	0	0	0	0	0	0	0	0	0	0	0	0	0	0	0	0	0	0	0	0	0	0	0	0	0	0	0
10.27	0.07692	0	0	0	0	0	0	0	0	0	0	0	0	0	0	0	0	0	0	0	0	0	0	0	2	0	0	0	0	0	0	0	0	0	0	0
10.28	0	0	0	0	0	0	0	0	0	0	0	0	0	0	0	0	0	0	0	0	0	0	0	0	0	0	0	0	0	0	0	0	0	0	0	0
10.29	0	0	0	0	0	0	0	0	0	0	0	0	0	0	0	0	0	0	0	0	0	0	0	0	0	0	0	0	0	0	0	0	0	0	0	0
10.3	0.07692	0	0	2	0	0	0	0	0	0	0	0	0	0	0	0	0	0	0	0	0	0	0	0	0	0	0	0	0	0	0	0	0	0	0	0
10.31	0	0	0	0	0	0	0	0	0	0	0	0	0	0	0	0	0	0	0	0	0	0	0	0	0	0	0	0	0	0	0	0	0	0	0	0
10.32	0.07692	0	0	0	0	0	0	2	0	0	0	0	0	0	0	0	0	0	0	0	0	0	0	0	0	0	0	0	0	0	0	0	0	0	0	0
10.33	0	0	0	0	0	0	0	0	0	0	0	0	0	0	0	0	0	0	0	0	0	0	0	0	0	0	0	0	0	0	0	0	0	0	0	0
10.34	0	0	0	0	0	0	0	0	0	0	0	0	0	0	0	0	0	0	0	0	0	0	0	0	0	0	0	0	0	0	0	0	0	0	0	0
10.35	0.1538	0	2	2	0	0	0	0	0	0	0	0	0	0	0	0	0	0	0	0	0	0	0	0	0	0	0	0	0	0	0	0	0	0	0	0
10.36	0	0	0	0	0	0	0	0	0	0	0	0	0	0	0	0	0	0	0	0	0	0	0	0	0	0	0	0	0	0	0	0	0	0	0	0
10.37	0	0	0	0	0	0	0	0	0	0	0	0	0	0	0	0	0	0	0	0	0	0	0	0	0	0	0	0	0	0	0	0	0	0	0	0
10.38	0	0	0	0	0	0	0	0	0	0	0	0	0	0	0	0	0	0	0	0	0	0	0	0	0	0	0	0	0	0	0	0	0	0	0	0
10.39	0	0	0	0	0	0	0	0	0	0	0	0	0	0	0	0	0	0	0	0	0	0	0	0	0	0	0	0	0	0	0	0	0	0	0	0
10.4	0	0	0	0	0	0	0	0	0	0	0	0	0	0	0	0	0	0	0	0	0	0	0	0	0	0	0	0	0	0	0	0	0	0	0	0
10.41	0	0	0	0	0	0	0	0	0	0	0	0	0	0	0	0	0	0	0	0	0	0	0	0	0	0	0	0	0	0	0	0	0	0	0	0
10.42	0	0	0	0	0	0	0	0	0	0	0	0	0	0	0	0	0	0	0	0	0	0	0	0	0	0	0	0	0	0	0	0	0	0	0	0
10.43	0	0	0	0	0	0	0	0	0	0	0	0	0	0	0	0	0	0	0	0	0	0	0	0	0	0	0	0	0	0	0	0	0	0	0	0
10.44	0	0	0	0	0	0	0	0	0	0	0	0	0	0	0	0	0	0	0	0	0	0	0	0	0	0	0	0	0	0	0	0	0	0	0	0
10.45	0	0	0	0	0	0	0	0	0	0	0	0	0	0	0	0	0	0	0	0	0	0	0	0	0	0	0	0	0	0	0	0	0	0	0	0
10.46	0	0	0	0	0	0	0	0	0	0	0	0	0	0	0	0	0	0	0	0	0	0	0	0	0	0	0	0	0	0	0	0	0	0	0	0
10.47	0	0	0	0	0	0	0	0	0	0	0	0	0	0	0	0	0	0	0	0	0	0	0	0	0	0	0	0	0	0	0	0	0	0	0	0
10.48	0	0	0	0	0	0	0	0	0	0	0	0	0	0	0	0	0	0	0	0	0	0	0	0	0	0	0	0	0	0	0	0	0	0	0	0
10.49	0	0	0	0	0	0	0	0	0	0	0	0	0	0	0	0	0	0	0	0	0	0	0	0	0	0	0	0	0	0	0	0	0	0	0	0
10.5	0.1538	0	0	0	0	0	2	0	0	0	0	0	0	0	0	0	0	0	0	0	0	0	0	0	2	0	0	0	0	0	0	0	0	0	0	0
10.51	1.538	40	0	0	0	0	0	0	0	0	0	0	0	0	0	0	0	0	0	0	0	0	0	0	0	0	0	0	0	0	0	0	0	0	0	0
10.52	0	0	0	0	0	0	0	0	0	0	0	0	0	0	0	0	0	0	0	0	0	0	0	0	0	0	0	0	0	0	0	0	0	0	0	0
10.53	0.4615	0	0	0	0	0	0	0	0	0	0	0	2	0	0	0	0	0	0	0	0	0	0	0	0	0	10	0	0	0	0	0	0	0	0	0
10.54	0.6154	16	0	0	0	0	0	0	0	0	0	0	0	0	0	0	0	0	0	0	0	0	0	0	0	0	0	0	0	0	0	0	0	0	0	0
10.55	0.3077	8	0	0	0	0	0	0	0	0	0	0	0	0	0	0	0	0	0	0	0	0	0	0	0	0	0	0	0	0	0	0	0	0	0	0
10.56	0	0	0	0	0	0	0	0	0	0	0	0	0	0	0	0	0	0	0	0	0	0	0	0	0	0	0	0	0	0	0	0	0	0	0	0
10.57	0	0	0	0	0	0	0	0	0	0	0	0	0	0	0	0	0	0	0	0	0	0	0	0	0	0	0	0	0	0	0	0	0	0	0	0
10.58	0.07692	0	0	0	0	0	0	0	0	0	0	0	0	0	0	0	0	0	0	2	0	0	0	0	0	0	0	0	0	0	0	0	0	0	0	0
10.59	0	0	0	0	0	0	0	0	0	0	0	0	0	0	0	0	0	0	0	0	0	0	0	0	0	0	0	0	0	0	0	0	0	0	0	0
10.6	0	0	0	0	0	0	0	0	0	0	0	0	0	0	0	0	0	0	0	0	0	0	0	0	0	0	0	0	0	0	0	0	0	0	0	0
10.61	0	0	0	0	0	0	0	0	0	0	0	0	0	0	0	0	0	0	0	0	0	0	0	0	0	0	0	0	0	0	0	0	0	0	0	0
10.62	0	0	0	0	0	0	0	0	0	0	0	0	0	0	0	0	0	0	0	0	0	0	0	0	0	0	0	0	0	0	0	0	0	0	0	0
10.63	0	0	0	0	0	0	0	0	0	0	0	0	0	0	0	0	0	0	0	0	0	0	0	0	0	0	0	0	0	0	0	0	0	0	0	0
10.64	0	0	0	0	0	0	0	0	0	0	0	0	0	0	0	0	0	0	0	0	0	0	0	0	0	0	0	0	0	0	0	0	0	0	0	0
10.65	0	0	0	0	0	0	0	0	0	0	0	0	0	0	0	0	0	0	0	0	0	0	0	0	0	0	0	0	0	0	0	0	0	0	0	0
10.66	0.2308	0	0	6	0	0	0	0	0	0	0	0	0	0	0	0	0	0	0	0	0	0	0	0	0	0	0	0	0	0	0	0	0	0	0	0
10.67	0.07692	0	0	0	0	2	0	0	0	0	0	0	0	0	0	0	0	0	0	0	0	0	0	0	0	0	0	0	0	0	0	0	0	0	0	0
10.68	0.07692	0	0	0	0	0	0	0	0	0	0	2	0	0	0	0	0	0	0	0	0	0	0	0	0	0	0	0	0	0	0	0	0	0	0	0
10.69	0	0	0	0	0	0	0	0	0	0	0	0	0	0	0	0	0	0	0	0	0	0	0	0	0	0	0	0	0	0	0	0	0	0	0	0
10.7	0	0	0	0	0	0	0	0	0	0	0	0	0	0	0	0	0	0	0	0	0	0	0	0	0	0	0	0	0	0	0	0	0	0	0	0
10.71	0.3846	10	0	0	0	0	0	0	0	0	0	0	0	0	0	0	0	0	0	0	0	0	0	0	0	0	0	0	0	0	0	0	0	0	0	0
10.72	0.1538	0	0	0	0	0	0	0	0	0	0	0	0	0	0	0	0	0	0	0	0	0	4	0	0	0	0	0	0	0	0	0	0	0	0	0
10.73	0	0	0	0	0	0	0	0	0	0	0	0	0	0	0	0	0	0	0	0	0	0	0	0	0	0	0	0	0	0	0	0	0	0	0	0
10.74	0.1538	0	0	0	0	0	4	0	0	0	0	0	0	0	0	0	0	0	0	0	0	0	0	0	0	0	0	0	0	0	0	0	0	0	0	0
10.75	0.07692	0	2	0	0	0	0	0	0	0	0	0	0	0	0	0	0	0	0	0	0	0	0	0	0	0	0	0	0	0	0	0	0	0	0	0
10.76	0.07692	0	0	0	0	0	0	0	0	0	0	0	0	0	0	0	0	0	0	0	0	0	0	2	0	0	0	0	0	0	0	0	0	0	0	0
10.77	0.1538	0	0	4	0	0	0	0	0	0	0	0	0	0	0	0	0	0	0	0	0	0	0	0	0	0	0	0	0	0	0	0	0	0	0	0
10.78	0	0	0	0	0	0	0	0	0	0	0	0	0	0	0	0	0	0	0	0	0	0	0	0	0	0	0	0	0	0	0	0	0	0	0	0
10.79	0	0	0	0	0	0	0	0	0	0	0	0	0	0	0	0	0	0	0	0	0	0	0	0	0	0	0	0	0	0	0	0	0	0	0	0
10.8	0	0	0	0	0	0	0	0	0	0	0	0	0	0	0	0	0	0	0	0	0	0	0	0	0	0	0	0	0	0	0	0	0	0	0	0
10.81	0.07692	0	0	0	0	0	0	0	0	0	0	0	0	0	0	0	0	0	0	0	0	0	0	2	0	0	0	0	0	0	0	0	0	0	0	0
10.82	0.07692	0	0	0	0	0	0	0	0	0	0	2	0	0	0	0	0	0	0	0	0	0	0	0	0	0	0	0	0	0	0	0	0	0	0	0
10.83	0	0	0	0	0	0	0	0	0	0	0	0	0	0	0	0	0	0	0	0	0	0	0	0	0	0	0	0	0	0	0	0	0	0	0	0
10.84	0	0	0	0	0	0	0	0	0	0	0	0	0	0	0	0	0	0	0	0	0	0	0	0	0	0	0	0	0	0	0	0	0	0	0	0
10.85	0	0	0	0	0	0	0	0	0	0	0	0	0	0	0	0	0	0	0	0	0	0	0	0	0	0	0	0	0	0	0	0	0	0	0	0
10.86	0	0	0	0	0	0	0	0	0	0	0	0	0	0	0	0	0	0	0	0	0	0	0	0	0	0	0	0	0	0	0	0	0	0	0	0
10.87	0.6923	0	0	18	0	0	0	0	0	0	0	0	0	0	0	0	0	0	0	0	0	0	0	0	0	0	0	0	0	0	0	0	0	0	0	0
10.88	0	0	0	0	0	0	0	0	0	0	0	0	0	0	0	0	0	0	0	0	0	0	0	0	0	0	0	0	0	0	0	0	0	0	0	0
10.89	0	0	0	0	0	0	0	0	0	0	0	0	0	0	0	0	0	0	0	0	0	0	0	0	0	0	0	0	0	0	0	0	0	0	0	0
10.9	0	0	0	0	0	0	0	0	0	0	0	0	0	0	0	0	0	0	0	0	0	0	0	0	0	0	0	0	0	0	0	0	0	0	0	0
10.91	0.07692	0	0	0	0	0	0	0	0	0	0	2	0	0	0	0	0	0	0	0	0	0	0	0	0	0	0	0	0	0	0	0	0	0	0	0
10.92	0	0	0	0	0	0	0	0	0	0	0	0	0	0	0	0	0	0	0	0	0	0	0	0	0	0	0	0	0	0	0	0	0	0	0	0
10.93	0.1538	0	0	4	0	0	0	0	0	0	0	0	0	0	0	0	0	0	0	0	0	0	0	0	0	0	0	0	0	0	0	0	0	0	0	0
10.94	0.2308	0	0	0	0	0	0	0	0	2	0	0	0	0	0	0	0	0	0	0	0	0	0	0	4	0	0	0	0	0	0	0	0	0	0	0
10.95	0.1538	0	2	0	0	0	0	0	0	0	0	0	0	0	0	0	0	0	0	0	0	0	0	2	0	0	0	0	0	0	0	0	0	0	0	0
10.96	0	0	0	0	0	0	0	0	0	0	0	0	0	0	0	0	0	0	0	0	0	0	0	0	0	0	0	0	0	0	0	0	0	0	0	0
10.97	0.1538	0	2	0	0	0	0	0	0	0	0	0	0	0	0	0	0	0	2	0	0	0	0	0	0	0	0	0	0	0	0	0	0	0	0	0
10.98	0	0	0	0	0	0	0	0	0	0	0	0	0	0	0	0	0	0	0	0	0	0	0	0	0	0	0	0	0	0	0	0	0	0	0	0
10.99	0	0	0	0	0	0	0	0	0	0	0	0	0	0	0	0	0	0	0	0	0	0	0	0	0	0	0	0	0	0	0	0	0	0	0	0
11	0	0	0	0	0	0	0	0	0	0	0	0	0	0	0	0	0	0	0	0	0	0	0	0	0	0	0	0	0	0	0	0	0	0	0	0
11.01	0	0	0	0	0	0	0	0	0	0	0	0	0	0	0	0	0	0	0	0	0	0	0	0	0	0	0	0	0	0	0	0	0	0	0	0
11.02	0	0	0	0	0	0	0	0	0	0	0	0	0	0	0	0	0	0	0	0	0	0	0	0	0	0	0	0	0	0	0	0	0	0	0	0
11.03	0.07692	2	0	0	0	0	0	0	0	0	0	0	0	0	0	0	0	0	0	0	0	0	0	0	0	0	0	0	0	0	0	0	0	0	0	0
11.04	0	0	0	0	0	0	0	0	0	0	0	0	0	0	0	0	0	0	0	0	0	0	0	0	0	0	0	0	0	0	0	0	0	0	0	0
11.05	0.07692	0	0	0	0	0	0	0	0	0	0	0	0	0	0	0	0	0	0	2	0	0	0	0	0	0	0	0	0	0	0	0	0	0	0	0
11.06	0	0	0	0	0	0	0	0	0	0	0	0	0	0	0	0	0	0	0	0	0	0	0	0	0	0	0	0	0	0	0	0	0	0	0	0
11.07	0.07692	0	0	2	0	0	0	0	0	0	0	0	0	0	0	0	0	0	0	0	0	0	0	0	0	0	0	0	0	0	0	0	0	0	0	0
11.08	0	0	0	0	0	0	0	0	0	0	0	0	0	0	0	0	0	0	0	0	0	0	0	0	0	0	0	0	0	0	0	0	0	0	0	0
11.09	0.07692	0	0	0	0	0	0	0	0	0	0	0	0	0	0	0	0	0	0	0	0	0	0	0	2	0	0	0	0	0	0	0	0	0	0	0
11.1	0	0	0	0	0	0	0	0	0	0	0	0	0	0	0	0	0	0	0	0	0	0	0	0	0	0	0	0	0	0	0	0	0	0	0	0
11.11	0.1538	0	0	0	0	0	0	0	0	0	0	4	0	0	0	0	0	0	0	0	0	0	0	0	0	0	0	0	0	0	0	0	0	0	0	0
11.12	0	0	0	0	0	0	0	0	0	0	0	0	0	0	0	0	0	0	0	0	0	0	0	0	0	0	0	0	0	0	0	0	0	0	0	0
11.13	0	0	0	0	0	0	0	0	0	0	0	0	0	0	0	0	0	0	0	0	0	0	0	0	0	0	0	0	0	0	0	0	0	0	0	0
11.14	0.2308	0	0	0	0	0	0	2	0	0	0	0	0	0	0	0	0	0	0	0	0	0	0	0	0	0	4	0	0	0	0	0	0	0	0	0
11.15	0.07692	0	0	0	0	0	0	0	0	0	0	2	0	0	0	0	0	0	0	0	0	0	0	0	0	0	0	0	0	0	0	0	0	0	0	0
11.16	0	0	0	0	0	0	0	0	0	0	0	0	0	0	0	0	0	0	0	0	0	0	0	0	0	0	0	0	0	0	0	0	0	0	0	0
11.17	0	0	0	0	0	0	0	0	0	0	0	0	0	0	0	0	0	0	0	0	0	0	0	0	0	0	0	0	0	0	0	0	0	0	0	0
11.18	0	0	0	0	0	0	0	0	0	0	0	0	0	0	0	0	0	0	0	0	0	0	0	0	0	0	0	0	0	0	0	0	0	0	0	0
11.19	0.3077	0	0	0	0	0	8	0	0	0	0	0	0	0	0	0	0	0	0	0	0	0	0	0	0	0	0	0	0	0	0	0	0	0	0	0
11.2	0	0	0	0	0	0	0	0	0	0	0	0	0	0	0	0	0	0	0	0	0	0	0	0	0	0	0	0	0	0	0	0	0	0	0	0
11.21	0.4615	0	0	0	0	0	0	0	4	0	0	0	8	0	0	0	0	0	0	0	0	0	0	0	0	0	0	0	0	0	0	0	0	0	0	0
11.22	0	0	0	0	0	0	0	0	0	0	0	0	0	0	0	0	0	0	0	0	0	0	0	0	0	0	0	0	0	0	0	0	0	0	0	0
11.23	0	0	0	0	0	0	0	0	0	0	0	0	0	0	0	0	0	0	0	0	0	0	0	0	0	0	0	0	0	0	0	0	0	0	0	0
11.24	0.07692	0	0	0	0	0	0	0	0	0	0	0	0	0	0	0	0	0	0	0	2	0	0	0	0	0	0	0	0	0	0	0	0	0	0	0
11.25	0.07692	0	0	0	0	0	0	0	0	0	0	0	0	0	0	0	0	0	0	0	0	0	0	2	0	0	0	0	0	0	0	0	0	0	0	0
11.26	0	0	0	0	0	0	0	0	0	0	0	0	0	0	0	0	0	0	0	0	0	0	0	0	0	0	0	0	0	0	0	0	0	0	0	0
11.27	0.07692	0	0	0	0	0	0	0	0	0	0	0	0	0	0	0	2	0	0	0	0	0	0	0	0	0	0	0	0	0	0	0	0	0	0	0
11.28	0	0	0	0	0	0	0	0	0	0	0	0	0	0	0	0	0	0	0	0	0	0	0	0	0	0	0	0	0	0	0	0	0	0	0	0
11.29	0.1538	0	0	0	0	0	0	0	0	0	0	0	0	0	0	0	0	0	0	0	0	0	0	0	0	4	0	0	0	0	0	0	0	0	0	0
11.3	0.07692	0	0	0	0	0	2	0	0	0	0	0	0	0	0	0	0	0	0	0	0	0	0	0	0	0	0	0	0	0	0	0	0	0	0	0
11.31	0	0	0	0	0	0	0	0	0	0	0	0	0	0	0	0	0	0	0	0	0	0	0	0	0	0	0	0	0	0	0	0	0	0	0	0
11.32	0.1538	0	0	0	0	0	0	0	0	2	0	0	0	0	0	0	0	0	0	0	0	0	0	2	0	0	0	0	0	0	0	0	0	0	0	0
11.33	0.07692	0	0	0	0	0	0	0	0	0	0	2	0	0	0	0	0	0	0	0	0	0	0	0	0	0	0	0	0	0	0	0	0	0	0	0
11.34	0.07692	0	0	0	2	0	0	0	0	0	0	0	0	0	0	0	0	0	0	0	0	0	0	0	0	0	0	0	0	0	0	0	0	0	0	0
11.35	0.07692	0	0	0	0	0	0	0	0	0	0	0	0	0	0	0	0	0	0	0	2	0	0	0	0	0	0	0	0	0	0	0	0	0	0	0
11.36	0.07692	0	0	0	2	0	0	0	0	0	0	0	0	0	0	0	0	0	0	0	0	0	0	0	0	0	0	0	0	0	0	0	0	0	0	0
11.37	0	0	0	0	0	0	0	0	0	0	0	0	0	0	0	0	0	0	0	0	0	0	0	0	0	0	0	0	0	0	0	0	0	0	0	0
11.38	0.07692	0	0	0	0	0	0	0	0	0	0	0	0	0	0	0	0	0	0	0	2	0	0	0	0	0	0	0	0	0	0	0	0	0	0	0
11.39	0.07692	0	2	0	0	0	0	0	0	0	0	0	0	0	0	0	0	0	0	0	0	0	0	0	0	0	0	0	0	0	0	0	0	0	0	0
11.4	0.07692	0	0	0	0	2	0	0	0	0	0	0	0	0	0	0	0	0	0	0	0	0	0	0	0	0	0	0	0	0	0	0	0	0	0	0
11.41	0.07692	0	0	0	0	0	0	0	0	0	0	0	2	0	0	0	0	0	0	0	0	0	0	0	0	0	0	0	0	0	0	0	0	0	0	0
11.42	0	0	0	0	0	0	0	0	0	0	0	0	0	0	0	0	0	0	0	0	0	0	0	0	0	0	0	0	0	0	0	0	0	0	0	0
11.43	0	0	0	0	0	0	0	0	0	0	0	0	0	0	0	0	0	0	0	0	0	0	0	0	0	0	0	0	0	0	0	0	0	0	0	0
11.44	0	0	0	0	0	0	0	0	0	0	0	0	0	0	0	0	0	0	0	0	0	0	0	0	0	0	0	0	0	0	0	0	0	0	0	0
11.45	0.1538	0	0	0	0	0	0	0	0	0	0	0	0	0	0	2	0	0	0	0	2	0	0	0	0	0	0	0	0	0	0	0	0	0	0	0
11.46	0	0	0	0	0	0	0	0	0	0	0	0	0	0	0	0	0	0	0	0	0	0	0	0	0	0	0	0	0	0	0	0	0	0	0	0
11.47	0.3077	0	0	2	0	0	0	0	0	0	0	0	0	6	0	0	0	0	0	0	0	0	0	0	0	0	0	0	0	0	0	0	0	0	0	0
11.48	0.07692	0	0	0	0	0	0	2	0	0	0	0	0	0	0	0	0	0	0	0	0	0	0	0	0	0	0	0	0	0	0	0	0	0	0	0
11.49	0.1538	0	0	0	0	0	0	0	0	0	0	0	0	0	2	0	0	0	0	0	0	0	0	0	0	0	2	0	0	0	0	0	0	0	0	0
11.5	0.07692	0	0	0	0	0	0	0	0	0	0	0	0	0	0	0	0	0	0	0	0	2	0	0	0	0	0	0	0	0	0	0	0	0	0	0
11.51	0.2308	0	0	0	0	2	0	0	0	0	0	0	0	0	0	0	0	0	0	0	0	0	2	0	2	0	0	0	0	0	0	0	0	0	0	0
11.52	0.07692	0	0	0	0	0	0	0	0	0	0	0	0	0	0	0	0	0	0	0	0	0	0	0	2	0	0	0	0	0	0	0	0	0	0	0
11.53	0.07692	2	0	0	0	0	0	0	0	0	0	0	0	0	0	0	0	0	0	0	0	0	0	0	0	0	0	0	0	0	0	0	0	0	0	0
11.54	0.07692	0	0	0	0	0	0	0	0	0	0	0	0	0	0	0	0	0	2	0	0	0	0	0	0	0	0	0	0	0	0	0	0	0	0	0
11.55	0.1538	0	0	0	0	0	0	0	0	0	0	0	0	0	0	4	0	0	0	0	0	0	0	0	0	0	0	0	0	0	0	0	0	0	0	0
11.56	0.2308	0	2	0	0	0	0	0	0	0	0	0	0	0	0	0	0	0	0	0	0	0	4	0	0	0	0	0	0	0	0	0	0	0	0	0
11.57	0.3846	0	0	2	0	0	0	0	0	0	0	0	0	0	0	0	0	0	6	0	0	0	0	0	0	2	0	0	0	0	0	0	0	0	0	0
11.58	0.4615	0	0	0	0	0	0	0	0	0	10	0	0	0	0	0	2	0	0	0	0	0	0	0	0	0	0	0	0	0	0	0	0	0	0	0
11.59	0.07692	2	0	0	0	0	0	0	0	0	0	0	0	0	0	0	0	0	0	0	0	0	0	0	0	0	0	0	0	0	0	0	0	0	0	0
11.6	0.3077	0	0	0	0	0	0	0	0	0	0	2	0	4	0	0	0	0	0	0	0	0	0	0	0	2	0	0	0	0	0	0	0	0	0	0
11.61	0.7692	0	0	0	0	0	0	0	0	0	20	0	0	0	0	0	0	0	0	0	0	0	0	0	0	0	0	0	0	0	0	0	0	0	0	0
11.62	2.769	0	0	0	0	0	0	0	0	4	62	4	0	0	0	0	0	0	0	0	0	2	0	0	0	0	0	0	0	0	0	0	0	0	0	0
11.63	0.6154	4	0	0	0	0	2	0	0	0	10	0	0	0	0	0	0	0	0	0	0	0	0	0	0	0	0	0	0	0	0	0	0	0	0	0
11.64	0.6923	0	4	0	0	0	0	0	0	0	6	0	0	0	0	0	0	0	0	0	0	4	2	2	0	0	0	0	0	0	0	0	0	0	0	0
11.65	0.3077	0	0	0	0	0	0	0	0	0	0	0	4	0	0	0	0	0	0	4	0	0	0	0	0	0	0	0	0	0	0	0	0	0	0	0
11.66	0.3846	0	0	0	0	0	2	0	0	0	6	0	0	0	0	0	0	0	0	0	0	0	0	0	0	2	0	0	0	0	0	0	0	0	0	0
11.67	0.6154	0	0	0	2	0	0	0	0	2	0	0	0	0	0	0	0	0	0	0	0	6	0	2	0	0	4	0	0	0	0	0	0	0	0	0
11.68	0.3846	2	0	0	0	0	2	0	0	0	0	0	0	0	0	0	0	0	0	0	0	0	0	0	0	4	2	0	0	0	0	0	0	0	0	0
11.69	0.3846	0	0	0	0	0	0	0	0	6	0	0	0	0	0	0	0	0	0	0	0	0	0	0	0	0	4	0	0	0	0	0	0	0	0	0
11.7	0.2308	0	0	0	0	2	0	0	0	0	2	0	0	0	0	0	0	0	0	0	2	0	0	0	0	0	0	0	0	0	0	0	0	0	0	0
11.71	1.231	0	0	0	0	0	0	0	0	0	22	0	0	0	0	0	0	0	2	0	0	0	0	0	4	4	0	0	0	0	0	0	0	0	0	0
11.72	0.07692	0	0	0	0	0	0	0	0	0	0	0	0	0	0	2	0	0	0	0	0	0	0	0	0	0	0	0	0	0	0	0	0	0	0	0
11.73	0.3846	0	0	0	0	0	0	0	0	0	0	0	0	0	2	2	0	2	0	0	0	0	0	0	4	0	0	0	0	0	0	0	0	0	0	0
11.74	0.3077	0	0	0	0	0	0	0	0	2	0	0	0	0	2	0	0	2	0	0	2	0	0	0	0	0	0	0	0	0	0	0	0	0	0	0
11.75	0.6154	0	0	0	2	0	0	0	0	0	8	0	2	0	0	0	2	0	0	0	0	2	0	0	0	0	0	0	0	0	0	0	0	0	0	0
11.76	0.1538	0	0	0	0	2	2	0	0	0	0	0	0	0	0	0	0	0	0	0	0	0	0	0	0	0	0	0	0	0	0	0	0	0	0	0
11.77	1	4	0	0	0	0	0	0	4	4	0	0	0	0	0	0	6	0	0	2	6	0	0	0	0	0	0	0	0	0	0	0	0	0	0	0
11.78	0.6923	0	2	0	0	0	0	0	0	0	2	0	0	2	0	0	0	0	2	10	0	0	0	0	0	0	0	0	0	0	0	0	0	0	0	0
11.79	0.5385	0	2	0	0	0	0	0	0	0	0	0	0	0	0	0	0	0	0	0	0	2	0	0	4	4	2	0	0	0	0	0	0	0	0	0
11.8	0.07692	0	0	0	0	0	0	0	0	0	0	0	0	0	0	0	0	0	0	0	0	2	0	0	0	0	0	0	0	0	0	0	0	0	0	0
11.81	0.2308	4	0	0	0	0	0	0	0	0	0	2	0	0	0	0	0	0	0	0	0	0	0	0	0	0	0	0	0	0	0	0	0	0	0	0
11.82	1.462	0	0	0	0	0	0	0	6	0	0	2	0	0	0	0	2	4	0	0	4	2	0	8	4	6	0	0	0	0	0	0	0	0	0	0
11.83	0.6154	0	0	0	0	0	4	0	0	0	0	0	0	0	0	0	0	0	0	0	0	0	0	0	10	0	2	0	0	0	0	0	0	0	0	0
11.84	0.7692	0	0	0	0	4	0	0	0	0	0	0	0	0	0	8	0	2	0	0	4	0	0	0	0	0	2	0	0	0	0	0	0	0	0	0
11.85	0.4615	0	0	0	0	0	2	0	0	0	0	0	0	0	0	4	0	0	0	0	0	0	0	0	6	0	0	0	0	0	0	0	0	0	0	0
11.86	0.6923	0	0	0	0	4	0	0	0	2	0	4	0	0	0	0	2	0	0	0	0	0	2	0	4	0	0	0	0	0	0	0	0	0	0	0
11.87	0.6154	0	0	2	0	0	0	0	0	2	0	2	4	0	0	0	2	0	0	0	0	0	4	0	0	0	0	0	0	0	0	0	0	0	0	0
11.88	0.8462	0	0	0	4	4	0	0	0	0	0	0	0	0	0	2	0	0	8	0	0	0	0	0	0	4	0	0	0	0	0	0	0	0	0	0
11.89	0.2308	4	0	0	0	0	2	0	0	0	0	0	0	0	0	0	0	0	0	0	0	0	0	0	0	0	0	0	0	0	0	0	0	0	0	0
11.9	0.6923	2	2	0	0	0	0	0	0	0	0	0	0	0	0	4	2	0	2	0	0	0	0	6	0	0	0	0	0	0	0	0	0	0	0	0
11.91	0.9231	0	0	0	4	6	2	0	4	0	4	0	0	0	0	0	0	0	0	0	0	0	0	2	0	0	2	0	0	0	0	0	0	0	0	0
11.92	1	4	2	0	0	4	0	4	0	0	0	0	0	0	0	0	0	8	0	0	0	4	0	0	0	0	0	0	0	0	0	0	0	0	0	0
11.93	0.9231	0	0	0	0	0	0	2	0	2	6	0	0	0	0	0	2	2	0	0	0	4	2	0	0	4	0	0	0	0	0	0	0	0	0	0
11.94	0.9231	0	0	0	0	0	0	0	0	0	0	0	0	0	2	4	0	0	0	2	0	2	0	0	2	12	0	0	0	0	0	0	0	0	0	0
11.95	1	0	2	0	0	0	0	0	0	2	0	0	0	0	0	0	0	2	0	0	4	6	8	0	2	0	0	0	0	0	0	0	0	0	0	0
11.96	1.077	0	0	0	0	0	0	4	0	0	0	0	0	6	0	0	0	0	2	4	0	0	4	8	0	0	0	0	0	0	0	0	0	0	0	0
11.97	0.5385	0	0	0	0	2	0	0	4	0	0	0	0	0	0	2	0	4	0	0	0	0	0	0	0	2	0	0	0	0	0	0	0	0	0	0
11.98	0.8462	0	0	0	0	0	0	2	0	0	0	6	0	0	0	0	4	0	0	2	0	0	0	0	4	0	4	0	0	0	0	0	0	0	0	0
11.99	0.6154	2	0	0	0	0	0	0	0	0	2	0	0	2	0	2	0	2	0	0	0	0	2	2	2	0	0	0	0	0	0	0	0	0	0	0
12	1.846	6	0	4	0	2	0	0	4	0	6	0	0	6	2	4	8	0	0	4	0	0	0	0	0	0	2	0	0	0	0	0	0	0	0	0
12.01	1.154	0	10	0	0	4	0	0	0	2	2	4	2	0	0	0	0	0	2	0	0	0	0	0	0	4	0	0	0	0	0	0	0	0	0	0
12.02	1.231	4	0	0	0	0	2	2	2	0	4	0	0	2	0	2	4	0	0	0	0	0	8	0	2	0	0	0	0	0	0	0	0	0	0	0
12.03	0.7692	0	2	2	0	0	0	0	0	0	2	0	0	0	0	0	0	2	6	2	0	0	0	0	2	0	2	0	0	0	0	0	0	0	0	0
12.04	1.077	8	0	0	0	0	0	0	0	0	0	2	0	2	0	0	2	0	0	4	0	2	0	0	8	0	0	0	0	0	0	0	0	0	0	0
12.05	1.154	0	2	0	0	0	2	0	0	0	0	4	0	4	0	0	0	4	4	0	0	6	2	0	2	0	0	0	0	0	0	0	0	0	0	0
12.06	1.615	0	0	0	0	0	2	4	2	2	0	0	0	4	2	0	6	4	2	0	0	6	0	2	6	0	0	0	0	0	0	0	0	0	0	0
12.07	2.769	4	0	0	0	0	2	4	0	0	4	2	0	18	4	0	0	0	0	0	0	2	0	16	0	10	6	0	0	0	0	0	0	0	0	0
12.08	1.846	0	4	0	4	2	0	0	0	0	0	0	0	12	0	0	0	0	0	2	0	0	10	2	4	0	8	0	0	0	0	0	0	0	0	0
12.09	0.9231	0	0	0	0	0	2	4	0	0	0	0	2	2	0	0	2	0	2	0	2	0	2	4	2	0	0	0	0	0	0	0	0	0	0	0
12.1	1.154	0	0	0	0	2	0	0	0	2	0	8	0	4	0	0	0	4	0	2	0	4	0	0	0	0	4	0	0	0	0	0	0	0	0	0
12.11	1.077	0	0	0	0	2	0	0	2	6	0	0	0	2	4	0	0	0	0	4	2	0	0	2	0	4	0	0	0	0	0	0	0	0	0	0
12.12	1.385	0	0	8	4	0	0	0	4	0	0	2	0	2	4	0	0	0	0	0	2	0	6	0	4	0	0	0	0	0	0	0	0	0	0	0
12.13	1.615	0	0	4	0	0	0	0	0	2	0	0	0	4	2	6	0	0	0	0	0	8	0	6	4	0	6	0	0	0	0	0	0	0	0	0
12.14	2.231	0	0	2	0	2	0	4	4	0	4	2	2	0	0	2	4	4	2	0	0	4	6	6	4	4	2	0	0	0	0	0	0	0	0	0
12.15	1.231	0	0	0	2	0	0	0	0	0	2	0	6	2	2	2	0	2	4	0	0	0	0	2	4	4	0	0	0	0	0	0	0	0	0	0
12.16	2.077	6	0	2	0	4	0	0	0	0	0	0	2	6	2	4	2	0	6	8	2	0	4	4	0	0	2	0	0	0	0	0	0	0	0	0
12.17	1.538	4	0	0	0	10	0	0	4	0	0	2	0	2	0	2	0	0	0	4	0	2	4	4	0	0	2	0	0	0	0	0	0	0	0	0
12.18	2.385	0	2	4	0	0	4	0	4	6	0	10	4	4	2	0	0	4	2	0	0	4	0	4	2	2	4	0	0	0	0	0	0	0	0	0
12.19	2	0	0	0	0	2	2	2	4	0	0	2	0	2	4	4	2	0	4	0	0	0	0	6	8	6	4	0	0	0	0	0	0	0	0	0
12.2	2.231	0	0	0	2	0	0	2	0	8	2	4	0	2	4	4	2	6	6	2	4	0	2	6	0	0	2	0	0	0	0	0	0	0	0	0
12.21	2.231	2	0	0	0	4	0	0	2	0	0	4	6	0	0	12	6	0	2	0	0	2	0	4	4	4	6	0	0	0	0	0	0	0	0	0
12.22	2.385	0	0	0	2	0	2	0	0	0	6	4	2	0	2	8	2	2	2	16	0	6	2	0	4	2	0	0	0	0	0	0	0	0	0	0
12.23	1.769	2	2	6	4	0	8	0	4	0	0	2	0	0	4	4	2	0	0	0	0	0	2	0	6	0	0	0	0	0	0	0	0	0	0	0
12.24	2.923	0	6	6	6	0	6	6	0	8	0	0	2	2	6	0	4	4	2	6	0	2	4	2	2	2	0	0	0	0	0	0	0	0	0	0
12.25	3	2	0	2	4	4	2	0	2	4	4	6	8	0	0	8	6	4	4	2	2	0	6	2	2	0	4	0	0	0	0	0	0	0	0	0
12.26	2.769	2	8	2	0	4	6	0	6	0	0	6	0	14	2	0	0	4	2	4	2	0	4	2	2	2	0	0	0	0	0	0	0	0	0	0
12.27	4.385	0	0	0	2	0	4	4	0	2	0	4	4	14	2	6	8	6	8	8	10	4	0	2	10	16	0	0	0	0	0	0	0	0	0	0
12.28	3.154	0	14	2	2	8	0	4	0	4	2	10	6	4	0	0	4	0	0	4	2	0	2	0	6	2	6	0	0	0	0	0	0	0	0	0
12.29	2.846	4	4	2	0	8	2	6	0	2	4	0	2	8	4	2	0	6	2	0	0	2	0	6	10	0	0	0	0	0	0	0	0	0	0	0
12.3	3.538	0	0	0	0	0	2	4	8	6	6	12	6	0	0	0	4	4	0	12	2	8	0	6	0	6	6	0	0	0	0	0	0	0	0	0
12.31	3.385	2	0	0	0	0	4	2	2	8	2	4	0	2	2	4	4	4	6	2	2	4	10	0	12	12	0	0	0	0	0	0	0	0	0	0
12.32	3.615	2	4	0	4	0	6	2	0	2	2	2	12	0	0	0	6	0	2	2	12	10	6	4	6	6	4	0	0	0	0	0	0	0	0	0
12.33	3.077	0	4	0	0	2	4	6	0	0	0	8	0	2	0	6	4	6	0	2	6	6	6	10	0	2	6	0	0	0	0	0	0	0	0	0
12.34	3.615	8	0	8	6	10	2	0	4	2	0	4	0	0	0	0	0	16	0	8	8	2	2	10	0	2	2	0	0	0	0	0	0	0	0	0
12.35	2.692	0	0	2	4	0	4	6	6	0	0	2	0	8	2	0	4	6	0	0	2	4	2	4	4	4	6	0	0	0	0	0	0	0	0	0
12.36	3.231	2	6	2	0	2	2	6	4	0	6	6	4	0	2	2	2	6	2	4	2	6	8	4	0	4	2	0	0	0	0	0	0	0	0	0
12.37	4.077	2	4	10	0	0	4	0	8	2	2	2	0	0	4	14	2	4	0	12	2	6	4	6	6	8	4	0	0	0	0	0	0	0	0	0
12.38	3.769	8	4	10	0	2	4	4	0	4	0	6	0	10	2	4	2	6	6	4	2	0	2	2	4	2	10	0	0	0	0	0	0	0	0	0
12.39	3.692	14	2	0	0	8	12	0	0	2	2	4	2	2	2	6	2	0	10	0	6	4	2	0	4	6	6	0	0	0	0	0	0	0	0	0
12.4	3.692	4	6	0	2	8	8	2	0	0	10	0	2	6	8	8	4	6	0	2	0	8	2	4	2	2	2	0	0	0	0	0	0	0	0	0
12.41	3.385	2	4	0	2	6	0	4	0	6	0	4	4	2	10	6	4	2	0	4	4	0	0	2	12	4	6	0	0	0	0	0	0	0	0	0
12.42	4.538	4	0	0	4	0	4	2	8	6	4	4	10	0	6	14	0	2	4	0	8	4	8	6	2	12	6	0	0	0	0	0	0	0	0	0
12.43	4.692	4	10	6	2	0	4	0	2	4	4	10	4	6	6	4	4	10	6	8	6	0	6	6	4	2	4	0	0	0	0	0	0	0	0	0
12.44	7.231	6	8	8	6	0	6	0	8	4	2	12	6	14	8	18	6	2	12	4	12	6	6	2	18	6	8	0	0	0	0	0	0	0	0	0
12.45	3.308	0	2	0	0	0	4	10	6	4	0	4	12	6	6	0	0	8	2	8	0	2	4	0	0	6	2	0	0	0	0	0	0	0	0	0
12.46	4.923	2	10	0	2	6	2	4	2	6	12	0	2	4	6	6	6	16	4	4	10	4	2	4	2	2	10	0	0	0	0	0	0	0	0	0
12.47	5	6	10	0	2	0	8	2	4	0	6	4	4	4	4	6	6	6	2	4	18	10	10	0	4	8	2	0	0	0	0	0	0	0	0	0
12.48	5.923	0	0	2	4	8	4	2	2	6	18	4	2	0	4	16	8	12	6	6	8	0	8	6	18	8	2	0	0	0	0	0	0	0	0	0
12.49	5.692	14	10	0	4	6	4	2	0	2	8	2	2	8	12	6	0	2	8	18	8	6	8	4	6	0	8	0	0	0	0	0	0	0	0	0
12.5	5.077	6	14	0	0	4	2	4	4	8	6	4	2	2	10	4	0	2	4	10	8	10	4	10	0	8	6	0	0	0	0	0	0	0	0	0
12.51	5.846	6	4	0	0	8	4	2	8	2	12	2	6	4	2	0	10	4	10	6	10	12	4	12	12	4	8	0	0	0	0	0	0	0	0	0
12.52	5.154	2	4	2	8	8	8	12	0	6	2	4	12	6	4	2	8	4	8	6	8	8	4	2	2	4	0	0	0	0	0	0	0	0	0	0
12.53	4.846	4	0	8	2	8	2	0	4	0	4	4	0	12	12	0	0	8	2	12	2	10	4	12	4	0	12	0	0	0	0	0	0	0	0	0
12.54	5.538	2	4	6	0	2	10	2	2	0	0	2	8	2	6	6	0	2	10	10	6	4	16	14	4	4	22	0	0	0	0	0	0	0	0	0
12.55	6.308	6	4	0	0	14	8	10	4	6	4	6	2	14	0	2	6	2	2	10	12	14	12	8	4	6	8	0	0	0	0	0	0	0	0	0
12.56	6.692	6	0	8	4	8	2	4	6	8	4	4	2	4	12	2	14	10	4	4	12	14	10	4	6	16	6	0	0	0	0	0	0	0	0	0
12.57	6.846	4	16	6	0	6	8	8	8	10	18	6	0	10	6	6	6	6	0	6	10	6	6	10	6	4	6	0	0	0	0	0	0	0	0	0
12.58	5.385	8	0	0	0	6	8	6	10	8	2	6	2	4	0	2	12	14	0	2	6	8	8	6	10	8	4	0	0	0	0	0	0	0	0	0
12.59	5.462	0	0	4	4	12	6	10	4	0	0	2	6	0	4	8	6	0	4	6	0	6	8	6	20	8	18	0	0	0	0	0	0	0	0	0
12.6	5.154	10	4	6	2	6	2	8	4	12	10	2	0	4	4	0	0	10	8	12	2	2	2	4	4	10	6	0	0	0	0	0	0	0	0	0
12.61	6.769	2	10	0	8	2	8	2	4	12	6	4	12	2	16	20	6	6	8	2	8	14	10	2	0	4	8	0	0	0	0	0	0	0	0	0
12.62	6.769	2	14	10	2	4	16	4	2	0	10	6	6	10	10	4	10	4	6	14	6	6	2	0	8	10	10	0	0	0	0	0	0	0	0	0
12.63	9.077	4	4	10	10	8	0	12	10	4	0	0	4	8	14	4	10	2	26	10	4	24	18	18	8	18	6	0	0	0	0	0	0	0	0	0
12.64	7.923	16	8	0	4	6	16	12	12	12	2	2	6	6	2	6	4	6	12	2	12	8	8	14	4	4	22	0	0	0	0	0	0	0	0	0
12.65	7.923	14	2	2	10	0	4	14	8	12	2	2	20	8	6	4	10	12	10	8	8	4	4	22	6	14	0	0	0	0	0	0	0	0	0	0
12.66	7.769	4	10	0	0	6	4	10	6	8	4	0	10	2	2	8	2	12	6	18	24	18	8	6	14	2	18	0	0	0	0	0	0	0	0	0
12.67	8.538	4	4	14	6	6	0	14	2	6	4	18	6	8	0	16	6	20	6	6	10	12	16	4	4	12	18	0	0	0	0	0	0	0	0	0
12.68	8.538	8	10	10	6	8	8	2	8	12	6	14	4	0	6	6	2	14	10	18	2	14	6	4	16	14	14	0	0	0	0	0	0	0	0	0
12.69	8.462	4	2	6	2	16	8	0	16	12	4	8	4	2	2	12	20	6	6	8	14	16	8	16	12	10	6	0	0	0	0	0	0	0	0	0
12.7	9	10	4	14	6	10	8	6	0	2	2	10	14	6	18	10	6	22	4	4	10	12	4	16	14	12	10	0	0	0	0	0	0	0	0	0
12.71	6.462	0	4	0	4	6	10	6	12	4	4	8	4	0	0	2	6	6	6	10	8	16	22	4	6	14	6	0	0	0	0	0	0	0	0	0
12.72	10.31	18	6	20	10	6	18	2	0	6	12	10	14	8	10	12	14	28	2	0	12	12	6	16	10	2	14	0	0	0	0	0	0	0	0	0
12.73	10.46	4	20	16	0	10	20	10	6	10	12	8	6	8	18	4	14	6	6	18	6	20	8	20	12	10	0	0	0	0	0	0	0	0	0	0
12.74	10.38	4	2	10	10	16	10	6	10	10	6	0	12	16	28	2	4	16	10	24	4	4	18	12	8	14	14	0	0	0	0	0	0	0	0	0
12.75	10.15	6	4	4	8	8	30	8	2	2	8	12	4	8	6	6	6	12	16	18	10	20	14	14	12	12	14	0	0	0	0	0	0	0	0	0
12.76	9.385	12	0	4	22	0	4	2	12	8	10	0	0	6	8	14	12	10	8	8	8	18	8	18	20	20	12	0	0	0	0	0	0	0	0	0
12.77	8.615	8	8	10	0	12	6	12	6	14	6	8	4	6	10	10	6	8	8	10	6	8	12	20	4	8	14	0	0	0	0	0	0	0	0	0
12.78	8.769	6	8	8	2	4	10	10	12	0	8	0	2	8	32	14	0	20	10	8	20	6	12	4	12	8	4	0	0	0	0	0	0	0	0	0
12.79	7.308	0	6	0	4	8	12	0	0	0	8	26	12	8	4	2	8	6	4	4	8	14	6	18	12	10	10	0	0	0	0	0	0	0	0	0
12.8	11.08	12	6	8	2	4	8	4	14	14	20	10	4	12	2	8	10	20	12	20	20	16	10	18	18	6	10	0	0	0	0	0	0	0	0	0
12.81	12.15	10	8	8	8	12	8	14	12	8	14	20	14	16	10	18	22	16	6	8	14	6	30	10	6	14	4	0	0	0	0	0	0	0	0	0
12.82	9.615	2	8	2	2	2	0	14	22	20	6	12	8	2	2	2	10	18	14	20	14	8	12	14	18	16	2	0	0	0	0	0	0	0	0	0
12.83	11.38	8	10	12	10	12	6	12	6	22	10	0	8	2	22	24	6	18	6	10	8	10	12	22	16	12	12	0	0	0	0	0	0	0	0	0
12.84	12.15	16	16	10	12	12	8	16	2	18	2	6	4	6	18	8	14	8	14	22	12	12	6	34	18	16	6	0	0	0	0	0	0	0	0	0
12.85	11.08	10	6	14	10	8	4	8	6	2	20	8	10	0	10	10	10	22	6	24	12	16	10	28	6	22	6	0	0	0	0	0	0	0	0	0
12.86	10.54	20	6	6	12	8	18	12	2	2	4	14	4	6	20	8	8	20	8	16	4	10	10	24	10	12	10	0	0	0	0	0	0	0	0	0
12.87	10.69	4	6	6	0	10	10	16	4	12	26	2	16	2	14	16	2	16	16	10	12	22	4	4	28	8	12	0	0	0	0	0	0	0	0	0
12.88	11.77	16	8	10	4	14	12	20	6	10	16	6	12	6	6	26	6	8	6	6	32	8	12	30	6	10	10	0	0	0	0	0	0	0	0	0
12.89	12.23	4	6	16	18	16	12	12	6	16	12	6	10	10	14	0	10	12	10	20	2	8	14	26	24	18	16	0	0	0	0	0	0	0	0	0
12.9	12.23	10	10	12	12	4	10	6	18	4	12	0	10	14	18	12	6	16	10	12	14	18	6	18	28	24	14	0	0	0	0	0	0	0	0	0
12.91	11.77	16	6	8	24	2	10	6	6	4	16	6	12	16	4	10	2	18	16	10	0	12	16	22	20	18	26	0	0	0	0	0	0	0	0	0
12.92	9.231	12	16	4	6	6	2	2	4	8	10	6	6	8	10	10	4	12	16	6	10	22	14	18	12	4	12	0	0	0	0	0	0	0	0	0
12.93	12.69	0	14	14	14	8	12	6	8	8	12	10	22	10	24	10	18	16	12	6	14	12	10	32	20	8	10	0	0	0	0	0	0	0	0	0
12.94	14.54	14	2	6	6	16	8	14	10	22	14	16	6	16	8	6	22	16	26	18	8	10	20	14	40	14	26	0	0	0	0	0	0	0	0	0
12.95	13.31	8	10	14	10	10	12	6	0	18	10	16	8	10	16	4	16	14	24	8	20	12	24	22	18	14	22	0	0	0	0	0	0	0	0	0
12.96	12	8	20	12	8	8	10	6	16	4	12	4	0	20	20	12	12	6	12	20	14	14	10	18	20	8	18	0	0	0	0	0	0	0	0	0
12.97	12.46	10	18	24	8	12	12	14	10	4	12	22	4	14	10	12	14	10	12	18	4	14	10	18	10	14	14	0	0	0	0	0	0	0	0	0
12.98	16.31	24	16	20	8	12	6	36	18	6	10	14	20	10	24	18	20	18	24	18	8	14	26	18	14	8	14	0	0	0	0	0	0	0	0	0
12.99	14.62	14	8	12	24	8	8	22	12	14	24	22	4	22	6	4	20	4	36	24	4	8	14	18	20	20	8	0	0	0	0	0	0	0	0	0
13	15.54	2	2	16	20	18	18	26	18	6	18	6	20	14	10	16	16	10	38	10	10	22	8	28	28	6	18	0	0	0	0	0	0	0	0	0
13.01	14.38	8	8	12	16	10	12	6	4	12	4	2	8	16	20	20	16	14	18	18	34	12	32	6	10	18	38	0	0	0	0	0	0	0	0	0
13.02	12.92	24	4	8	10	2	12	14	6	20	2	6	6	10	2	20	22	30	24	14	12	14	32	10	8	22	2	0	0	0	0	0	0	0	0	0
13.03	13.38	4	6	12	8	24	30	12	6	20	24	12	6	14	4	8	6	6	30	12	8	16	20	30	8	10	12	0	0	0	0	0	0	0	0	0
13.04	13.77	6	28	4	16	24	20	10	8	12	8	28	14	10	6	4	6	6	40	24	10	8	10	0	10	28	18	0	0	0	0	0	0	0	0	0
13.05	16.85	16	22	8	2	6	12	18	14	12	8	36	16	30	8	16	14	8	32	12	22	14	18	16	22	28	28	0	0	0	0	0	0	0	0	0
13.06	16.62	16	10	22	4	28	16	10	16	14	18	22	8	10	6	16	22	20	18	12	18	14	24	28	22	18	20	0	0	0	0	0	0	0	0	0
13.07	15.15	6	16	10	22	12	22	22	20	20	14	10	28	6	6	14	16	12	10	14	0	20	30	14	26	6	18	0	0	0	0	0	0	0	0	0
13.08	16.08	14	8	18	18	20	22	16	10	8	12	8	24	18	8	10	26	14	14	22	12	20	12	22	26	8	28	0	0	0	0	0	0	0	0	0
13.09	15.92	20	4	14	16	10	18	12	10	14	26	12	10	10	6	16	22	22	22	12	18	14	28	22	26	20	10	0	0	0	0	0	0	0	0	0
13.1	14.77	10	8	16	16	12	8	30	10	4	4	8	18	14	6	18	20	2	16	24	16	32	8	22	10	26	26	0	0	0	0	0	0	0	0	0
13.11	16.85	4	6	22	18	16	18	6	18	12	18	22	8	20	16	14	16	18	26	18	18	28	20	22	26	16	12	0	0	0	0	0	0	0	0	0
13.12	17.85	8	8	8	18	14	14	20	22	20	10	20	16	40	10	8	14	20	12	12	40	16	20	50	14	8	22	0	0	0	0	0	0	0	0	0
13.13	14.62	6	14	10	16	8	12	6	2	10	20	10	8	16	6	6	14	24	34	14	0	16	18	12	54	24	20	0	0	0	0	0	0	0	0	0
13.14	17.85	20	8	16	10	32	16	10	8	20	16	28	32	16	10	12	26	14	18	18	6	16	6	22	28	44	12	0	0	0	0	0	0	0	0	0
13.15	17.08	10	6	6	18	20	10	22	12	22	26	10	8	10	22	10	12	26	8	28	20	6	20	28	34	14	36	0	0	0	0	0	0	0	0	0
13.16	16	18	22	12	4	12	8	2	8	20	6	32	14	18	22	22	18	18	14	20	12	22	4	14	34	26	14	0	0	0	0	0	0	0	0	0
13.17	18.31	8	16	6	14	18	14	12	14	18	36	12	10	18	10	24	16	10	18	14	20	34	22	16	36	24	36	0	0	0	0	0	0	0	0	0
13.18	17.31	6	8	8	8	18	12	14	8	18	36	16	12	26	26	2	16	12	30	14	10	4	28	40	32	24	22	0	0	0	0	0	0	0	0	0
13.19	19.92	26	32	14	12	26	16	18	14	8	24	22	16	14	14	12	18	16	28	16	14	30	32	36	18	6	36	0	0	0	0	0	0	0	0	0
13.2	18.08	16	10	2	10	22	24	12	16	8	6	14	24	24	18	24	18	16	26	24	18	20	16	36	24	24	18	0	0	0	0	0	0	0	0	0
13.21	21.15	12	14	10	26	14	6	28	16	12	12	22	12	12	42	24	32	40	22	18	24	22	30	28	24	32	16	0	0	0	0	0	0	0	0	0
13.22	17.62	22	20	20	6	16	16	12	20	20	16	30	16	14	16	12	14	12	16	6	18	20	24	22	30	10	30	0	0	0	0	0	0	0	0	0
13.23	18	16	18	10	10	16	20	12	14	28	10	10	8	18	22	14	10	26	26	12	20	20	32	48	6	16	26	0	0	0	0	0	0	0	0	0
13.24	18.08	12	30	20	6	18	10	10	8	8	10	18	26	12	18	4	22	14	14	18	24	24	14	32	16	34	48	0	0	0	0	0	0	0	0	0
13.25	18.38	8	4	24	12	26	26	26	8	20	30	20	12	24	16	6	12	12	10	14	18	22	14	32	12	38	32	0	0	0	0	0	0	0	0	0
13.26	19.85	12	14	24	12	10	22	34	10	12	10	24	14	16	22	10	20	22	12	10	34	12	22	24	36	24	54	0	0	0	0	0	0	0	0	0
13.27	21.92	8	12	12	18	24	28	24	8	20	16	26	32	24	16	36	16	16	24	26	22	16	22	36	24	26	38	0	0	0	0	0	0	0	0	0
13.28	22.54	16	16	6	24	8	18	18	20	26	18	28	22	22	14	28	36	32	26	24	12	38	26	32	40	12	24	0	0	0	0	0	0	0	0	0
13.29	22	12	8	6	10	16	26	16	10	34	22	8	32	14	18	36	28	30	34	18	42	12	36	22	32	36	14	0	0	0	0	0	0	0	0	0
13.3	23.23	16	12	16	18	8	26	20	28	38	46	18	14	18	14	24	16	28	44	24	22	40	20	20	32	14	28	0	0	0	0	0	0	0	0	0
13.31	21.69	6	8	34	20	26	16	4	6	22	12	26	8	22	12	16	22	28	34	14	36	32	38	46	28	34	14	0	0	0	0	0	0	0	0	0
13.32	18.77	28	20	22	10	22	42	16	14	14	22	12	6	26	14	16	18	10	20	10	18	18	20	30	8	30	22	0	0	0	0	0	0	0	0	0
13.33	21.15	12	16	20	14	14	24	4	26	14	26	28	8	28	14	16	14	22	24	20	20	20	30	32	38	24	42	0	0	0	0	0	0	0	0	0
13.34	20.62	8	16	26	18	14	8	14	18	8	28	20	22	26	12	22	26	26	26	32	26	16	34	40	30	10	10	0	0	0	0	0	0	0	0	0
13.35	20.38	2	20	24	28	18	12	22	14	16	18	20	8	22	18	14	34	8	30	14	10	28	20	42	26	24	38	0	0	0	0	0	0	0	0	0
13.36	23.38	26	20	42	30	16	6	28	16	18	22	20	18	30	34	18	24	10	28	16	38	28	34	28	12	22	24	0	0	0	0	0	0	0	0	0
13.37	21.08	14	20	22	24	18	10	32	16	12	16	22	12	26	12	16	32	16	24	10	32	22	36	30	30	14	30	0	0	0	0	0	0	0	0	0
13.38	23.08	24	26	8	18	22	16	16	14	18	20	30	28	14	24	40	20	20	18	26	16	20	32	30	44	34	22	0	0	0	0	0	0	0	0	0
13.39	22.23	8	38	16	14	26	18	20	8	8	36	26	18	18	10	22	26	34	28	16	36	28	30	10	22	40	22	0	0	0	0	0	0	0	0	0
13.4	23.85	10	32	12	16	18	10	16	24	32	22	8	24	18	26	22	26	28	26	16	30	30	30	26	52	32	34	0	0	0	0	0	0	0	0	0
13.41	23.62	16	12	10	12	16	30	12	28	16	30	16	20	18	30	32	36	50	18	26	36	22	18	28	26	30	26	0	0	0	0	0	0	0	0	0
13.42	24.23	22	20	24	22	14	12	14	16	26	16	12	30	12	46	14	34	46	16	24	18	40	38	22	46	34	12	0	0	0	0	0	0	0	0	0
13.43	22	6	28	8	22	18	8	8	30	32	14	12	14	48	32	14	24	18	26	40	20	24	38	32	28	8	20	0	0	0	0	0	0	0	0	0
13.44	24.54	26	16	18	20	40	20	14	20	14	20	40	24	10	22	30	34	36	36	6	22	22	20	20	40	42	26	0	0	0	0	0	0	0	0	0
13.45	22.31	6	12	2	14	28	30	20	22	20	24	18	20	18	12	18	20	36	30	22	34	34	38	28	28	30	16	0	0	0	0	0	0	0	0	0
13.46	24.38	10	20	12	22	20	12	24	36	8	28	20	12	24	26	28	26	10	36	32	38	28	28	50	28	14	42	0	0	0	0	0	0	0	0	0
13.47	26	20	20	24	16	24	24	28	12	28	54	22	10	22	24	28	32	14	38	22	40	34	40	26	30	18	26	0	0	0	0	0	0	0	0	0
13.48	20.23	16	6	12	8	24	10	32	22	18	10	26	30	12	16	22	10	12	36	32	16	42	24	22	22	20	26	0	0	0	0	0	0	0	0	0
13.49	20.54	16	14	8	16	16	14	10	16	20	36	20	16	12	14	32	10	22	34	32	26	30	18	24	34	24	20	0	0	0	0	0	0	0	0	0
13.5	25.46	26	26	18	22	28	26	14	22	18	16	16	26	14	34	44	28	26	18	20	20	42	26	22	56	28	26	0	0	0	0	0	0	0	0	0
13.51	25.38	18	42	8	26	24	12	34	24	28	18	32	10	16	24	22	30	26	26	26	42	32	18	32	32	38	20	0	0	0	0	0	0	0	0	0
13.52	26.08	28	18	14	10	20	12	10	16	32	38	28	32	22	28	26	30	32	28	36	26	22	30	32	32	26	50	0	0	0	0	0	0	0	0	0
13.53	24.23	22	28	10	24	24	8	30	24	12	8	38	24	20	28	24	24	24	34	10	28	32	24	54	36	24	16	0	0	0	0	0	0	0	0	0
13.54	25	10	28	30	24	22	10	28	18	36	20	12	30	20	28	26	16	30	24	26	28	40	20	26	34	36	28	0	0	0	0	0	0	0	0	0
13.55	22.69	24	12	20	10	34	10	12	22	14	26	12	20	10	22	22	16	16	40	22	32	46	26	36	28	28	30	0	0	0	0	0	0	0	0	0
13.56	26.69	18	42	26	8	24	20	26	12	28	22	40	6	10	26	32	20	26	58	40	20	42	30	26	26	22	44	0	0	0	0	0	0	0	0	0
13.57	27.31	16	22	36	20	22	28	20	28	10	32	32	14	20	36	32	42	10	16	32	16	48	32	44	40	14	48	0	0	0	0	0	0	0	0	0
13.58	24.77	22	14	24	30	20	30	22	18	28	18	28	20	14	28	42	16	32	12	22	20	28	36	28	28	34	30	0	0	0	0	0	0	0	0	0
13.59	28.38	4	14	22	28	22	20	40	14	26	34	26	26	18	48	32	20	30	34	16	48	34	38	36	40	26	42	0	0	0	0	0	0	0	0	0
13.6	25	18	22	16	24	18	22	12	20	14	12	24	24	20	22	24	32	28	32	12	44	30	38	38	38	20	46	0	0	0	0	0	0	0	0	0
13.61	26.15	20	8	12	18	24	26	22	10	18	18	10	20	18	26	28	42	38	48	36	28	36	28	40	64	18	24	0	0	0	0	0	0	0	0	0
13.62	28.08	14	22	42	14	28	16	18	20	28	32	8	30	36	26	16	32	38	40	24	30	34	26	30	46	48	32	0	0	0	0	0	0	0	0	0
13.63	30.15	18	30	16	20	30	12	24	24	44	22	36	16	30	18	48	32	38	32	30	36	26	44	46	28	44	40	0	0	0	0	0	0	0	0	0
13.64	29.31	26	26	30	22	22	32	12	16	24	28	46	26	18	16	34	34	38	26	30	58	30	18	40	36	52	22	0	0	0	0	0	0	0	0	0
13.65	27.31	28	14	32	18	32	16	18	18	24	12	32	26	20	40	12	16	28	36	36	24	48	18	62	34	34	32	0	0	0	0	0	0	0	0	0
13.66	28.46	28	6	24	30	36	24	24	22	14	16	54	18	18	32	26	32	34	38	34	46	30	22	48	28	36	20	0	0	0	0	0	0	0	0	0
13.67	26.46	10	8	22	26	32	24	28	26	16	30	32	12	48	20	34	28	34	24	24	24	24	40	44	30	18	30	0	0	0	0	0	0	0	0	0
13.68	30.69	26	22	12	20	34	24	20	18	16	22	42	34	28	22	34	28	32	36	48	44	48	32	42	30	50	34	0	0	0	0	0	0	0	0	0
13.69	32	44	20	16	16	18	18	26	36	34	30	34	36	14	12	26	66	42	38	32	40	34	30	50	44	46	30	0	0	0	0	0	0	0	0	0
13.7	32.31	28	14	30	20	22	24	52	30	34	56	32	34	10	32	32	56	34	34	32	20	30	32	22	52	46	32	0	0	0	0	0	0	0	0	0
13.71	31	30	20	14	18	26	26	34	20	36	18	36	26	32	36	18	42	20	52	22	32	48	56	44	46	28	26	0	0	0	0	0	0	0	0	0
13.72	33	26	22	8	40	36	34	24	36	26	34	20	18	18	48	50	38	36	18	30	28	34	44	50	54	50	36	0	0	0	0	0	0	0	0	0
13.73	29.31	10	26	48	18	32	20	26	24	28	32	22	28	18	34	20	30	40	22	22	20	46	46	30	66	18	36	0	0	0	0	0	0	0	0	0
13.74	31.92	32	8	18	30	44	34	16	30	40	30	20	22	40	32	22	32	24	42	46	38	50	48	36	42	36	18	0	0	0	0	0	0	0	0	0
13.75	32.38	16	30	30	22	24	30	28	26	34	28	40	44	36	18	42	42	34	42	26	34	34	54	32	50	18	28	0	0	0	0	0	0	0	0	0
13.76	30.23	24	20	22	30	36	26	34	14	18	32	18	6	18	36	54	36	36	50	22	46	42	38	20	32	42	34	0	0	0	0	0	0	0	0	0
13.77	32.15	26	18	20	36	10	36	32	24	20	38	36	32	36	34	24	66	32	40	22	32	42	38	48	32	34	28	0	0	0	0	0	0	0	0	0
13.78	33.08	28	36	36	22	40	20	48	16	42	26	22	18	30	30	26	40	38	38	50	26	38	30	42	54	26	38	0	0	0	0	0	0	0	0	0
13.79	31.85	10	26	24	18	38	46	28	20	24	54	16	16	24	8	30	34	38	40	32	30	48	72	34	26	50	42	0	0	0	0	0	0	0	0	0
13.8	35.31	30	34	26	34	26	18	34	40	16	46	28	16	20	36	32	50	48	30	62	46	42	38	38	50	38	40	0	0	0	0	0	0	0	0	0
13.81	31.85	22	14	36	20	10	20	8	22	38	14	34	32	42	44	42	30	52	22	44	52	32	52	42	48	26	30	0	0	0	0	0	0	0	0	0
13.82	30.54	28	6	34	20	28	14	42	32	26	24	32	52	12	36	46	20	16	28	18	38	42	62	24	38	38	38	0	0	0	0	0	0	0	0	0
13.83	33.62	26	16	24	32	30	6	36	22	46	22	42	36	26	40	40	52	38	36	34	28	36	48	46	38	32	42	0	0	0	0	0	0	0	0	0
13.84	29.62	14	26	14	28	36	10	16	12	22	36	18	30	34	34	20	26	30	48	30	34	28	38	46	54	38	48	0	0	0	0	0	0	0	0	0
13.85	29.31	30	14	26	32	36	22	16	24	18	30	32	24	20	24	14	20	52	22	22	40	32	40	44	66	46	16	0	0	0	0	0	0	0	0	0
13.86	31.38	28	46	32	36	34	8	24	30	14	12	40	28	48	30	20	22	44	24	18	40	32	22	54	58	34	38	0	0	0	0	0	0	0	0	0
13.87	32.77	30	28	10	10	30	8	36	42	30	22	24	38	20	36	30	50	58	46	18	34	66	48	42	24	36	36	0	0	0	0	0	0	0	0	0
13.88	34.85	22	28	28	34	34	16	40	14	28	40	42	22	28	28	34	28	32	18	34	46	64	50	52	56	42	46	0	0	0	0	0	0	0	0	0
13.89	33.62	12	40	46	42	16	22	22	24	16	46	24	42	16	28	28	50	52	26	40	40	42	34	42	56	30	38	0	0	0	0	0	0	0	0	0
13.9	37.92	34	26	42	42	44	36	34	26	28	44	32	40	32	44	38	46	34	30	28	22	48	40	52	44	62	38	0	0	0	0	0	0	0	0	0
13.91	40.69	24	24	26	52	28	26	20	24	58	18	56	22	40	36	44	38	62	48	50	26	44	72	64	70	44	42	0	0	0	0	0	0	0	0	0
13.92	39.08	26	38	36	34	42	20	42	24	20	26	46	34	32	30	48	34	58	46	34	46	40	56	48	60	46	50	0	0	0	0	0	0	0	0	0
13.93	37.15	16	30	46	50	34	12	28	22	26	24	28	52	16	14	44	50	40	44	48	38	80	40	66	40	48	30	0	0	0	0	0	0	0	0	0
13.94	36.77	26	18	26	46	30	42	30	26	22	22	16	32	28	40	52	68	60	58	42	36	42	40	14	48	42	50	0	0	0	0	0	0	0	0	0
13.95	37.23	22	24	40	50	30	28	24	30	46	22	40	54	26	34	42	20	32	36	34	36	50	40	54	50	64	40	0	0	0	0	0	0	0	0	0
13.96	37.77	24	52	28	18	54	36	26	48	28	48	34	24	10	24	52	42	46	36	48	46	46	66	38	48	32	28	0	0	0	0	0	0	0	0	0
13.97	40.38	22	34	34	28	40	36	36	28	40	46	38	34	34	28	42	28	36	56	48	30	50	74	60	50	40	58	0	0	0	0	0	0	0	0	0
13.98	39.46	24	40	46	32	54	20	40	22	26	36	32	32	42	36	38	40	30	62	50	26	40	52	62	44	54	46	0	0	0	0	0	0	0	0	0
13.99	40	26	30	20	26	40	30	46	24	34	32	48	28	30	60	16	34	84	40	54	34	62	32	50	56	44	60	0	0	0	0	0	0	0	0	0
14	38	16	16	40	38	36	16	50	44	30	34	44	26	38	24	50	46	42	38	48	30	56	40	50	56	40	40	0	0	0	0	0	0	0	0	0
14.01	36.62	22	22	26	28	46	22	42	40	26	52	38	60	24	40	40	26	44	20	24	44	54	54	28	44	42	44	0	0	0	0	0	0	0	0	0
14.02	36.77	24	32	20	42	40	24	22	40	34	24	36	18	38	42	26	68	42	54	30	32	44	34	58	56	40	36	0	0	0	0	0	0	0	0	0
14.03	40	40	52	38	32	32	26	46	26	38	36	38	28	34	38	32	46	58	40	42	36	46	66	42	50	38	40	0	0	0	0	0	0	0	0	0
14.04	39.08	28	40	38	28	40	20	18	32	36	28	32	28	52	22	28	48	52	52	46	46	38	44	84	48	48	40	0	0	0	0	0	0	0	0	0
14.05	38.85	42	62	36	42	22	40	20	18	40	28	18	48	24	22	52	52	24	70	48	42	32	38	40	58	32	60	0	0	0	0	0	0	0	0	0
14.06	42.62	32	26	24	28	54	42	22	24	38	24	42	30	36	46	44	52	44	48	32	50	76	84	46	60	58	46	0	0	0	0	0	0	0	0	0
14.07	38.92	26	18	42	40	28	46	26	28	42	48	14	30	30	18	62	42	28	26	28	52	58	48	42	68	56	66	0	0	0	0	0	0	0	0	0
14.08	41.08	30	30	34	30	24	34	36	48	30	24	34	36	36	48	60	24	30	62	42	64	58	48	72	32	56	46	0	0	0	0	0	0	0	0	0
14.09	36.77	26	32	34	42	22	54	8	24	26	26	26	34	44	22	16	56	84	32	34	46	52	56	30	32	44	54	0	0	0	0	0	0	0	0	0
14.1	39.08	38	20	56	16	22	34	36	22	60	48	34	38	40	28	42	42	36	58	40	26	46	70	48	32	44	40	0	0	0	0	0	0	0	0	0
14.11	40.54	22	20	24	44	26	30	30	36	34	44	44	24	36	62	38	62	30	62	52	38	66	54	58	48	28	42	0	0	0	0	0	0	0	0	0
14.12	42.31	36	42	30	32	46	46	30	22	30	18	32	40	40	50	30	66	54	58	70	40	46	46	54	46	54	42	0	0	0	0	0	0	0	0	0
14.13	40.08	18	32	28	48	36	36	22	20	34	32	22	38	28	50	42	48	32	50	24	48	64	44	56	72	80	38	0	0	0	0	0	0	0	0	0
14.14	41.69	32	20	24	14	34	42	32	32	38	28	42	50	50	46	30	60	52	32	44	62	80	38	70	32	48	52	0	0	0	0	0	0	0	0	0
14.15	41.92	40	20	26	22	28	44	28	40	42	34	26	24	34	30	38	78	32	54	56	38	68	44	64	68	56	56	0	0	0	0	0	0	0	0	0
14.16	39.38	30	40	40	42	20	28	30	26	50	46	34	38	38	34	24	40	26	42	36	30	62	48	64	44	48	64	0	0	0	0	0	0	0	0	0
14.17	41.31	14	12	18	34	56	36	24	16	32	38	66	24	40	36	60	58	48	50	40	40	50	74	52	62	52	42	0	0	0	0	0	0	0	0	0
14.18	38	28	38	34	30	46	34	30	38	30	14	28	50	28	38	26	24	42	60	46	38	56	30	74	26	54	46	0	0	0	0	0	0	0	0	0
14.19	46.15	32	32	30	34	34	32	20	30	50	46	40	22	34	78	30	68	58	72	42	48	72	48	74	76	46	52	0	0	0	0	0	0	0	0	0
14.2	42.77	26	30	46	42	32	26	40	32	30	14	74	50	30	36	56	40	28	54	62	52	46	84	38	64	34	46	0	0	0	0	0	0	0	0	0
14.21	41.08	30	42	36	38	56	8	34	34	40	40	48	44	32	24	38	34	62	42	44	50	56	42	42	54	50	48	0	0	0	0	0	0	0	0	0
14.22	50.23	40	28	30	54	44	38	40	32	50	38	44	36	44	36	46	76	68	84	68	56	52	70	62	62	58	50	0	0	0	0	0	0	0	0	0
14.23	42.85	30	58	34	10	46	20	44	38	34	36	22	36	38	64	20	52	40	36	56	62	66	54	70	58	58	32	0	0	0	0	0	0	0	0	0
14.24	40.54	38	28	24	34	18	22	28	36	22	28	52	22	48	48	42	62	46	46	30	34	48	70	56	54	56	62	0	0	0	0	0	0	0	0	0
14.25	44.38	20	34	56	40	32	28	14	24	50	40	24	36	58	54	30	76	38	70	70	20	50	66	74	50	74	26	0	0	0	0	0	0	0	0	0
14.26	42.69	20	42	30	46	26	32	32	18	38	54	36	58	36	44	64	54	54	58	54	46	44	52	56	22	36	58	0	0	0	0	0	0	0	0	0
14.27	46.62	42	32	18	40	56	40	52	44	34	44	48	22	28	42	34	46	84	44	56	48	84	48	50	58	56	62	0	0	0	0	0	0	0	0	0
14.28	42.92	22	34	28	30	34	54	10	30	52	44	54	40	24	62	28	60	52	70	56	48	28	60	50	40	46	60	0	0	0	0	0	0	0	0	0
14.29	44.31	28	30	38	42	44	28	28	16	26	40	26	38	52	48	40	48	52	58	46	40	72	74	48	56	68	66	0	0	0	0	0	0	0	0	0
14.3	46.23	38	30	38	36	34	40	32	36	22	50	48	38	50	28	44	56	50	70	54	50	48	60	70	32	60	88	0	0	0	0	0	0	0	0	0
14.31	49.31	28	38	44	46	36	68	32	62	52	30	32	30	36	38	44	72	56	60	102	50	72	62	62	34	52	44	0	0	0	0	0	0	0	0	0
14.32	45.38	48	34	42	30	50	38	30	36	54	40	50	52	32	48	28	58	50	62	32	42	54	38	66	74	32	60	0	0	0	0	0	0	0	0	0
14.33	47.23	28	30	44	24	50	46	64	24	60	38	34	34	38	38	46	78	38	58	54	36	80	52	72	56	60	46	0	0	0	0	0	0	0	0	0
14.34	45.77	28	32	60	18	30	22	46	42	56	56	36	42	32	36	44	48	44	46	86	44	56	52	60	48	80	46	0	0	0	0	0	0	0	0	0
14.35	48.08	34	34	30	44	24	46	44	30	46	44	34	22	50	44	36	42	52	44	52	52	104	88	74	66	68	46	0	0	0	0	0	0	0	0	0
14.36	48.62	24	60	26	30	36	34	64	42	36	32	46	54	52	36	38	50	44	50	64	66	62	80	76	68	48	46	0	0	0	0	0	0	0	0	0
14.37	46.69	46	34	30	30	36	32	44	30	48	36	44	26	40	54	48	48	68	56	64	64	58	64	74	34	42	64	0	0	0	0	0	0	0	0	0
14.38	46.54	34	34	32	26	52	22	58	32	42	54	30	26	18	62	40	64	40	48	84	50	70	56	72	62	52	50	0	0	0	0	0	0	0	0	0
14.39	49.15	30	42	26	42	38	40	56	40	44	36	52	24	44	36	54	46	72	54	40	28	74	52	84	86	66	72	0	0	0	0	0	0	0	0	0
14.4	49.77	22	54	36	40	32	36	38	58	30	52	46	56	66	64	50	48	56	66	36	30	70	70	68	64	60	46	0	0	0	0	0	0	0	0	0
14.41	48.31	44	18	46	16	40	32	32	36	40	32	56	46	30	46	46	44	72	40	58	54	80	68	84	56	58	82	0	0	0	0	0	0	0	0	0
14.42	47.54	28	54	58	28	32	40	36	22	34	34	44	40	46	40	70	38	66	70	50	52	70	58	48	72	40	66	0	0	0	0	0	0	0	0	0
14.43	51.92	18	56	40	30	56	58	42	24	48	28	50	54	66	58	60	50	64	88	60	48	70	58	46	88	48	42	0	0	0	0	0	0	0	0	0
14.44	50.77	36	62	34	40	50	50	36	58	40	50	48	52	24	54	34	68	50	60	60	58	60	78	54	58	56	50	0	0	0	0	0	0	0	0	0
14.45	49	36	38	44	34	66	34	48	30	48	46	62	36	52	40	52	54	42	66	62	58	48	40	50	58	80	50	0	0	0	0	0	0	0	0	0
14.46	46.38	56	20	38	44	54	24	20	34	44	20	70	34	38	52	44	46	66	72	52	58	52	54	60	60	46	48	0	0	0	0	0	0	0	0	0
14.47	48.08	42	44	52	72	30	24	30	36	44	24	48	38	62	52	46	36	52	62	50	38	56	86	60	46	54	66	0	0	0	0	0	0	0	0	0
14.48	48.77	40	36	44	28	50	42	38	28	48	42	42	28	56	42	54	66	62	36	56	58	58	62	78	40	78	56	0	0	0	0	0	0	0	0	0
14.49	53	38	56	30	26	68	52	70	62	46	42	32	26	48	82	24	48	68	68	60	42	72	70	80	74	52	42	0	0	0	0	0	0	0	0	0
14.5	57.54	26	50	52	36	44	36	46	40	40	76	66	56	54	54	54	72	42	62	48	74	72	84	60	86	48	118	0	0	0	0	0	0	0	0	0
14.51	52.54	44	38	44	36	42	40	60	52	40	30	60	44	52	52	60	66	54	52	50	78	66	44	92	58	38	74	0	0	0	0	0	0	0	0	0
14.52	53.38	28	54	32	32	52	50	34	48	46	46	50	54	42	68	76	72	70	60	70	54	62	52	58	64	50	64	0	0	0	0	0	0	0	0	0
14.53	48.23	34	50	26	48	54	34	50	32	54	56	40	38	58	36	62	48	40	68	44	70	54	54	54	40	36	74	0	0	0	0	0	0	0	0	0
14.54	46.69	34	54	28	40	38	34	38	32	48	36	44	52	40	50	46	26	84	50	62	66	46	76	60	52	36	42	0	0	0	0	0	0	0	0	0
14.55	49.77	42	46	36	48	66	36	46	16	52	36	54	30	36	52	26	78	60	34	62	62	50	76	52	102	22	74	0	0	0	0	0	0	0	0	0
14.56	56.15	34	50	42	44	52	46	40	32	44	50	72	34	40	56	52	78	50	54	86	64	62	72	98	80	36	92	0	0	0	0	0	0	0	0	0
14.57	51.54	44	46	52	34	56	30	50	58	48	32	28	42	36	62	52	34	80	46	66	52	70	58	92	80	48	44	0	0	0	0	0	0	0	0	0
14.58	51.85	60	34	36	40	48	62	38	32	48	44	32	40	60	84	52	82	74	54	60	50	60	60	36	42	62	58	0	0	0	0	0	0	0	0	0
14.59	54	48	42	44	66	40	40	26	46	34	72	54	54	54	90	52	54	66	44	58	60	50	60	56	76	74	44	0	0	0	0	0	0	0	0	0
14.6	54.92	42	40	24	40	40	46	40	46	24	64	68	28	70	60	64	66	48	48	62	46	60	92	74	70	102	64	0	0	0	0	0	0	0	0	0
14.61	52.77	48	32	38	30	30	44	52	70	52	50	24	52	54	48	42	52	74	62	50	56	40	96	60	68	98	50	0	0	0	0	0	0	0	0	0
14.62	50.77	44	38	44	34	52	60	34	24	48	60	22	66	54	48	68	46	40	30	58	58	74	72	44	52	68	82	0	0	0	0	0	0	0	0	0
14.63	51.62	18	72	30	48	36	32	34	34	62	36	44	50	36	36	58	44	100	52	44	78	72	80	68	66	48	64	0	0	0	0	0	0	0	0	0
14.64	55.62	62	52	24	50	44	26	46	34	62	58	40	42	44	68	58	54	76	68	86	60	66	72	60	86	66	42	0	0	0	0	0	0	0	0	0
14.65	52.69	52	42	34	38	46	38	40	36	60	54	46	52	56	88	48	52	54	52	58	56	60	60	54	60	80	54	0	0	0	0	0	0	0	0	0
14.66	53.08	30	40	34	30	30	64	36	34	34	50	48	68	66	44	56	50	52	42	60	56	84	102	70	64	80	56	0	0	0	0	0	0	0	0	0
14.67	50.92	68	22	40	28	36	36	32	72	52	52	50	54	70	42	58	48	56	36	48	56	66	60	46	94	40	62	0	0	0	0	0	0	0	0	0
14.68	55.23	46	66	42	38	42	64	18	54	54	90	28	36	58	56	52	78	58	46	40	44	64	80	76	92	54	60	0	0	0	0	0	0	0	0	0
14.69	54.92	38	32	62	42	42	60	52	36	56	62	38	70	38	56	48	74	60	60	62	56	58	86	60	76	40	64	0	0	0	0	0	0	0	0	0
14.7	55.38	38	70	28	52	60	40	36	44	58	50	50	28	72	54	40	58	72	60	50	64	68	72	78	50	54	94	0	0	0	0	0	0	0	0	0
14.71	62.31	42	50	34	50	70	58	58	44	54	64	40	60	70	84	58	80	80	70	94	46	84	62	84	80	54	50	0	0	0	0	0	0	0	0	0
14.72	57.08	28	52	56	48	42	38	36	36	38	62	54	50	60	76	88	88	58	82	68	82	64	68	54	72	58	26	0	0	0	0	0	0	0	0	0
14.73	55.69	44	50	34	42	38	40	50	30	50	60	46	46	58	38	54	68	60	80	84	64	56	64	64	90	64	74	0	0	0	0	0	0	0	0	0
14.74	56.69	40	50	72	64	58	36	46	64	64	58	36	36	50	56	48	72	54	64	66	68	76	52	52	52	90	50	0	0	0	0	0	0	0	0	0
14.75	59.69	48	54	28	50	48	26	36	44	40	50	46	42	36	88	86	84	82	72	78	78	56	88	84	66	64	78	0	0	0	0	0	0	0	0	0
14.76	62.85	40	60	42	32	40	40	58	50	78	58	58	48	70	86	92	52	74	78	64	62	74	84	66	100	66	62	0	0	0	0	0	0	0	0	0
14.77	58.77	54	54	34	62	44	40	56	50	40	66	28	54	66	70	52	50	64	78	50	56	92	68	54	84	74	88	0	0	0	0	0	0	0	0	0
14.78	56.92	48	38	36	74	36	50	50	38	88	56	60	36	66	56	54	60	58	66	42	66	76	94	72	54	40	66	0	0	0	0	0	0	0	0	0
14.79	57.85	46	42	54	32	72	46	32	36	34	60	54	72	64	68	54	92	50	74	64	42	60	90	68	80	44	74	0	0	0	0	0	0	0	0	0
14.8	60.92	42	20	36	44	36	32	64	78	46	64	88	60	48	54	66	60	62	104	82	78	92	60	122	36	64	46	0	0	0	0	0	0	0	0	0
14.81	61.15	48	32	40	46	62	64	60	44	54	36	40	64	72	44	60	70	70	58	56	56	84	102	92	94	78	64	0	0	0	0	0	0	0	0	0
14.82	64	50	46	60	34	56	64	56	48	46	46	52	54	96	80	72	60	88	70	68	76	54	62	112	80	50	84	0	0	0	0	0	0	0	0	0
14.83	60.92	26	34	48	50	44	34	62	44	56	50	46	34	74	60	40	62	64	82	92	84	82	80	64	88	100	84	0	0	0	0	0	0	0	0	0
14.84	68.08	24	54	48	48	74	58	52	62	52	98	48	48	54	44	78	102	78	60	80	42	102	88	110	66	76	124	0	0	0	0	0	0	0	0	0
14.85	65.77	40	66	52	42	48	32	50	60	78	56	52	56	56	80	78	76	70	76	70	86	50	120	106	68	78	64	0	0	0	0	0	0	0	0	0
14.86	62.46	38	66	54	54	58	42	38	34	46	64	60	48	38	76	54	88	80	68	60	50	86	102	64	100	54	102	0	0	0	0	0	0	0	0	0
14.87	56.31	46	50	26	46	42	44	34	40	36	66	36	58	60	66	62	86	66	70	64	66	80	68	66	78	60	48	0	0	0	0	0	0	0	0	0
14.88	61.62	54	32	60	48	70	34	44	78	42	66	58	36	74	36	64	114	44	82	70	58	76	94	66	92	74	36	0	0	0	0	0	0	0	0	0
14.89	66.54	60	78	50	50	46	74	42	54	30	56	48	32	78	60	68	106	108	74	88	104	100	96	68	60	44	56	0	0	0	0	0	0	0	0	0
14.9	67.46	42	82	40	40	52	58	48	58	44	40	66	62	76	58	90	80	76	90	62	82	84	82	76	96	82	88	0	0	0	0	0	0	0	0	0
14.91	65.46	44	50	52	52	58	46	62	70	56	64	36	78	62	62	40	66	92	80	68	68	72	84	102	72	82	84	0	0	0	0	0	0	0	0	0
14.92	70.38	52	60	44	60	74	80	38	62	62	86	46	44	76	90	52	96	82	72	72	82	78	100	90	96	52	84	0	0	0	0	0	0	0	0	0
14.93	67	42	66	68	44	38	38	64	40	56	60	46	58	72	48	84	54	70	68	82	64	94	88	94	100	94	110	0	0	0	0	0	0	0	0	0
14.94	69.54	50	46	52	66	72	60	42	82	44	74	66	54	84	54	86	80	72	64	52	70	74	94	134	76	66	94	0	0	0	0	0	0	0	0	0
14.95	77.62	40	48	54	60	64	68	40	78	54	68	62	46	68	78	86	78	106	86	108	80	108	110	108	92	88	140	0	0	0	0	0	0	0	0	0
14.96	70.77	52	58	68	46	58	54	52	78	58	66	62	48	100	68	72	88	88	94	66	60	74	66	80	82	68	134	0	0	0	0	0	0	0	0	0
14.97	62.31	66	62	50	36	48	30	52	54	54	60	80	42	54	96	64	42	78	62	72	34	86	102	90	64	52	90	0	0	0	0	0	0	0	0	0
14.98	72.54	46	64	46	66	68	42	92	86	68	94	44	62	72	80	80	52	80	94	68	78	90	82	90	92	82	68	0	0	0	0	0	0	0	0	0
14.99	66.23	54	60	44	30	36	38	68	66	52	74	64	68	56	72	78	60	76	70	78	64	108	98	74	92	76	66	0	0	0	0	0	0	0	0	0
15	69.15	40	52	86	44	60	70	42	54	54	82	46	54	76	104	64	36	76	68	94	92	56	88	76	94	90	100	0	0	0	0	0	0	0	0	0
15.01	63.77	48	58	56	64	58	36	50	52	60	58	56	54	62	62	46	42	86	60	78	74	70	90	102	98	48	90	0	0	0	0	0	0	0	0	0
15.02	72.62	32	54	64	68	66	46	32	72	32	68	62	90	62	96	72	86	84	76	112	80	68	96	80	114	86	90	0	0	0	0	0	0	0	0	0
15.03	71.08	64	48	58	36	68	52	66	46	66	80	58	54	44	54	86	82	104	76	60	98	70	88	148	90	66	86	0	0	0	0	0	0	0	0	0
15.04	69.23	46	54	66	72	42	64	68	52	46	66	74	40	82	82	64	72	64	58	62	74	84	100	106	84	102	76	0	0	0	0	0	0	0	0	0
15.05	73.77	50	50	58	70	62	72	50	60	82	74	68	52	56	82	62	78	74	56	110	76	74	82	104	114	66	136	0	0	0	0	0	0	0	0	0
15.06	75.69	40	50	70	86	62	54	52	54	62	68	88	50	80	66	96	68	80	106	60	78	86	108	114	124	84	82	0	0	0	0	0	0	0	0	0
15.07	74.77	40	78	48	56	76	84	74	66	80	84	36	58	72	64	68	92	94	90	94	86	82	68	82	68	92	112	0	0	0	0	0	0	0	0	0
15.08	72	48	50	44	90	72	72	44	54	46	80	52	68	88	72	82	98	70	84	96	60	120	84	90	62	84	62	0	0	0	0	0	0	0	0	0
15.09	69.54	44	66	64	54	64	68	50	64	60	52	50	36	76	100	52	96	76	52	84	60	76	88	124	110	72	70	0	0	0	0	0	0	0	0	0
15.1	75.23	48	44	56	52	52	50	62	86	68	64	62	72	88	76	90	102	56	80	66	76	76	116	110	126	90	88	0	0	0	0	0	0	0	0	0
15.11	76.54	56	60	86	52	72	62	72	48	52	82	60	66	52	94	82	66	94	94	108	70	64	112	84	82	112	108	0	0	0	0	0	0	0	0	0
15.12	73.85	44	64	56	78	62	40	28	48	88	30	66	50	74	84	72	106	108	62	102	48	64	112	116	138	92	88	0	0	0	0	0	0	0	0	0
15.13	68.31	42	54	52	70	64	56	28	48	56	80	42	52	70	62	60	68	82	78	70	78	100	80	90	98	104	92	0	0	0	0	0	0	0	0	0
15.14	72.77	58	62	56	82	68	48	64	54	80	64	64	72	80	68	74	68	58	86	82	86	58	72	118	82	84	104	0	0	0	0	0	0	0	0	0
15.15	80	66	56	88	84	86	60	58	68	52	80	76	72	114	110	54	74	68	82	102	84	80	116	106	80	74	90	0	0	0	0	0	0	0	0	0
15.16	77.77	32	66	76	34	66	72	72	70	70	88	44	62	56	94	74	108	62	96	84	84	108	106	122	132	72	72	0	0	0	0	0	0	0	0	0
15.17	79.54	84	44	44	82	86	50	52	50	58	62	54	56	70	102	98	54	108	96	120	96	100	82	134	90	96	100	0	0	0	0	0	0	0	0	0
15.18	76.85	46	48	62	76	82	92	52	42	60	58	90	64	86	62	88	94	118	56	68	110	82	84	94	80	74	130	0	0	0	0	0	0	0	0	0
15.19	79.08	72	78	46	62	40	52	64	74	54	98	74	56	112	76	70	76	66	94	96	82	72	122	82	114	94	130	0	0	0	0	0	0	0	0	0
15.2	81.46	76	60	64	64	116	76	54	76	42	76	78	56	80	76	80	68	86	100	116	94	86	78	110	96	122	88	0	0	0	0	0	0	0	0	0
15.21	79	88	70	70	78	78	42	52	58	56	76	52	70	64	92	92	80	106	74	100	84	112	60	104	128	70	98	0	0	0	0	0	0	0	0	0
15.22	79.92	50	52	54	54	66	70	38	68	70	90	78	62	86	110	92	88	58	106	112	80	78	132	134	98	68	84	0	0	0	0	0	0	0	0	0
15.23	84.15	106	50	88	62	88	90	68	40	84	98	66	104	68	92	78	72	90	104	70	72	108	90	108	110	88	94	0	0	0	0	0	0	0	0	0
15.24	78	82	46	84	54	68	52	52	54	98	66	60	46	56	76	122	102	130	84	88	80	68	124	82	86	74	94	0	0	0	0	0	0	0	0	0
15.25	82.31	54	44	98	80	40	80	74	76	86	84	80	80	116	134	48	94	78	86	80	64	102	100	90	70	118	84	0	0	0	0	0	0	0	0	0
15.26	83.38	24	60	74	92	82	76	72	66	72	70	66	64	58	66	72	104	92	92	104	122	86	112	144	106	86	106	0	0	0	0	0	0	0	0	0
15.27	90	64	88	68	66	80	66	74	66	56	94	80	58	102	78	62	136	170	98	122	86	88	142	122	96	76	102	0	0	0	0	0	0	0	0	0
15.28	86	46	78	70	68	72	74	86	62	64	92	76	94	72	94	78	74	110	116	108	84	94	108	144	92	62	118	0	0	0	0	0	0	0	0	0
15.29	81.92	62	66	48	102	62	64	58	88	60	58	52	70	102	96	94	90	112	100	94	50	88	124	82	114	100	94	0	0	0	0	0	0	0	0	0
15.3	86.69	78	60	88	80	102	42	68	58	60	68	88	54	88	100	128	92	62	100	110	90	102	130	154	74	70	108	0	0	0	0	0	0	0	0	0
15.31	87.08	60	58	76	66	70	46	58	78	78	82	72	62	92	138	110	98	82	96	114	106	88	148	92	104	96	94	0	0	0	0	0	0	0	0	0
15.32	89.46	84	88	62	66	64	50	72	62	92	60	50	58	84	104	68	120	104	108	110	106	134	120	130	114	104	112	0	0	0	0	0	0	0	0	0
15.33	93.46	64	42	56	54	82	120	80	80	52	102	76	78	100	112	136	114	130	66	98	100	118	148	144	94	96	88	0	0	0	0	0	0	0	0	0
15.34	88.38	62	60	70	64	82	92	72	66	90	104	66	84	78	86	96	120	90	102	122	82	108	142	90	86	90	94	0	0	0	0	0	0	0	0	0
15.35	86.15	52	90	76	46	114	76	74	60	84	118	82	86	72	74	70	70	84	104	126	82	92	94	96	128	86	104	0	0	0	0	0	0	0	0	0
15.36	90.15	68	82	88	82	70	78	66	84	84	78	64	90	70	130	104	72	90	118	118	76	92	114	132	106	72	116	0	0	0	0	0	0	0	0	0
15.37	93.69	68	104	90	70	54	80	96	64	68	88	64	78	94	82	82	108	106	86	106	138	120	122	120	138	122	88	0	0	0	0	0	0	0	0	0
15.38	90.31	88	70	62	70	106	74	42	56	66	114	114	82	82	82	116	72	118	130	166	78	66	80	100	108	98	108	0	0	0	0	0	0	0	0	0
15.39	89.54	38	68	56	104	58	62	76	66	88	100	58	58	66	150	92	94	116	96	76	116	134	126	128	110	94	98	0	0	0	0	0	0	0	0	0
15.4	92.15	48	78	80	72	86	80	34	88	98	120	62	56	54	94	118	110	94	122	122	94	126	102	126	124	88	120	0	0	0	0	0	0	0	0	0
15.41	90.77	88	100	72	44	50	66	82	74	80	48	68	60	88	110	112	92	104	134	78	108	94	170	124	94	122	98	0	0	0	0	0	0	0	0	0
15.42	99.46	52	80	44	80	108	100	102	56	90	88	90	96	74	108	104	100	96	142	116	102	124	110	126	146	102	150	0	0	0	0	0	0	0	0	0
15.43	92.54	52	78	40	88	112	66	68	78	66	102	58	84	74	80	120	146	110	82	106	96	100	118	160	94	92	136	0	0	0	0	0	0	0	0	0
15.44	98.69	70	76	70	64	90	62	106	50	74	78	76	82	92	136	78	100	118	132	144	104	94	158	142	138	82	150	0	0	0	0	0	0	0	0	0
15.45	95.15	66	78	86	86	102	54	68	62	88	104	106	70	94	128	72	98	108	110	154	108	88	128	102	112	98	104	0	0	0	0	0	0	0	0	0
15.46	99.62	78	92	64	66	90	110	54	70	74	122	94	84	118	60	140	108	126	120	100	104	100	122	136	122	132	104	0	0	0	0	0	0	0	0	0
15.47	103.7	90	102	56	100	108	78	56	68	110	76	78	74	96	122	56	136	74	120	138	86	142	132	150	160	120	168	0	0	0	0	0	0	0	0	0
15.48	100.2	72	102	94	70	90	112	84	86	68	84	86	82	100	120	114	164	96	68	100	96	112	146	110	112	114	122	0	0	0	0	0	0	0	0	0
15.49	105.6	58	68	92	70	96	102	76	66	94	86	96	92	112	70	110	136	88	122	126	130	120	144	156	204	90	142	0	0	0	0	0	0	0	0	0
15.5	102.4	92	100	64	74	78	100	96	62	128	88	86	88	120	136	112	94	118	120	114	118	96	122	138	102	96	120	0	0	0	0	0	0	0	0	0
15.51	99.38	60	80	60	80	70	82	104	64	70	106	104	108	114	86	118	124	92	86	108	154	90	150	134	162	80	98	0	0	0	0	0	0	0	0	0
15.52	101.5	66	82	76	68	118	112	90	104	106	90	122	62	74	74	98	128	98	94	106	104	116	142	110	134	100	166	0	0	0	0	0	0	0	0	0
15.53	94.15	88	90	72	66	86	64	68	64	66	96	112	86	88	102	76	102	106	110	112	92	96	130	136	128	82	130	0	0	0	0	0	0	0	0	0
15.54	100.5	64	58	56	100	98	92	84	80	108	106	62	84	116	96	104	134	132	94	106	146	128	100	108	138	76	142	0	0	0	0	0	0	0	0	0
15.55	102.5	68	74	124	64	84	72	90	92	78	88	92	64	70	124	112	138	110	136	124	96	152	180	84	102	106	140	0	0	0	0	0	0	0	0	0
15.56	101.2	84	98	84	56	110	70	64	72	60	76	100	112	120	92	126	124	84	102	94	130	106	146	160	116	124	122	0	0	0	0	0	0	0	0	0
15.57	100.7	80	66	92	74	78	86	108	98	88	86	64	108	84	96	72	154	92	100	102	132	134	120	124	140	104	136	0	0	0	0	0	0	0	0	0
15.58	106.7	104	80	72	66	90	68	80	86	88	118	112	140	98	80	102	122	124	80	130	144	110	110	150	160	124	136	0	0	0	0	0	0	0	0	0
15.59	100.1	46	76	98	82	94	106	62	106	72	72	54	102	130	100	128	106	128	92	116	114	110	150	128	120	114	96	0	0	0	0	0	0	0	0	0
15.6	103.4	68	84	114	78	102	94	74	94	92	110	90	70	80	110	102	106	118	146	100	108	122	124	114	140	144	104	0	0	0	0	0	0	0	0	0
15.61	106.9	72	70	78	84	100	84	102	102	88	84	88	90	92	104	142	126	138	78	122	148	102	162	156	140	114	114	0	0	0	0	0	0	0	0	0
15.62	108.8	92	90	48	124	72	122	86	80	90	130	78	118	84	130	112	140	112	88	94	130	124	146	140	156	112	130	0	0	0	0	0	0	0	0	0
15.63	112.2	98	84	84	72	90	102	64	104	130	106	66	82	84	120	156	98	138	132	130	162	184	140	138	120	108	126	0	0	0	0	0	0	0	0	0
15.64	106.5	60	94	108	102	84	94	102	96	114	118	98	74	66	82	108	66	128	114	160	112	136	144	130	116	136	128	0	0	0	0	0	0	0	0	0
15.65	116.8	78	134	120	102	100	78	84	124	96	114	100	104	124	80	82	112	116	96	136	136	170	164	136	200	116	136	0	0	0	0	0	0	0	0	0
15.66	109.7	118	78	98	72	104	96	58	82	130	112	68	110	112	74	110	142	132	118	124	126	118	102	164	134	148	122	0	0	0	0	0	0	0	0	0
15.67	115.5	90	100	116	116	82	108	92	132	112	86	82	88	102	108	128	100	144	116	116	130	110	158	188	146	102	152	0	0	0	0	0	0	0	0	0
15.68	112.5	88	92	120	68	90	128	80	86	86	128	90	112	126	106	78	142	126	128	102	142	108	132	172	112	118	164	0	0	0	0	0	0	0	0	0
15.69	116.6	78	92	112	80	90	92	118	92	98	90	100	88	120	116	138	110	96	154	156	158	150	140	158	110	156	140	0	0	0	0	0	0	0	0	0
15.7	121.8	112	102	102	106	102	130	102	74	66	92	114	124	140	146	140	112	172	134	128	124	160	134	148	132	124	146	0	0	0	0	0	0	0	0	0
15.71	116.8	102	84	94	126	92	84	84	124	76	108	104	132	92	100	110	132	134	136	130	130	142	170	170	136	104	142	0	0	0	0	0	0	0	0	0
15.72	118.6	110	98	92	116	90	108	102	82	112	112	92	114	108	78	122	146	114	126	120	128	152	168	142	164	140	148	0	0	0	0	0	0	0	0	0
15.73	123	104	58	106	106	104	102	78	90	120	110	102	118	142	134	130	130	150	130	142	156	164	148	156	144	110	164	0	0	0	0	0	0	0	0	0
15.74	116.8	102	106	118	84	84	96	100	108	96	130	64	82	118	118	152	158	92	140	138	140	182	152	128	112	110	128	0	0	0	0	0	0	0	0	0
15.75	118.6	86	94	104	82	92	88	108	114	72	102	110	106	146	138	142	114	122	114	138	146	176	132	138	138	122	160	0	0	0	0	0	0	0	0	0
15.76	125.7	114	116	112	96	130	120	102	96	94	132	126	100	108	140	152	120	102	134	112	102	188	188	176	140	120	148	0	0	0	0	0	0	0	0	0
15.77	118.8	94	86	86	86	94	66	88	100	106	100	80	102	110	132	146	134	130	172	140	148	134	180	162	160	152	100	0	0	0	0	0	0	0	0	0
15.78	125.5	86	94	100	124	130	106	82	88	110	120	82	110	124	142	116	132	142	146	198	124	150	134	156	152	144	172	0	0	0	0	0	0	0	0	0
15.79	116.9	70	116	88	118	90	90	108	104	110	116	72	114	138	130	134	100	150	122	128	108	130	156	160	148	124	116	0	0	0	0	0	0	0	0	0
15.8	122.3	78	118	94	72	96	88	86	82	110	84	134	124	108	128	160	112	114	112	162	228	166	140	190	180	106	108	0	0	0	0	0	0	0	0	0
15.81	123.3	134	78	66	80	110	96	116	88	120	90	96	128	122	116	154	174	110	128	168	142	124	142	178	146	136	164	0	0	0	0	0	0	0	0	0
15.82	129.4	58	72	80	118	80	138	94	138	162	112	98	112	116	136	102	118	154	110	168	168	188	154	188	168	158	174	0	0	0	0	0	0	0	0	0
15.83	128.2	60	112	100	104	96	140	80	60	108	98	112	118	98	152	158	164	136	192	200	144	182	92	178	164	130	154	0	0	0	0	0	0	0	0	0
15.84	126.9	92	80	72	94	108	122	84	66	120	132	106	92	170	120	142	160	146	124	162	180	194	162	156	128	126	162	0	0	0	0	0	0	0	0	0
15.85	129.8	120	106	70	80	96	102	98	86	114	130	136	132	126	132	114	154	184	166	164	160	160	134	180	168	100	162	0	0	0	0	0	0	0	0	0
15.86	133.6	90	106	92	94	116	132	114	84	114	144	116	98	142	116	160	130	156	172	164	130	224	166	184	180	104	146	0	0	0	0	0	0	0	0	0
15.87	128.1	86	94	122	106	114	112	98	132	78	122	104	90	96	146	136	166	114	134	124	210	172	184	144	150	128	168	0	0	0	0	0	0	0	0	0
15.88	133.2	76	90	98	114	92	116	106	134	112	126	110	106	146	100	200	140	134	114	138	196	170	192	194	124	160	174	0	0	0	0	0	0	0	0	0
15.89	129.8	92	86	114	100	104	128	108	96	138	112	88	110	108	102	168	86	152	174	114	178	200	184	178	178	116	162	0	0	0	0	0	0	0	0	0
15.9	128.5	98	126	116	90	132	128	94	110	96	112	88	118	120	140	120	112	118	132	152	126	232	184	160	140	116	182	0	0	0	0	0	0	0	0	0
15.91	131.2	90	118	82	66	120	124	114	126	100	150	132	114	104	156	156	114	162	130	188	150	136	116	194	166	98	204	0	0	0	0	0	0	0	0	0
15.92	133.1	106	96	118	90	126	122	104	110	120	126	94	92	110	136	148	116	140	168	180	142	180	144	212	198	122	160	0	0	0	0	0	0	0	0	0
15.93	128.6	58	86	112	114	94	116	88	112	130	120	86	120	134	118	122	168	112	122	188	198	126	148	170	196	138	168	0	0	0	0	0	0	0	0	0
15.94	134.5	78	104	126	86	114	96	84	114	90	122	116	110	124	178	90	168	144	152	164	184	180	176	214	166	148	170	0	0	0	0	0	0	0	0	0
15.95	142.8	96	100	126	98	130	108	104	118	118	108	136	120	132	134	194	188	186	144	186	136	178	180	190	212	150	142	0	0	0	0	0	0	0	0	0
15.96	133.4	74	90	122	98	126	100	84	108	130	124	86	136	132	138	134	164	176	134	116	154	148	170	200	208	102	214	0	0	0	0	0	0	0	0	0
15.97	143.8	126	74	116	114	138	100	114	88	142	148	130	100	126	156	162	160	176	176	188	148	204	188	204	174	102	184	0	0	0	0	0	0	0	0	0
15.98	137.6	90	84	112	108	106	146	102	148	130	112	80	120	130	148	130	146	166	190	166	178	190	192	222	140	94	148	0	0	0	0	0	0	0	0	0
15.99	139.8	102	102	94	114	132	84	98	112	84	122	116	124	138	160	168	124	178	154	156	138	264	172	210	204	134	152	0	0	0	0	0	0	0	0	0
16	140.7	94	74	120	138	114	106	102	122	132	170	112	158	148	138	180	174	202	160	152	172	138	158	174	180	116	124	0	0	0	0	0	0	0	0	0
