# SCAN started at: 2019-02-13 18:44:05
# Elen_Scan Mass: 67.9 Resolution: 30
# ----------------------------------------
# 
9.5	1.75	0	0	4	6	0	4	0	0	0	0	2	2	8	12	0	0	0	2	0	2	0	0	0	0	0	0	0	0	0	0
9.51	0	0	0	0	0	0	0	0	0	0	0	0	0	0	0	0	0	0	0	0	0	0	0	0	0	0	0	0	0	0	0
9.52	0.1667	0	0	0	0	0	0	0	0	0	0	0	4	0	0	0	0	0	0	0	0	0	0	0	0	0	0	0	0	0	0
9.53	0	0	0	0	0	0	0	0	0	0	0	0	0	0	0	0	0	0	0	0	0	0	0	0	0	0	0	0	0	0	0
9.54	0	0	0	0	0	0	0	0	0	0	0	0	0	0	0	0	0	0	0	0	0	0	0	0	0	0	0	0	0	0	0
9.55	0	0	0	0	0	0	0	0	0	0	0	0	0	0	0	0	0	0	0	0	0	0	0	0	0	0	0	0	0	0	0
9.56	0	0	0	0	0	0	0	0	0	0	0	0	0	0	0	0	0	0	0	0	0	0	0	0	0	0	0	0	0	0	0
9.57	0	0	0	0	0	0	0	0	0	0	0	0	0	0	0	0	0	0	0	0	0	0	0	0	0	0	0	0	0	0	0
9.58	0	0	0	0	0	0	0	0	0	0	0	0	0	0	0	0	0	0	0	0	0	0	0	0	0	0	0	0	0	0	0
9.59	0	0	0	0	0	0	0	0	0	0	0	0	0	0	0	0	0	0	0	0	0	0	0	0	0	0	0	0	0	0	0
9.6	0.08333	0	0	0	0	0	0	0	0	0	0	0	0	0	0	2	0	0	0	0	0	0	0	0	0	0	0	0	0	0	0
9.61	0.08333	0	0	0	0	0	0	0	0	0	0	0	0	0	0	0	0	0	0	0	0	2	0	0	0	0	0	0	0	0	0
9.62	0	0	0	0	0	0	0	0	0	0	0	0	0	0	0	0	0	0	0	0	0	0	0	0	0	0	0	0	0	0	0
9.63	0.08333	0	0	0	0	0	0	0	0	0	0	0	0	0	0	0	0	0	0	0	0	0	0	0	2	0	0	0	0	0	0
9.64	0	0	0	0	0	0	0	0	0	0	0	0	0	0	0	0	0	0	0	0	0	0	0	0	0	0	0	0	0	0	0
9.65	0	0	0	0	0	0	0	0	0	0	0	0	0	0	0	0	0	0	0	0	0	0	0	0	0	0	0	0	0	0	0
9.66	0	0	0	0	0	0	0	0	0	0	0	0	0	0	0	0	0	0	0	0	0	0	0	0	0	0	0	0	0	0	0
9.67	0	0	0	0	0	0	0	0	0	0	0	0	0	0	0	0	0	0	0	0	0	0	0	0	0	0	0	0	0	0	0
9.68	0	0	0	0	0	0	0	0	0	0	0	0	0	0	0	0	0	0	0	0	0	0	0	0	0	0	0	0	0	0	0
9.69	0	0	0	0	0	0	0	0	0	0	0	0	0	0	0	0	0	0	0	0	0	0	0	0	0	0	0	0	0	0	0
9.7	0.25	0	0	0	0	0	0	0	0	0	0	0	0	0	0	0	0	0	0	0	0	4	2	0	0	0	0	0	0	0	0
9.71	0	0	0	0	0	0	0	0	0	0	0	0	0	0	0	0	0	0	0	0	0	0	0	0	0	0	0	0	0	0	0
9.72	0.08333	0	0	0	0	2	0	0	0	0	0	0	0	0	0	0	0	0	0	0	0	0	0	0	0	0	0	0	0	0	0
9.73	1.167	0	0	0	0	0	0	0	0	0	0	0	0	0	2	0	0	0	0	0	0	0	26	0	0	0	0	0	0	0	0
9.74	0	0	0	0	0	0	0	0	0	0	0	0	0	0	0	0	0	0	0	0	0	0	0	0	0	0	0	0	0	0	0
9.75	0	0	0	0	0	0	0	0	0	0	0	0	0	0	0	0	0	0	0	0	0	0	0	0	0	0	0	0	0	0	0
9.76	0.08333	0	0	0	0	0	0	0	0	0	0	0	2	0	0	0	0	0	0	0	0	0	0	0	0	0	0	0	0	0	0
9.77	0	0	0	0	0	0	0	0	0	0	0	0	0	0	0	0	0	0	0	0	0	0	0	0	0	0	0	0	0	0	0
9.78	0.08333	0	0	0	0	0	0	0	0	0	2	0	0	0	0	0	0	0	0	0	0	0	0	0	0	0	0	0	0	0	0
9.79	0	0	0	0	0	0	0	0	0	0	0	0	0	0	0	0	0	0	0	0	0	0	0	0	0	0	0	0	0	0	0
9.8	0	0	0	0	0	0	0	0	0	0	0	0	0	0	0	0	0	0	0	0	0	0	0	0	0	0	0	0	0	0	0
9.81	0	0	0	0	0	0	0	0	0	0	0	0	0	0	0	0	0	0	0	0	0	0	0	0	0	0	0	0	0	0	0
9.82	0	0	0	0	0	0	0	0	0	0	0	0	0	0	0	0	0	0	0	0	0	0	0	0	0	0	0	0	0	0	0
9.83	0	0	0	0	0	0	0	0	0	0	0	0	0	0	0	0	0	0	0	0	0	0	0	0	0	0	0	0	0	0	0
9.84	0.1667	0	0	0	0	0	0	0	0	0	0	0	0	4	0	0	0	0	0	0	0	0	0	0	0	0	0	0	0	0	0
9.85	0	0	0	0	0	0	0	0	0	0	0	0	0	0	0	0	0	0	0	0	0	0	0	0	0	0	0	0	0	0	0
9.86	0	0	0	0	0	0	0	0	0	0	0	0	0	0	0	0	0	0	0	0	0	0	0	0	0	0	0	0	0	0	0
9.87	0	0	0	0	0	0	0	0	0	0	0	0	0	0	0	0	0	0	0	0	0	0	0	0	0	0	0	0	0	0	0
9.88	0	0	0	0	0	0	0	0	0	0	0	0	0	0	0	0	0	0	0	0	0	0	0	0	0	0	0	0	0	0	0
9.89	0	0	0	0	0	0	0	0	0	0	0	0	0	0	0	0	0	0	0	0	0	0	0	0	0	0	0	0	0	0	0
9.9	0	0	0	0	0	0	0	0	0	0	0	0	0	0	0	0	0	0	0	0	0	0	0	0	0	0	0	0	0	0	0
9.91	0	0	0	0	0	0	0	0	0	0	0	0	0	0	0	0	0	0	0	0	0	0	0	0	0	0	0	0	0	0	0
9.92	0.25	0	0	0	0	0	0	2	0	2	0	0	0	0	0	0	0	0	0	2	0	0	0	0	0	0	0	0	0	0	0
9.93	0	0	0	0	0	0	0	0	0	0	0	0	0	0	0	0	0	0	0	0	0	0	0	0	0	0	0	0	0	0	0
9.94	0.08333	0	0	0	0	0	0	2	0	0	0	0	0	0	0	0	0	0	0	0	0	0	0	0	0	0	0	0	0	0	0
9.95	0.08333	0	0	0	0	0	0	0	0	0	0	0	0	0	0	0	0	0	0	0	2	0	0	0	0	0	0	0	0	0	0
9.96	0	0	0	0	0	0	0	0	0	0	0	0	0	0	0	0	0	0	0	0	0	0	0	0	0	0	0	0	0	0	0
9.97	0	0	0	0	0	0	0	0	0	0	0	0	0	0	0	0	0	0	0	0	0	0	0	0	0	0	0	0	0	0	0
9.98	0	0	0	0	0	0	0	0	0	0	0	0	0	0	0	0	0	0	0	0	0	0	0	0	0	0	0	0	0	0	0
9.99	0	0	0	0	0	0	0	0	0	0	0	0	0	0	0	0	0	0	0	0	0	0	0	0	0	0	0	0	0	0	0
10	0.08333	0	0	0	0	0	0	2	0	0	0	0	0	0	0	0	0	0	0	0	0	0	0	0	0	0	0	0	0	0	0
10.01	0	0	0	0	0	0	0	0	0	0	0	0	0	0	0	0	0	0	0	0	0	0	0	0	0	0	0	0	0	0	0
10.02	0	0	0	0	0	0	0	0	0	0	0	0	0	0	0	0	0	0	0	0	0	0	0	0	0	0	0	0	0	0	0
10.03	0.08333	0	0	0	0	0	0	0	0	0	0	0	2	0	0	0	0	0	0	0	0	0	0	0	0	0	0	0	0	0	0
10.04	0	0	0	0	0	0	0	0	0	0	0	0	0	0	0	0	0	0	0	0	0	0	0	0	0	0	0	0	0	0	0
10.05	0	0	0	0	0	0	0	0	0	0	0	0	0	0	0	0	0	0	0	0	0	0	0	0	0	0	0	0	0	0	0
10.06	0	0	0	0	0	0	0	0	0	0	0	0	0	0	0	0	0	0	0	0	0	0	0	0	0	0	0	0	0	0	0
10.07	0	0	0	0	0	0	0	0	0	0	0	0	0	0	0	0	0	0	0	0	0	0	0	0	0	0	0	0	0	0	0
10.08	0	0	0	0	0	0	0	0	0	0	0	0	0	0	0	0	0	0	0	0	0	0	0	0	0	0	0	0	0	0	0
10.09	0.08333	0	0	0	0	0	0	0	0	0	0	0	0	0	0	0	2	0	0	0	0	0	0	0	0	0	0	0	0	0	0
10.1	0	0	0	0	0	0	0	0	0	0	0	0	0	0	0	0	0	0	0	0	0	0	0	0	0	0	0	0	0	0	0
10.11	0.08333	0	0	0	0	0	0	0	0	0	0	0	2	0	0	0	0	0	0	0	0	0	0	0	0	0	0	0	0	0	0
10.12	0	0	0	0	0	0	0	0	0	0	0	0	0	0	0	0	0	0	0	0	0	0	0	0	0	0	0	0	0	0	0
10.13	0	0	0	0	0	0	0	0	0	0	0	0	0	0	0	0	0	0	0	0	0	0	0	0	0	0	0	0	0	0	0
10.14	0	0	0	0	0	0	0	0	0	0	0	0	0	0	0	0	0	0	0	0	0	0	0	0	0	0	0	0	0	0	0
10.15	0.08333	0	0	0	0	0	0	0	0	0	0	0	0	0	0	0	0	0	0	0	0	2	0	0	0	0	0	0	0	0	0
10.16	0	0	0	0	0	0	0	0	0	0	0	0	0	0	0	0	0	0	0	0	0	0	0	0	0	0	0	0	0	0	0
10.17	0.08333	0	0	0	2	0	0	0	0	0	0	0	0	0	0	0	0	0	0	0	0	0	0	0	0	0	0	0	0	0	0
10.18	0	0	0	0	0	0	0	0	0	0	0	0	0	0	0	0	0	0	0	0	0	0	0	0	0	0	0	0	0	0	0
10.19	0	0	0	0	0	0	0	0	0	0	0	0	0	0	0	0	0	0	0	0	0	0	0	0	0	0	0	0	0	0	0
10.2	0	0	0	0	0	0	0	0	0	0	0	0	0	0	0	0	0	0	0	0	0	0	0	0	0	0	0	0	0	0	0
10.21	0	0	0	0	0	0	0	0	0	0	0	0	0	0	0	0	0	0	0	0	0	0	0	0	0	0	0	0	0	0	0
10.22	0	0	0	0	0	0	0	0	0	0	0	0	0	0	0	0	0	0	0	0	0	0	0	0	0	0	0	0	0	0	0
10.23	0.25	0	6	0	0	0	0	0	0	0	0	0	0	0	0	0	0	0	0	0	0	0	0	0	0	0	0	0	0	0	0
10.24	0	0	0	0	0	0	0	0	0	0	0	0	0	0	0	0	0	0	0	0	0	0	0	0	0	0	0	0	0	0	0
10.25	0	0	0	0	0	0	0	0	0	0	0	0	0	0	0	0	0	0	0	0	0	0	0	0	0	0	0	0	0	0	0
10.26	0	0	0	0	0	0	0	0	0	0	0	0	0	0	0	0	0	0	0	0	0	0	0	0	0	0	0	0	0	0	0
10.27	0	0	0	0	0	0	0	0	0	0	0	0	0	0	0	0	0	0	0	0	0	0	0	0	0	0	0	0	0	0	0
10.28	0.08333	0	0	0	0	0	0	0	2	0	0	0	0	0	0	0	0	0	0	0	0	0	0	0	0	0	0	0	0	0	0
10.29	0.08333	0	0	0	0	0	0	0	0	0	0	0	0	0	0	0	0	0	2	0	0	0	0	0	0	0	0	0	0	0	0
10.3	0	0	0	0	0	0	0	0	0	0	0	0	0	0	0	0	0	0	0	0	0	0	0	0	0	0	0	0	0	0	0
10.31	0	0	0	0	0	0	0	0	0	0	0	0	0	0	0	0	0	0	0	0	0	0	0	0	0	0	0	0	0	0	0
10.32	0	0	0	0	0	0	0	0	0	0	0	0	0	0	0	0	0	0	0	0	0	0	0	0	0	0	0	0	0	0	0
10.33	0	0	0	0	0	0	0	0	0	0	0	0	0	0	0	0	0	0	0	0	0	0	0	0	0	0	0	0	0	0	0
10.34	0	0	0	0	0	0	0	0	0	0	0	0	0	0	0	0	0	0	0	0	0	0	0	0	0	0	0	0	0	0	0
10.35	0	0	0	0	0	0	0	0	0	0	0	0	0	0	0	0	0	0	0	0	0	0	0	0	0	0	0	0	0	0	0
10.36	0	0	0	0	0	0	0	0	0	0	0	0	0	0	0	0	0	0	0	0	0	0	0	0	0	0	0	0	0	0	0
10.37	0	0	0	0	0	0	0	0	0	0	0	0	0	0	0	0	0	0	0	0	0	0	0	0	0	0	0	0	0	0	0
10.38	0	0	0	0	0	0	0	0	0	0	0	0	0	0	0	0	0	0	0	0	0	0	0	0	0	0	0	0	0	0	0
10.39	0	0	0	0	0	0	0	0	0	0	0	0	0	0	0	0	0	0	0	0	0	0	0	0	0	0	0	0	0	0	0
10.4	0	0	0	0	0	0	0	0	0	0	0	0	0	0	0	0	0	0	0	0	0	0	0	0	0	0	0	0	0	0	0
10.41	0	0	0	0	0	0	0	0	0	0	0	0	0	0	0	0	0	0	0	0	0	0	0	0	0	0	0	0	0	0	0
10.42	0	0	0	0	0	0	0	0	0	0	0	0	0	0	0	0	0	0	0	0	0	0	0	0	0	0	0	0	0	0	0
10.43	0	0	0	0	0	0	0	0	0	0	0	0	0	0	0	0	0	0	0	0	0	0	0	0	0	0	0	0	0	0	0
10.44	0	0	0	0	0	0	0	0	0	0	0	0	0	0	0	0	0	0	0	0	0	0	0	0	0	0	0	0	0	0	0
10.45	0	0	0	0	0	0	0	0	0	0	0	0	0	0	0	0	0	0	0	0	0	0	0	0	0	0	0	0	0	0	0
10.46	0	0	0	0	0	0	0	0	0	0	0	0	0	0	0	0	0	0	0	0	0	0	0	0	0	0	0	0	0	0	0
10.47	0	0	0	0	0	0	0	0	0	0	0	0	0	0	0	0	0	0	0	0	0	0	0	0	0	0	0	0	0	0	0
10.48	0	0	0	0	0	0	0	0	0	0	0	0	0	0	0	0	0	0	0	0	0	0	0	0	0	0	0	0	0	0	0
10.49	0	0	0	0	0	0	0	0	0	0	0	0	0	0	0	0	0	0	0	0	0	0	0	0	0	0	0	0	0	0	0
10.5	0	0	0	0	0	0	0	0	0	0	0	0	0	0	0	0	0	0	0	0	0	0	0	0	0	0	0	0	0	0	0
10.51	0	0	0	0	0	0	0	0	0	0	0	0	0	0	0	0	0	0	0	0	0	0	0	0	0	0	0	0	0	0	0
10.52	0	0	0	0	0	0	0	0	0	0	0	0	0	0	0	0	0	0	0	0	0	0	0	0	0	0	0	0	0	0	0
10.53	0.3333	0	0	0	0	0	0	0	0	0	0	2	2	0	0	2	0	0	0	0	0	0	0	0	2	0	0	0	0	0	0
10.54	0	0	0	0	0	0	0	0	0	0	0	0	0	0	0	0	0	0	0	0	0	0	0	0	0	0	0	0	0	0	0
10.55	0	0	0	0	0	0	0	0	0	0	0	0	0	0	0	0	0	0	0	0	0	0	0	0	0	0	0	0	0	0	0
10.56	0	0	0	0	0	0	0	0	0	0	0	0	0	0	0	0	0	0	0	0	0	0	0	0	0	0	0	0	0	0	0
10.57	0.6667	0	0	0	0	14	0	0	0	0	2	0	0	0	0	0	0	0	0	0	0	0	0	0	0	0	0	0	0	0	0
10.58	0	0	0	0	0	0	0	0	0	0	0	0	0	0	0	0	0	0	0	0	0	0	0	0	0	0	0	0	0	0	0
10.59	0.1667	0	0	0	0	0	4	0	0	0	0	0	0	0	0	0	0	0	0	0	0	0	0	0	0	0	0	0	0	0	0
10.6	0	0	0	0	0	0	0	0	0	0	0	0	0	0	0	0	0	0	0	0	0	0	0	0	0	0	0	0	0	0	0
10.61	0.08333	0	0	0	0	0	2	0	0	0	0	0	0	0	0	0	0	0	0	0	0	0	0	0	0	0	0	0	0	0	0
10.62	0.1667	0	0	0	0	0	0	0	0	0	0	0	0	0	0	0	4	0	0	0	0	0	0	0	0	0	0	0	0	0	0
10.63	0	0	0	0	0	0	0	0	0	0	0	0	0	0	0	0	0	0	0	0	0	0	0	0	0	0	0	0	0	0	0
10.64	0	0	0	0	0	0	0	0	0	0	0	0	0	0	0	0	0	0	0	0	0	0	0	0	0	0	0	0	0	0	0
10.65	0	0	0	0	0	0	0	0	0	0	0	0	0	0	0	0	0	0	0	0	0	0	0	0	0	0	0	0	0	0	0
10.66	0	0	0	0	0	0	0	0	0	0	0	0	0	0	0	0	0	0	0	0	0	0	0	0	0	0	0	0	0	0	0
10.67	0	0	0	0	0	0	0	0	0	0	0	0	0	0	0	0	0	0	0	0	0	0	0	0	0	0	0	0	0	0	0
10.68	0	0	0	0	0	0	0	0	0	0	0	0	0	0	0	0	0	0	0	0	0	0	0	0	0	0	0	0	0	0	0
10.69	0	0	0	0	0	0	0	0	0	0	0	0	0	0	0	0	0	0	0	0	0	0	0	0	0	0	0	0	0	0	0
10.7	0	0	0	0	0	0	0	0	0	0	0	0	0	0	0	0	0	0	0	0	0	0	0	0	0	0	0	0	0	0	0
10.71	0	0	0	0	0	0	0	0	0	0	0	0	0	0	0	0	0	0	0	0	0	0	0	0	0	0	0	0	0	0	0
10.72	0	0	0	0	0	0	0	0	0	0	0	0	0	0	0	0	0	0	0	0	0	0	0	0	0	0	0	0	0	0	0
10.73	0.08333	0	2	0	0	0	0	0	0	0	0	0	0	0	0	0	0	0	0	0	0	0	0	0	0	0	0	0	0	0	0
10.74	0	0	0	0	0	0	0	0	0	0	0	0	0	0	0	0	0	0	0	0	0	0	0	0	0	0	0	0	0	0	0
10.75	0.08333	0	0	0	0	0	0	0	0	0	0	2	0	0	0	0	0	0	0	0	0	0	0	0	0	0	0	0	0	0	0
10.76	0	0	0	0	0	0	0	0	0	0	0	0	0	0	0	0	0	0	0	0	0	0	0	0	0	0	0	0	0	0	0
10.77	0	0	0	0	0	0	0	0	0	0	0	0	0	0	0	0	0	0	0	0	0	0	0	0	0	0	0	0	0	0	0
10.78	0.08333	0	0	0	0	2	0	0	0	0	0	0	0	0	0	0	0	0	0	0	0	0	0	0	0	0	0	0	0	0	0
10.79	0	0	0	0	0	0	0	0	0	0	0	0	0	0	0	0	0	0	0	0	0	0	0	0	0	0	0	0	0	0	0
10.8	0	0	0	0	0	0	0	0	0	0	0	0	0	0	0	0	0	0	0	0	0	0	0	0	0	0	0	0	0	0	0
10.81	0	0	0	0	0	0	0	0	0	0	0	0	0	0	0	0	0	0	0	0	0	0	0	0	0	0	0	0	0	0	0
10.82	0.08333	0	0	0	0	0	0	0	0	0	2	0	0	0	0	0	0	0	0	0	0	0	0	0	0	0	0	0	0	0	0
10.83	0	0	0	0	0	0	0	0	0	0	0	0	0	0	0	0	0	0	0	0	0	0	0	0	0	0	0	0	0	0	0
10.84	0	0	0	0	0	0	0	0	0	0	0	0	0	0	0	0	0	0	0	0	0	0	0	0	0	0	0	0	0	0	0
10.85	0.08333	0	0	0	0	0	0	0	2	0	0	0	0	0	0	0	0	0	0	0	0	0	0	0	0	0	0	0	0	0	0
10.86	0	0	0	0	0	0	0	0	0	0	0	0	0	0	0	0	0	0	0	0	0	0	0	0	0	0	0	0	0	0	0
10.87	0	0	0	0	0	0	0	0	0	0	0	0	0	0	0	0	0	0	0	0	0	0	0	0	0	0	0	0	0	0	0
10.88	0	0	0	0	0	0	0	0	0	0	0	0	0	0	0	0	0	0	0	0	0	0	0	0	0	0	0	0	0	0	0
10.89	0.08333	0	0	0	0	0	0	0	0	0	0	0	0	0	0	0	0	0	2	0	0	0	0	0	0	0	0	0	0	0	0
10.9	0	0	0	0	0	0	0	0	0	0	0	0	0	0	0	0	0	0	0	0	0	0	0	0	0	0	0	0	0	0	0
10.91	0	0	0	0	0	0	0	0	0	0	0	0	0	0	0	0	0	0	0	0	0	0	0	0	0	0	0	0	0	0	0
10.92	0	0	0	0	0	0	0	0	0	0	0	0	0	0	0	0	0	0	0	0	0	0	0	0	0	0	0	0	0	0	0
10.93	0	0	0	0	0	0	0	0	0	0	0	0	0	0	0	0	0	0	0	0	0	0	0	0	0	0	0	0	0	0	0
10.94	0	0	0	0	0	0	0	0	0	0	0	0	0	0	0	0	0	0	0	0	0	0	0	0	0	0	0	0	0	0	0
10.95	0	0	0	0	0	0	0	0	0	0	0	0	0	0	0	0	0	0	0	0	0	0	0	0	0	0	0	0	0	0	0
10.96	0	0	0	0	0	0	0	0	0	0	0	0	0	0	0	0	0	0	0	0	0	0	0	0	0	0	0	0	0	0	0
10.97	0	0	0	0	0	0	0	0	0	0	0	0	0	0	0	0	0	0	0	0	0	0	0	0	0	0	0	0	0	0	0
10.98	0	0	0	0	0	0	0	0	0	0	0	0	0	0	0	0	0	0	0	0	0	0	0	0	0	0	0	0	0	0	0
10.99	0	0	0	0	0	0	0	0	0	0	0	0	0	0	0	0	0	0	0	0	0	0	0	0	0	0	0	0	0	0	0
11	0	0	0	0	0	0	0	0	0	0	0	0	0	0	0	0	0	0	0	0	0	0	0	0	0	0	0	0	0	0	0
11.01	0	0	0	0	0	0	0	0	0	0	0	0	0	0	0	0	0	0	0	0	0	0	0	0	0	0	0	0	0	0	0
11.02	0	0	0	0	0	0	0	0	0	0	0	0	0	0	0	0	0	0	0	0	0	0	0	0	0	0	0	0	0	0	0
11.03	0	0	0	0	0	0	0	0	0	0	0	0	0	0	0	0	0	0	0	0	0	0	0	0	0	0	0	0	0	0	0
11.04	0.1667	0	0	0	0	4	0	0	0	0	0	0	0	0	0	0	0	0	0	0	0	0	0	0	0	0	0	0	0	0	0
11.05	0	0	0	0	0	0	0	0	0	0	0	0	0	0	0	0	0	0	0	0	0	0	0	0	0	0	0	0	0	0	0
11.06	0	0	0	0	0	0	0	0	0	0	0	0	0	0	0	0	0	0	0	0	0	0	0	0	0	0	0	0	0	0	0
11.07	0	0	0	0	0	0	0	0	0	0	0	0	0	0	0	0	0	0	0	0	0	0	0	0	0	0	0	0	0	0	0
11.08	0	0	0	0	0	0	0	0	0	0	0	0	0	0	0	0	0	0	0	0	0	0	0	0	0	0	0	0	0	0	0
11.09	0	0	0	0	0	0	0	0	0	0	0	0	0	0	0	0	0	0	0	0	0	0	0	0	0	0	0	0	0	0	0
11.1	0	0	0	0	0	0	0	0	0	0	0	0	0	0	0	0	0	0	0	0	0	0	0	0	0	0	0	0	0	0	0
11.11	0.08333	0	0	0	0	0	0	0	0	0	0	0	0	2	0	0	0	0	0	0	0	0	0	0	0	0	0	0	0	0	0
11.12	0.08333	0	0	0	0	0	0	0	0	2	0	0	0	0	0	0	0	0	0	0	0	0	0	0	0	0	0	0	0	0	0
11.13	0.1667	0	0	0	0	0	0	0	0	0	0	0	0	4	0	0	0	0	0	0	0	0	0	0	0	0	0	0	0	0	0
11.14	0.25	0	0	0	0	0	0	0	4	0	2	0	0	0	0	0	0	0	0	0	0	0	0	0	0	0	0	0	0	0	0
11.15	0	0	0	0	0	0	0	0	0	0	0	0	0	0	0	0	0	0	0	0	0	0	0	0	0	0	0	0	0	0	0
11.16	0.08333	0	0	0	0	0	2	0	0	0	0	0	0	0	0	0	0	0	0	0	0	0	0	0	0	0	0	0	0	0	0
11.17	0	0	0	0	0	0	0	0	0	0	0	0	0	0	0	0	0	0	0	0	0	0	0	0	0	0	0	0	0	0	0
11.18	0	0	0	0	0	0	0	0	0	0	0	0	0	0	0	0	0	0	0	0	0	0	0	0	0	0	0	0	0	0	0
11.19	0	0	0	0	0	0	0	0	0	0	0	0	0	0	0	0	0	0	0	0	0	0	0	0	0	0	0	0	0	0	0
11.2	0	0	0	0	0	0	0	0	0	0	0	0	0	0	0	0	0	0	0	0	0	0	0	0	0	0	0	0	0	0	0
11.21	0	0	0	0	0	0	0	0	0	0	0	0	0	0	0	0	0	0	0	0	0	0	0	0	0	0	0	0	0	0	0
11.22	0.08333	0	0	0	0	0	0	0	0	0	0	2	0	0	0	0	0	0	0	0	0	0	0	0	0	0	0	0	0	0	0
11.23	0.3333	4	0	0	0	0	0	0	0	0	0	0	0	0	0	0	0	0	0	0	4	0	0	0	0	0	0	0	0	0	0
11.24	0	0	0	0	0	0	0	0	0	0	0	0	0	0	0	0	0	0	0	0	0	0	0	0	0	0	0	0	0	0	0
11.25	0.1667	4	0	0	0	0	0	0	0	0	0	0	0	0	0	0	0	0	0	0	0	0	0	0	0	0	0	0	0	0	0
11.26	0	0	0	0	0	0	0	0	0	0	0	0	0	0	0	0	0	0	0	0	0	0	0	0	0	0	0	0	0	0	0
11.27	0	0	0	0	0	0	0	0	0	0	0	0	0	0	0	0	0	0	0	0	0	0	0	0	0	0	0	0	0	0	0
11.28	0.3333	4	0	0	0	2	0	0	0	0	0	0	0	0	0	0	0	0	0	0	2	0	0	0	0	0	0	0	0	0	0
11.29	0	0	0	0	0	0	0	0	0	0	0	0	0	0	0	0	0	0	0	0	0	0	0	0	0	0	0	0	0	0	0
11.3	0.08333	0	0	0	0	0	0	0	0	0	0	2	0	0	0	0	0	0	0	0	0	0	0	0	0	0	0	0	0	0	0
11.31	0	0	0	0	0	0	0	0	0	0	0	0	0	0	0	0	0	0	0	0	0	0	0	0	0	0	0	0	0	0	0
11.32	0.4167	0	0	0	0	0	0	0	0	0	2	4	2	0	0	0	0	0	0	0	2	0	0	0	0	0	0	0	0	0	0
11.33	0.1667	0	0	0	0	0	0	0	0	0	0	0	0	0	4	0	0	0	0	0	0	0	0	0	0	0	0	0	0	0	0
11.34	0.08333	0	0	0	0	0	0	0	0	0	0	0	0	0	0	0	0	0	0	0	2	0	0	0	0	0	0	0	0	0	0
11.35	0	0	0	0	0	0	0	0	0	0	0	0	0	0	0	0	0	0	0	0	0	0	0	0	0	0	0	0	0	0	0
11.36	0.08333	0	0	0	0	0	0	0	0	0	0	0	2	0	0	0	0	0	0	0	0	0	0	0	0	0	0	0	0	0	0
11.37	0	0	0	0	0	0	0	0	0	0	0	0	0	0	0	0	0	0	0	0	0	0	0	0	0	0	0	0	0	0	0
11.38	0	0	0	0	0	0	0	0	0	0	0	0	0	0	0	0	0	0	0	0	0	0	0	0	0	0	0	0	0	0	0
11.39	0.1667	0	0	0	0	0	0	0	0	0	0	0	0	0	0	0	0	0	0	4	0	0	0	0	0	0	0	0	0	0	0
11.4	0	0	0	0	0	0	0	0	0	0	0	0	0	0	0	0	0	0	0	0	0	0	0	0	0	0	0	0	0	0	0
11.41	0.3333	0	0	0	0	0	0	4	0	0	0	0	0	0	0	0	0	0	0	4	0	0	0	0	0	0	0	0	0	0	0
11.42	0.1667	0	0	0	0	0	0	0	0	0	0	0	0	0	0	0	4	0	0	0	0	0	0	0	0	0	0	0	0	0	0
11.43	0.3333	0	0	0	0	0	2	0	0	0	6	0	0	0	0	0	0	0	0	0	0	0	0	0	0	0	0	0	0	0	0
11.44	0.08333	0	0	0	0	0	0	0	0	0	0	0	0	0	0	2	0	0	0	0	0	0	0	0	0	0	0	0	0	0	0
11.45	0	0	0	0	0	0	0	0	0	0	0	0	0	0	0	0	0	0	0	0	0	0	0	0	0	0	0	0	0	0	0
11.46	0.4167	0	0	0	0	0	0	0	4	0	0	0	0	0	0	0	0	0	0	4	2	0	0	0	0	0	0	0	0	0	0
11.47	0.25	0	0	0	0	0	0	0	0	0	0	0	0	0	2	0	0	4	0	0	0	0	0	0	0	0	0	0	0	0	0
11.48	0.1667	0	0	0	0	0	0	0	0	2	0	0	2	0	0	0	0	0	0	0	0	0	0	0	0	0	0	0	0	0	0
11.49	0.1667	4	0	0	0	0	0	0	0	0	0	0	0	0	0	0	0	0	0	0	0	0	0	0	0	0	0	0	0	0	0
11.5	0	0	0	0	0	0	0	0	0	0	0	0	0	0	0	0	0	0	0	0	0	0	0	0	0	0	0	0	0	0	0
11.51	0.1667	0	0	0	0	0	0	0	0	0	0	0	0	0	0	0	4	0	0	0	0	0	0	0	0	0	0	0	0	0	0
11.52	0	0	0	0	0	0	0	0	0	0	0	0	0	0	0	0	0	0	0	0	0	0	0	0	0	0	0	0	0	0	0
11.53	0.08333	0	0	0	0	0	0	0	0	0	0	0	0	0	0	0	0	2	0	0	0	0	0	0	0	0	0	0	0	0	0
11.54	0.3333	0	0	0	0	0	0	2	0	0	0	0	0	0	0	0	0	0	0	0	0	0	4	2	0	0	0	0	0	0	0
11.55	0.4167	4	0	2	0	0	0	0	0	0	0	0	0	0	2	0	2	0	0	0	0	0	0	0	0	0	0	0	0	0	0
11.56	0.1667	0	0	0	0	0	0	0	0	0	0	0	0	0	0	0	0	0	0	0	0	0	0	4	0	0	0	0	0	0	0
11.57	0.3333	0	0	2	0	0	0	0	0	0	0	0	0	0	4	0	0	0	2	0	0	0	0	0	0	0	0	0	0	0	0
11.58	0.25	2	0	0	0	0	0	0	0	0	0	0	0	2	0	2	0	0	0	0	0	0	0	0	0	0	0	0	0	0	0
11.59	0.1667	0	0	0	0	0	0	0	0	0	0	0	2	0	0	0	0	2	0	0	0	0	0	0	0	0	0	0	0	0	0
11.6	0.1667	0	0	0	0	0	0	0	0	0	0	0	0	0	0	0	2	2	0	0	0	0	0	0	0	0	0	0	0	0	0
11.61	0.9167	0	0	0	0	0	0	0	0	0	0	0	4	0	0	8	0	2	4	0	2	0	0	0	2	0	0	0	0	0	0
11.62	0.5	4	0	6	0	0	0	0	0	0	0	0	0	0	0	0	0	0	2	0	0	0	0	0	0	0	0	0	0	0	0
11.63	0.3333	0	0	0	0	0	0	0	0	0	0	0	0	0	4	0	0	0	0	0	0	0	0	4	0	0	0	0	0	0	0
11.64	0.6667	0	2	2	2	0	0	0	0	0	0	0	2	6	0	0	0	0	0	0	0	0	2	0	0	0	0	0	0	0	0
11.65	0.1667	0	0	0	0	2	2	0	0	0	0	0	0	0	0	0	0	0	0	0	0	0	0	0	0	0	0	0	0	0	0
11.66	0.25	0	0	4	0	0	0	0	0	0	0	0	0	0	0	0	0	0	2	0	0	0	0	0	0	0	0	0	0	0	0
11.67	0.25	0	0	0	0	0	0	0	0	0	0	0	0	0	0	2	0	4	0	0	0	0	0	0	0	0	0	0	0	0	0
11.68	0.1667	0	0	0	0	0	0	0	0	0	0	0	0	0	0	0	4	0	0	0	0	0	0	0	0	0	0	0	0	0	0
11.69	0.4167	0	0	0	2	2	0	0	0	0	0	0	0	0	2	0	0	0	0	0	0	0	0	4	0	0	0	0	0	0	0
11.7	0.6667	0	4	4	0	4	0	0	0	0	0	0	0	0	0	2	0	0	0	0	0	0	0	2	0	0	0	0	0	0	0
11.71	0.3333	0	0	0	0	6	0	0	0	0	0	0	0	0	0	0	0	0	0	0	0	0	0	2	0	0	0	0	0	0	0
11.72	0.3333	0	0	0	0	0	0	0	0	0	0	0	0	0	0	0	0	0	0	0	0	2	2	4	0	0	0	0	0	0	0
11.73	0.4167	0	4	0	0	0	0	0	0	2	0	0	0	0	0	4	0	0	0	0	0	0	0	0	0	0	0	0	0	0	0
11.74	0.4167	0	0	0	0	0	0	2	2	2	0	0	0	0	0	0	0	0	0	0	0	0	0	2	2	0	0	0	0	0	0
11.75	0	0	0	0	0	0	0	0	0	0	0	0	0	0	0	0	0	0	0	0	0	0	0	0	0	0	0	0	0	0	0
11.76	0.5833	0	0	0	0	0	0	0	6	0	0	0	2	0	0	0	4	0	0	0	0	0	2	0	0	0	0	0	0	0	0
11.77	1.083	0	2	0	0	0	0	0	0	4	0	6	0	4	2	0	4	0	0	4	0	0	0	0	0	0	0	0	0	0	0
11.78	0.75	0	0	8	0	2	2	0	0	0	0	0	0	4	0	0	0	0	0	0	2	0	0	0	0	0	0	0	0	0	0
11.79	0.9167	0	0	0	0	0	0	4	0	2	0	0	0	2	2	0	0	2	2	2	0	0	0	2	4	0	0	0	0	0	0
11.8	0.5	0	0	0	0	0	0	0	0	0	0	0	0	0	0	6	6	0	0	0	0	0	0	0	0	0	0	0	0	0	0
11.81	1	0	0	6	0	0	2	0	0	0	0	4	0	0	2	0	0	4	0	4	0	0	0	2	0	0	0	0	0	0	0
11.82	0.75	4	0	0	0	0	4	0	4	0	2	0	2	0	2	0	0	0	0	0	0	0	0	0	0	0	0	0	0	0	0
11.83	0.5	4	0	2	0	0	0	0	0	0	0	0	0	0	0	0	0	0	0	0	0	0	4	2	0	0	0	0	0	0	0
11.84	0.9167	0	0	0	0	0	0	0	0	2	2	0	2	4	4	2	0	0	0	0	6	0	0	0	0	0	0	0	0	0	0
11.85	1.083	0	0	0	0	0	2	0	2	0	0	4	0	0	0	6	6	0	0	0	0	0	2	0	4	0	0	0	0	0	0
11.86	0.9167	2	0	4	0	2	0	0	0	0	0	0	0	0	0	0	0	4	4	0	2	0	4	0	0	0	0	0	0	0	0
11.87	1.583	2	0	8	6	0	4	0	2	0	0	0	0	0	0	0	4	0	0	4	0	4	0	4	0	0	0	0	0	0	0
11.88	1.667	0	0	4	4	0	4	2	0	0	0	0	0	0	6	0	10	0	0	0	0	2	0	0	8	0	0	0	0	0	0
11.89	1	0	0	0	0	0	0	2	6	0	2	4	0	0	0	0	0	0	0	2	0	2	6	0	0	0	0	0	0	0	0
11.9	1	2	0	2	0	0	0	0	0	4	2	4	4	0	4	0	0	2	0	0	0	0	0	0	0	0	0	0	0	0	0
11.91	1.5	4	0	0	0	0	0	0	0	0	0	2	2	4	0	0	2	4	8	0	4	2	0	0	4	0	0	0	0	0	0
11.92	0.9167	0	0	0	2	4	0	2	0	0	0	2	0	0	0	0	2	4	0	2	2	2	0	0	0	0	0	0	0	0	0
11.93	0.75	2	2	0	0	0	0	0	4	0	4	4	0	0	0	2	0	0	0	0	0	0	0	0	0	0	0	0	0	0	0
11.94	0.5833	0	0	0	0	0	0	0	0	0	2	0	0	0	0	0	2	2	2	4	0	0	0	2	0	0	0	0	0	0	0
11.95	0.75	2	0	0	0	0	2	2	0	0	0	0	4	0	0	0	0	0	4	0	0	2	2	0	0	0	0	0	0	0	0
11.96	0.9167	0	0	2	0	0	0	0	2	0	0	0	0	2	0	0	4	0	0	0	12	0	0	0	0	0	0	0	0	0	0
11.97	1.75	2	0	0	2	6	0	4	4	0	6	4	0	0	0	2	0	4	0	0	0	4	4	0	0	0	0	0	0	0	0
11.98	0.8333	0	0	0	0	2	0	0	2	0	0	0	0	4	0	0	2	0	2	0	6	0	0	0	2	0	0	0	0	0	0
11.99	1.75	0	0	4	4	0	2	2	2	0	4	0	2	0	6	4	4	4	0	2	0	0	0	0	2	0	0	0	0	0	0
12	1.25	8	0	0	0	0	2	2	4	0	0	2	2	0	0	0	2	2	6	0	0	0	0	0	0	0	0	0	0	0	0
12.01	1.667	0	2	0	4	0	2	0	0	0	0	8	2	4	0	0	0	8	4	0	0	0	4	2	0	0	0	0	0	0	0
12.02	1.25	2	0	2	0	0	0	0	4	0	2	0	2	0	4	0	0	0	0	2	4	0	0	0	8	0	0	0	0	0	0
12.03	2.083	0	0	0	4	4	2	2	2	0	0	2	2	0	0	4	6	6	10	0	4	0	0	2	0	0	0	0	0	0	0
12.04	1.833	0	2	2	4	14	2	0	0	0	0	0	2	8	0	0	0	0	2	0	4	2	2	0	0	0	0	0	0	0	0
12.05	3.167	4	4	14	12	2	4	4	0	2	0	0	4	0	4	0	0	0	6	0	2	0	0	2	12	0	0	0	0	0	0
12.06	1.167	0	0	6	0	0	0	2	0	2	2	0	0	2	0	4	2	2	4	0	0	0	2	0	0	0	0	0	0	0	0
12.07	2.5	4	0	6	6	0	8	4	0	4	0	6	2	0	4	0	0	4	4	0	2	0	4	0	2	0	0	0	0	0	0
12.08	1.5	0	2	6	0	4	0	0	0	2	0	0	0	6	0	0	0	2	2	2	4	2	0	0	4	0	0	0	0	0	0
12.09	2	4	0	2	4	0	0	0	2	6	0	0	0	4	4	2	6	4	0	4	0	4	2	0	0	0	0	0	0	0	0
12.1	3.083	0	4	0	2	2	0	6	0	2	10	8	6	4	0	2	6	10	0	4	2	4	0	0	2	0	0	0	0	0	0
12.11	2.083	6	4	4	2	4	2	0	6	0	2	0	4	0	10	0	0	2	0	2	2	0	0	0	0	0	0	0	0	0	0
12.12	2.167	2	2	0	4	2	0	2	2	0	2	8	0	10	4	0	0	2	0	0	0	0	2	8	2	0	0	0	0	0	0
12.13	3.167	0	2	2	4	12	2	6	0	6	0	2	0	2	0	4	2	0	8	0	4	4	4	8	4	0	0	0	0	0	0
12.14	2.833	0	4	0	4	4	4	0	6	6	6	4	6	0	6	6	0	2	0	0	0	6	0	0	4	0	0	0	0	0	0
12.15	3.083	0	4	0	0	4	0	0	4	2	0	2	8	8	2	2	2	0	6	8	10	2	0	10	0	0	0	0	0	0	0
12.16	3.333	2	2	2	10	0	0	0	4	2	4	10	10	0	2	2	6	6	2	0	2	4	4	4	2	0	0	0	0	0	0
12.17	2.75	0	0	12	4	6	4	0	4	4	4	0	2	4	0	2	0	0	2	6	4	2	0	6	0	0	0	0	0	0	0
12.18	2.75	12	2	2	0	2	2	0	0	2	4	0	2	2	0	10	0	2	2	2	4	2	8	6	0	0	0	0	0	0	0
12.19	1.583	0	4	0	10	2	0	0	8	0	0	2	2	2	2	2	0	0	0	4	0	0	0	0	0	0	0	0	0	0	0
12.2	2.833	6	0	6	2	0	0	4	0	6	10	8	0	0	2	0	0	2	0	2	4	0	10	2	4	0	0	0	0	0	0
12.21	2.917	4	4	10	4	8	8	0	2	4	0	0	0	4	2	6	2	0	6	0	0	4	0	0	2	0	0	0	0	0	0
12.22	2.083	8	4	0	0	2	2	2	2	2	0	2	0	2	2	0	0	0	0	2	0	8	4	6	2	0	0	0	0	0	0
12.23	3	6	10	0	6	6	2	0	2	2	0	4	0	2	4	2	0	6	6	6	2	4	0	2	0	0	0	0	0	0	0
12.24	2.833	8	2	4	4	6	0	6	0	2	0	0	2	14	2	4	4	4	0	0	0	0	4	0	2	0	0	0	0	0	0
12.25	3.667	10	2	4	0	4	2	2	0	0	0	6	6	6	6	14	4	4	4	0	0	6	0	6	2	0	0	0	0	0	0
12.26	2.75	0	4	4	10	0	0	10	4	2	0	0	0	2	4	2	2	2	4	2	4	0	6	2	2	0	0	0	0	0	0
12.27	3.583	2	0	2	4	0	6	2	4	0	4	2	4	2	4	2	14	4	4	4	2	6	2	0	12	0	0	0	0	0	0
12.28	3	4	8	0	4	0	2	6	2	2	4	2	2	6	4	4	6	0	4	0	2	6	0	4	0	0	0	0	0	0	0
12.29	3.083	0	4	0	0	0	0	2	2	10	8	4	2	0	8	0	2	2	8	6	2	10	0	2	2	0	0	0	0	0	0
12.3	3.417	4	4	4	4	2	6	0	8	6	0	4	0	0	6	2	2	2	4	0	4	10	4	0	6	0	0	0	0	0	0
12.31	5.583	8	12	0	8	8	18	0	4	4	6	8	8	2	6	10	2	0	4	0	12	4	4	4	2	0	0	0	0	0	0
12.32	3.083	2	0	0	4	0	2	2	2	6	4	0	2	2	6	4	6	0	8	4	0	8	8	0	4	0	0	0	0	0	0
12.33	4.333	10	6	6	0	6	2	4	8	6	0	12	4	2	4	4	4	4	0	0	14	4	2	0	2	0	0	0	0	0	0
12.34	4.833	8	0	0	4	6	2	0	6	0	2	10	0	6	6	12	10	6	2	8	12	2	0	14	0	0	0	0	0	0	0
12.35	4	4	2	2	6	0	6	6	6	2	12	4	0	8	0	8	0	4	0	0	4	0	8	10	4	0	0	0	0	0	0
12.36	5.417	6	10	6	0	0	4	12	2	2	8	10	8	16	4	4	0	0	6	16	2	2	4	2	6	0	0	0	0	0	0
12.37	5.167	2	4	2	2	2	8	2	2	6	0	8	16	10	14	6	6	6	6	0	0	2	0	6	14	0	0	0	0	0	0
12.38	3.917	8	12	0	6	0	8	0	8	4	4	2	2	4	0	4	2	0	2	0	10	0	4	4	10	0	0	0	0	0	0
12.39	5.25	0	4	4	6	8	6	4	10	8	6	6	0	2	6	6	6	6	4	2	2	0	10	18	2	0	0	0	0	0	0
12.4	4.417	8	0	2	8	2	0	2	2	4	8	0	12	2	6	10	14	4	6	6	0	0	2	8	0	0	0	0	0	0	0
12.41	4.833	2	6	2	2	8	2	0	6	2	10	2	6	12	4	10	4	4	4	10	4	8	4	0	4	0	0	0	0	0	0
12.42	4.667	4	2	0	2	4	4	0	0	0	6	0	14	12	8	0	0	6	8	8	18	10	0	2	4	0	0	0	0	0	0
12.43	7.083	10	4	8	6	6	8	6	2	14	0	16	0	8	0	4	4	4	8	6	14	6	8	16	12	0	0	0	0	0	0
12.44	7.083	0	6	4	12	2	6	16	4	12	8	4	14	8	2	0	4	14	4	6	8	14	14	4	4	0	0	0	0	0	0
12.45	7.833	2	6	4	14	12	4	12	10	10	6	6	14	8	6	6	2	8	10	22	8	6	8	0	4	0	0	0	0	0	0
12.46	6.167	0	2	8	2	0	10	6	14	2	2	14	4	14	8	0	4	0	10	10	10	6	12	4	6	0	0	0	0	0	0
12.47	5.167	6	4	12	4	0	4	8	2	8	2	8	0	4	10	2	6	6	2	6	6	2	6	8	8	0	0	0	0	0	0
12.48	7	6	2	6	12	6	6	8	12	6	4	12	6	2	8	4	8	4	8	0	6	8	14	14	6	0	0	0	0	0	0
12.49	4.5	4	0	6	2	4	4	2	4	2	6	6	6	0	8	2	6	0	0	2	20	8	2	12	2	0	0	0	0	0	0
12.5	5.083	8	8	10	0	8	0	2	2	2	14	0	2	2	10	8	8	8	2	0	6	10	6	6	0	0	0	0	0	0	0
12.51	7.417	8	6	8	10	2	4	6	6	8	8	4	2	14	10	2	10	8	8	16	6	4	6	8	14	0	0	0	0	0	0
12.52	6.167	4	4	4	10	4	8	10	18	4	4	0	4	4	0	4	12	12	6	4	2	6	10	10	4	0	0	0	0	0	0
12.53	7.667	16	6	4	2	4	16	0	14	4	2	16	12	8	0	4	8	14	8	10	8	2	6	12	8	0	0	0	0	0	0
12.54	6.75	8	0	4	2	4	10	2	12	6	10	4	2	10	20	12	6	0	16	6	14	4	2	4	4	0	0	0	0	0	0
12.55	8.5	0	4	0	6	12	4	10	6	14	10	8	6	14	16	4	2	12	14	8	8	14	8	14	10	0	0	0	0	0	0
12.56	7.667	12	2	8	4	0	4	6	14	4	4	8	6	2	10	14	6	8	8	18	10	8	12	8	8	0	0	0	0	0	0
12.57	10.92	8	12	8	10	10	10	10	6	16	16	6	12	16	8	14	12	16	10	4	14	4	14	12	14	0	0	0	0	0	0
12.58	7.417	4	6	10	0	14	4	14	12	8	8	2	4	0	10	2	12	4	2	6	10	6	22	8	10	0	0	0	0	0	0
12.59	7.5	16	8	20	8	6	8	0	6	2	10	8	8	4	8	8	4	4	6	10	4	8	14	10	0	0	0	0	0	0	0
12.6	7.833	8	10	4	10	8	6	10	8	22	10	4	10	8	6	2	4	6	2	6	4	14	2	6	18	0	0	0	0	0	0
12.61	9.417	12	2	2	10	4	12	0	12	10	14	14	16	10	10	6	12	10	14	12	4	6	6	12	16	0	0	0	0	0	0
12.62	8.25	4	14	4	6	10	6	6	10	14	4	12	12	14	2	8	12	6	4	6	16	6	10	6	6	0	0	0	0	0	0
12.63	8.083	4	6	16	18	6	14	4	12	12	2	12	6	6	12	0	4	12	4	4	8	12	6	8	6	0	0	0	0	0	0
12.64	9.917	8	6	0	6	18	6	14	8	4	18	8	6	4	8	18	4	18	8	16	6	10	10	12	22	0	0	0	0	0	0
12.65	9.5	14	14	12	4	12	8	14	8	16	14	8	0	8	18	10	2	20	14	2	2	6	10	6	6	0	0	0	0	0	0
12.66	12.67	14	10	4	18	22	4	14	4	10	14	4	16	10	20	4	14	18	18	14	16	10	16	12	18	0	0	0	0	0	0
12.67	8.5	6	2	16	10	8	10	8	16	12	22	14	6	16	2	6	4	6	4	4	0	14	10	4	4	0	0	0	0	0	0
12.68	10.67	8	10	8	6	14	10	14	8	2	26	4	8	18	20	12	8	8	10	4	12	14	10	6	16	0	0	0	0	0	0
12.69	8.917	10	4	14	6	6	8	6	12	14	8	6	10	2	0	8	26	4	8	10	8	14	14	6	10	0	0	0	0	0	0
12.7	10.58	6	6	10	16	2	6	10	6	4	10	6	12	6	16	24	8	18	12	16	16	10	10	10	14	0	0	0	0	0	0
12.71	11.17	8	14	12	10	12	12	6	12	10	6	14	10	12	18	12	18	0	6	18	6	26	6	12	8	0	0	0	0	0	0
12.72	9.917	10	8	0	12	2	10	8	10	8	16	8	12	2	2	10	16	10	14	8	12	22	16	8	14	0	0	0	0	0	0
12.73	11.25	18	10	16	6	12	14	24	4	16	16	8	10	20	10	10	12	12	4	22	8	4	4	4	6	0	0	0	0	0	0
12.74	10.58	12	12	10	12	8	8	6	18	8	12	12	14	6	8	14	6	26	2	12	4	20	4	18	2	0	0	0	0	0	0
12.75	12	14	6	12	8	14	14	10	22	18	8	8	18	10	20	6	2	14	6	6	16	14	16	8	18	0	0	0	0	0	0
12.76	11.5	16	12	12	16	4	6	6	10	10	12	14	20	6	8	22	12	6	10	10	2	24	10	18	10	0	0	0	0	0	0
12.77	13.58	8	18	8	18	6	28	26	20	2	20	10	6	6	12	6	16	4	16	18	10	10	22	32	4	0	0	0	0	0	0
12.78	13.83	12	6	18	10	20	16	12	12	24	14	12	18	6	10	12	18	12	16	10	20	20	8	14	12	0	0	0	0	0	0
12.79	12.42	8	2	8	10	8	12	12	20	14	8	24	22	14	4	24	6	2	22	8	4	14	22	12	18	0	0	0	0	0	0
12.8	14.92	16	16	10	14	10	16	10	18	20	32	10	4	16	16	14	10	18	2	14	14	10	14	10	44	0	0	0	0	0	0
12.81	10.75	14	6	16	6	2	6	8	22	12	10	10	10	8	30	12	14	6	18	4	8	14	8	10	4	0	0	0	0	0	0
12.82	11.25	12	18	14	14	20	16	18	12	6	4	18	8	12	6	10	18	8	10	4	6	8	4	20	4	0	0	0	0	0	0
12.83	14.33	12	22	16	4	24	16	16	6	10	28	26	16	4	8	8	18	10	8	16	18	26	6	14	12	0	0	0	0	0	0
12.84	11.92	12	2	2	8	12	26	10	12	22	10	16	10	6	10	16	20	10	18	18	8	4	8	12	14	0	0	0	0	0	0
12.85	13.83	8	12	12	8	8	10	6	16	10	10	32	26	16	12	12	12	20	26	16	10	12	24	2	12	0	0	0	0	0	0
12.86	13.67	10	4	18	14	6	4	34	32	10	18	4	14	10	12	24	4	12	10	22	10	8	10	24	14	0	0	0	0	0	0
12.87	13.67	4	4	4	4	12	16	24	16	12	20	30	6	24	28	16	4	12	18	0	16	20	16	14	8	0	0	0	0	0	0
12.88	14.75	4	16	10	10	26	6	20	4	22	8	22	24	18	20	12	14	18	22	12	2	12	6	26	20	0	0	0	0	0	0
12.89	16.67	18	16	16	28	10	12	10	16	6	34	14	18	12	10	22	6	8	16	22	28	18	10	18	32	0	0	0	0	0	0
12.9	15.25	6	10	6	14	24	20	18	8	14	12	16	16	22	24	18	16	18	12	16	10	14	20	14	18	0	0	0	0	0	0
12.91	16.58	34	8	14	20	14	26	22	8	0	18	8	16	24	14	28	18	16	20	8	12	14	6	26	24	0	0	0	0	0	0
12.92	14.08	4	20	6	14	10	10	22	6	10	8	16	38	18	12	24	14	24	14	20	10	8	6	6	18	0	0	0	0	0	0
12.93	15.08	12	20	4	24	18	18	28	16	14	8	10	14	6	6	20	22	20	18	4	14	24	12	18	12	0	0	0	0	0	0
12.94	16.5	8	22	26	22	12	10	10	12	6	10	12	14	20	16	10	10	16	20	14	24	26	24	16	36	0	0	0	0	0	0
12.95	17.42	18	18	18	22	14	12	30	14	18	22	12	12	10	22	16	10	28	12	14	26	14	16	22	18	0	0	0	0	0	0
12.96	14.5	6	14	22	6	12	16	22	16	8	4	24	20	20	14	18	10	14	10	12	30	14	8	18	10	0	0	0	0	0	0
12.97	17.92	12	16	10	22	28	14	40	12	14	10	22	24	6	14	14	22	18	20	20	24	24	14	14	16	0	0	0	0	0	0
12.98	18.25	16	14	16	26	20	30	16	10	12	14	2	20	18	38	8	14	14	22	22	22	8	28	16	32	0	0	0	0	0	0
12.99	21.5	18	24	16	16	10	24	30	26	20	26	4	18	14	30	34	28	14	18	34	14	8	30	22	38	0	0	0	0	0	0
13	16.67	18	12	12	6	16	12	14	24	30	24	8	18	20	16	22	16	14	20	28	8	14	14	16	18	0	0	0	0	0	0
13.01	17.92	16	40	6	28	18	26	8	20	16	16	16	14	14	18	14	10	22	20	12	24	10	14	32	16	0	0	0	0	0	0
13.02	19.25	18	16	16	10	22	20	14	14	46	34	16	18	20	26	26	14	12	22	6	12	12	24	20	24	0	0	0	0	0	0
13.03	16.5	18	10	18	10	18	14	12	12	22	26	24	8	8	38	16	26	8	10	22	16	14	34	12	0	0	0	0	0	0	0
13.04	19.83	18	24	8	24	16	22	38	30	16	2	16	18	20	10	16	18	14	14	20	16	26	30	36	24	0	0	0	0	0	0
13.05	16.42	22	10	12	22	26	14	24	16	10	24	20	12	10	10	8	20	18	18	18	18	16	14	22	10	0	0	0	0	0	0
13.06	16.75	8	22	16	24	14	16	10	14	12	26	12	16	20	10	32	8	32	12	28	18	18	10	14	10	0	0	0	0	0	0
13.07	16.92	22	20	16	20	6	8	12	16	18	14	18	14	26	30	16	8	34	18	18	12	16	26	4	14	0	0	0	0	0	0
13.08	19.67	20	10	14	34	22	20	32	24	30	12	20	28	32	22	16	10	12	18	16	6	14	34	12	14	0	0	0	0	0	0
13.09	20.08	4	20	22	16	12	24	18	24	14	44	40	24	20	10	10	18	12	18	24	20	26	26	20	16	0	0	0	0	0	0
13.1	23.42	20	10	46	26	22	14	30	12	10	32	18	34	36	28	22	28	16	30	36	18	18	20	12	24	0	0	0	0	0	0
13.11	21	20	12	4	6	22	12	36	16	14	16	8	28	32	50	34	24	26	10	24	28	22	16	28	16	0	0	0	0	0	0
13.12	22.75	26	18	10	32	22	10	34	38	16	16	16	12	20	18	24	32	28	30	32	16	12	28	38	18	0	0	0	0	0	0
13.13	21.25	16	10	28	32	28	22	32	18	24	20	6	14	22	28	16	32	14	20	30	20	24	16	16	22	0	0	0	0	0	0
13.14	21.42	20	18	20	22	18	30	36	24	20	20	28	22	22	24	16	20	18	26	16	24	18	8	22	22	0	0	0	0	0	0
13.15	20.08	8	34	28	24	14	34	16	18	22	18	8	10	22	12	30	32	10	24	24	12	22	18	22	20	0	0	0	0	0	0
13.16	24.25	30	16	40	40	28	22	18	30	26	14	18	16	18	14	26	36	28	36	22	16	14	8	28	38	0	0	0	0	0	0
13.17	22.33	18	14	36	22	22	22	28	10	14	16	22	22	24	18	12	30	26	28	20	34	24	26	26	22	0	0	0	0	0	0
13.18	25.83	28	18	24	42	32	18	34	22	38	30	34	14	18	36	18	32	16	24	32	22	32	14	6	36	0	0	0	0	0	0
13.19	21.42	24	16	30	16	26	18	16	16	10	26	14	26	8	34	24	28	18	28	30	34	26	14	16	16	0	0	0	0	0	0
13.2	23.75	26	42	26	22	42	22	18	16	16	32	10	6	32	10	22	22	48	34	14	24	24	22	28	12	0	0	0	0	0	0
13.21	23.42	26	36	20	20	20	18	40	4	28	20	14	24	42	12	32	18	20	32	8	20	36	12	38	22	0	0	0	0	0	0
13.22	24	18	10	24	12	18	30	32	16	18	20	34	40	18	26	40	16	40	8	24	24	16	32	24	36	0	0	0	0	0	0
13.23	23.08	24	18	24	24	20	20	14	18	28	18	46	16	18	22	22	12	20	18	28	30	26	18	40	30	0	0	0	0	0	0
13.24	26.33	12	20	40	26	50	36	22	22	26	20	30	28	28	14	28	16	24	20	30	24	26	20	26	44	0	0	0	0	0	0
13.25	27.5	14	22	26	12	28	22	40	16	38	38	30	40	10	50	26	30	20	24	18	44	20	28	34	30	0	0	0	0	0	0
13.26	22.5	18	4	12	22	20	28	28	14	16	30	16	34	10	10	8	38	38	24	30	36	26	36	24	18	0	0	0	0	0	0
13.27	26.33	18	30	22	30	22	16	24	26	22	12	38	44	24	34	30	12	18	34	26	10	20	50	50	20	0	0	0	0	0	0
13.28	24.83	26	32	28	22	28	24	26	16	24	12	28	40	30	22	22	30	16	24	22	38	30	10	32	14	0	0	0	0	0	0
13.29	25.92	30	6	44	34	28	34	8	20	20	24	18	18	24	36	14	22	46	50	28	24	18	36	10	30	0	0	0	0	0	0
13.3	27.58	30	38	30	50	26	24	18	34	38	16	8	12	22	30	18	22	18	24	24	34	22	36	50	38	0	0	0	0	0	0
13.31	26.42	32	22	28	20	24	30	44	30	34	14	32	34	22	30	26	34	18	12	18	16	42	18	32	22	0	0	0	0	0	0
13.32	26.83	16	30	36	42	22	34	28	30	12	26	20	22	44	32	34	16	30	28	18	34	16	26	18	30	0	0	0	0	0	0
13.33	26.25	22	44	32	34	26	12	16	30	24	18	28	14	34	22	20	32	34	26	40	16	20	38	20	28	0	0	0	0	0	0
13.34	27.58	14	40	26	18	34	14	36	20	36	2	26	18	26	28	20	22	38	28	26	32	50	36	28	44	0	0	0	0	0	0
13.35	28.25	20	32	32	22	28	30	48	38	12	24	20	28	24	48	22	36	22	22	28	30	26	34	32	20	0	0	0	0	0	0
13.36	28.83	30	36	18	26	20	38	38	22	40	52	16	20	32	20	34	20	12	40	36	28	20	32	28	34	0	0	0	0	0	0
13.37	27.33	22	16	40	34	10	24	26	36	26	44	18	18	20	24	54	28	44	16	12	28	38	24	22	32	0	0	0	0	0	0
13.38	29.75	22	24	22	26	48	28	40	34	36	16	30	34	30	38	46	38	16	22	14	20	42	32	26	30	0	0	0	0	0	0
13.39	29.5	18	26	34	28	34	34	22	40	34	36	16	12	38	24	38	36	30	28	26	28	42	38	14	32	0	0	0	0	0	0
13.4	27.25	22	24	14	18	28	28	20	24	46	28	30	28	26	28	20	38	38	38	22	14	20	42	24	34	0	0	0	0	0	0
13.41	29.5	16	30	32	28	20	22	26	38	28	26	16	32	26	40	32	30	30	20	38	40	32	30	28	48	0	0	0	0	0	0
13.42	27.75	26	42	30	26	16	16	36	32	14	28	30	52	24	36	28	30	14	24	32	30	20	26	22	32	0	0	0	0	0	0
13.43	27.67	24	24	28	28	30	42	24	18	26	30	32	34	16	20	20	26	32	24	30	38	24	26	40	28	0	0	0	0	0	0
13.44	32.25	36	50	44	18	26	46	30	28	30	48	30	22	26	22	36	30	20	38	26	14	46	44	22	42	0	0	0	0	0	0
13.45	31.33	26	38	38	32	64	30	14	32	30	28	18	20	42	30	22	38	50	30	22	20	50	32	26	20	0	0	0	0	0	0
13.46	30.92	36	40	22	24	38	30	16	36	26	24	24	18	40	30	46	20	36	34	24	34	38	24	44	38	0	0	0	0	0	0
13.47	29.58	30	28	24	36	30	32	32	16	16	22	22	10	34	46	34	38	34	36	34	20	32	18	58	28	0	0	0	0	0	0
13.48	29.58	36	22	40	16	14	26	32	38	20	28	36	30	22	26	38	50	18	30	38	38	34	36	26	16	0	0	0	0	0	0
13.49	31.58	50	26	38	36	36	48	20	26	28	44	10	28	38	18	30	46	20	34	26	22	40	46	26	22	0	0	0	0	0	0
13.5	30.83	20	24	34	18	70	40	42	20	34	46	42	20	26	20	50	18	34	18	32	20	30	32	38	12	0	0	0	0	0	0
13.51	31.58	8	6	32	32	36	48	42	44	28	46	48	22	20	26	24	26	40	32	28	38	26	46	28	32	0	0	0	0	0	0
13.52	31.67	32	42	40	36	38	34	22	24	34	38	30	30	30	28	18	36	46	32	46	16	24	24	38	22	0	0	0	0	0	0
13.53	32.5	16	34	30	40	38	32	48	24	30	36	28	30	66	32	48	24	36	40	48	16	30	10	22	22	0	0	0	0	0	0
13.54	32.92	30	22	40	44	22	44	28	30	26	30	38	30	28	38	36	42	30	20	24	32	26	46	44	40	0	0	0	0	0	0
13.55	31.67	36	54	20	28	30	30	20	50	34	10	38	24	40	36	20	32	12	30	18	48	60	30	32	28	0	0	0	0	0	0
13.56	32.25	28	40	20	52	30	34	20	32	28	30	30	18	40	42	40	38	50	24	14	36	12	54	32	30	0	0	0	0	0	0
13.57	33.92	50	38	36	46	40	26	22	40	32	24	36	34	40	28	24	32	34	44	30	16	24	38	36	44	0	0	0	0	0	0
13.58	35.75	22	26	70	14	24	36	54	18	40	24	48	52	32	22	22	22	36	26	38	60	46	46	32	48	0	0	0	0	0	0
13.59	33.25	26	24	42	42	38	38	32	38	28	24	30	32	26	36	44	16	20	38	42	46	48	28	24	36	0	0	0	0	0	0
13.6	35.83	40	36	40	34	30	36	24	26	54	50	38	50	38	24	26	26	56	36	48	28	22	32	26	40	0	0	0	0	0	0
13.61	35.92	24	38	14	34	26	46	58	48	60	44	28	32	44	20	34	58	48	38	36	14	26	30	36	26	0	0	0	0	0	0
13.62	38.58	38	32	28	32	36	32	34	42	48	36	40	44	52	44	40	46	34	48	44	40	22	38	28	48	0	0	0	0	0	0
13.63	36.25	40	38	30	46	36	46	48	48	48	38	40	36	20	24	42	30	40	34	26	34	32	52	26	16	0	0	0	0	0	0
13.64	38.25	26	32	32	14	32	24	46	48	40	28	24	56	42	34	42	38	76	26	16	58	40	38	60	46	0	0	0	0	0	0
13.65	38.42	32	38	32	36	32	36	28	56	24	48	42	40	34	52	36	42	34	34	62	40	26	24	54	40	0	0	0	0	0	0
13.66	38.17	32	50	44	58	42	32	30	44	44	36	38	32	28	38	16	42	48	8	34	58	54	34	40	34	0	0	0	0	0	0
13.67	37.92	38	34	40	38	32	52	74	28	32	44	28	30	46	34	18	24	60	40	42	36	38	40	36	26	0	0	0	0	0	0
13.68	39.33	44	28	52	36	62	42	34	62	52	50	30	44	42	12	40	26	32	28	46	32	50	28	40	32	0	0	0	0	0	0
13.69	34.5	30	44	38	20	28	50	52	20	32	28	40	40	22	20	36	30	38	30	32	40	40	52	34	32	0	0	0	0	0	0
13.7	39.17	42	26	48	46	50	34	24	38	36	44	38	36	32	34	40	42	20	46	32	42	56	40	60	34	0	0	0	0	0	0
13.71	41	26	36	32	44	28	62	58	24	48	44	32	44	56	52	48	38	46	30	50	64	36	38	30	18	0	0	0	0	0	0
13.72	38.83	46	40	30	42	46	42	32	42	62	38	38	40	48	18	32	40	32	40	40	44	22	50	28	40	0	0	0	0	0	0
13.73	38.5	26	30	46	46	34	62	20	52	40	32	28	28	42	28	32	30	44	56	56	40	48	30	46	28	0	0	0	0	0	0
13.74	36.83	28	46	24	44	44	40	40	44	26	32	36	32	32	26	26	32	26	56	40	20	28	70	52	40	0	0	0	0	0	0
13.75	40.75	38	64	64	52	38	44	28	50	26	38	46	18	36	32	26	44	36	40	48	32	40	36	48	54	0	0	0	0	0	0
13.76	42.17	46	36	48	44	16	42	48	32	42	34	50	54	40	24	62	40	60	46	36	52	44	36	34	46	0	0	0	0	0	0
13.77	38.58	30	34	24	34	34	48	26	56	52	48	46	48	36	28	30	36	32	40	32	34	54	44	38	42	0	0	0	0	0	0
13.78	43.25	26	48	38	44	56	62	54	52	40	36	40	42	16	56	62	30	22	60	40	48	24	58	46	38	0	0	0	0	0	0
13.79	43.42	36	50	60	36	48	40	38	40	40	28	36	44	38	52	52	38	38	40	68	76	22	40	34	48	0	0	0	0	0	0
13.8	39.67	56	46	30	44	22	34	58	36	46	38	34	34	36	24	48	38	52	50	68	22	34	20	46	36	0	0	0	0	0	0
13.81	42.42	54	52	40	40	28	28	26	60	26	48	64	44	46	30	32	26	24	40	40	50	42	56	50	72	0	0	0	0	0	0
13.82	39.08	26	38	30	48	50	38	46	52	46	56	16	32	34	34	22	28	42	68	36	36	42	38	40	40	0	0	0	0	0	0
13.83	42.67	52	52	58	34	54	32	26	38	38	46	24	30	54	40	38	52	44	56	36	44	46	38	48	44	0	0	0	0	0	0
13.84	46.08	60	22	48	36	48	46	56	64	34	32	52	62	46	28	32	56	38	56	38	36	64	32	56	64	0	0	0	0	0	0
13.85	42.08	28	42	58	58	58	36	40	34	36	64	40	40	32	30	36	20	50	44	40	34	48	48	64	30	0	0	0	0	0	0
13.86	45.42	28	60	26	56	64	54	32	82	54	52	54	30	34	40	46	36	30	40	60	38	30	46	56	42	0	0	0	0	0	0
13.87	46.25	58	32	40	24	50	58	30	58	38	44	48	36	50	36	46	44	38	70	46	50	42	68	52	52	0	0	0	0	0	0
13.88	44.33	36	38	38	32	38	64	80	66	32	36	48	38	28	50	36	48	42	74	64	36	34	40	26	40	0	0	0	0	0	0
13.89	45.5	42	48	70	34	48	76	34	42	26	48	32	54	36	40	42	58	36	36	34	54	56	52	40	54	0	0	0	0	0	0
13.9	45.67	18	60	42	58	32	74	52	40	18	82	56	32	56	26	56	38	34	28	42	44	50	50	44	64	0	0	0	0	0	0
13.91	45	24	46	40	56	36	52	52	46	34	34	30	58	46	44	52	90	46	56	50	50	20	64	40	14	0	0	0	0	0	0
13.92	49.33	52	56	38	46	66	60	56	38	46	44	56	26	46	58	48	66	66	20	60	30	48	70	36	52	0	0	0	0	0	0
13.93	45.83	52	40	54	24	50	56	52	58	62	44	16	58	24	42	58	44	30	36	66	54	36	42	52	50	0	0	0	0	0	0
13.94	49.75	30	52	34	66	68	52	44	64	56	44	42	52	54	28	56	46	52	44	62	74	42	22	56	54	0	0	0	0	0	0
13.95	49.17	58	34	36	46	78	46	42	36	56	16	38	84	44	24	66	42	72	50	44	62	68	42	50	46	0	0	0	0	0	0
13.96	47.75	50	12	26	58	68	48	42	52	46	76	58	36	42	34	38	78	38	42	58	56	38	42	66	42	0	0	0	0	0	0
13.97	53.5	44	60	54	54	48	52	64	56	54	40	46	78	60	62	54	52	46	44	40	64	50	46	70	46	0	0	0	0	0	0
13.98	53.92	60	34	40	66	44	42	52	78	56	38	52	48	54	66	68	46	56	48	56	36	96	48	72	38	0	0	0	0	0	0
13.99	44.33	38	60	76	46	34	50	22	40	50	54	30	40	34	42	46	28	64	54	34	58	56	30	40	38	0	0	0	0	0	0
14	54.5	52	56	42	46	38	50	70	42	54	58	46	44	60	44	64	46	46	64	68	46	64	84	56	68	0	0	0	0	0	0
14.01	49.75	32	32	68	26	44	62	40	52	78	40	42	52	32	48	48	46	46	58	52	54	76	56	56	54	0	0	0	0	0	0
14.02	50.25	56	28	32	50	52	56	36	56	64	52	56	54	48	62	48	38	58	42	30	62	48	72	56	50	0	0	0	0	0	0
14.03	47.08	52	52	34	50	64	42	36	64	46	36	60	46	28	42	50	54	34	40	30	34	50	52	64	70	0	0	0	0	0	0
14.04	54.25	58	54	88	54	52	42	42	66	78	54	24	50	60	52	58	40	32	34	54	62	98	52	58	40	0	0	0	0	0	0
14.05	47.5	40	44	52	42	50	66	44	42	42	60	58	32	34	40	52	58	70	28	68	48	52	32	44	42	0	0	0	0	0	0
14.06	52.5	64	32	54	42	64	38	60	46	62	74	40	44	44	30	66	56	54	68	54	48	54	60	48	58	0	0	0	0	0	0
14.07	51.42	52	72	42	60	54	48	56	52	48	56	34	52	28	46	52	58	70	66	54	90	36	32	30	46	0	0	0	0	0	0
14.08	52.17	52	26	58	36	54	68	44	52	48	60	42	78	34	104	24	40	40	42	58	26	56	58	86	66	0	0	0	0	0	0
14.09	55.67	46	36	50	52	64	88	48	62	64	38	68	66	80	54	46	70	42	48	30	66	62	56	62	38	0	0	0	0	0	0
14.1	48	56	54	48	62	46	56	66	38	34	50	48	30	22	54	60	64	28	48	54	72	50	50	40	22	0	0	0	0	0	0
14.11	50.33	42	58	60	88	22	46	32	62	44	56	38	56	68	36	34	56	54	42	36	72	48	50	60	48	0	0	0	0	0	0
14.12	53.75	64	58	34	50	54	44	34	58	48	70	44	64	70	56	52	44	52	56	46	60	58	74	32	68	0	0	0	0	0	0
14.13	51	46	76	42	68	44	56	24	34	60	40	46	74	36	52	38	64	42	42	58	46	68	72	50	46	0	0	0	0	0	0
14.14	54.75	58	68	22	52	22	94	62	62	56	96	52	36	42	40	64	46	52	40	42	62	78	72	66	30	0	0	0	0	0	0
14.15	55.17	60	70	54	86	44	82	52	54	64	44	52	52	72	46	58	44	54	56	32	56	32	58	68	34	0	0	0	0	0	0
14.16	52.58	78	48	74	64	88	40	40	58	34	66	52	68	40	32	48	42	68	42	56	50	36	42	44	52	0	0	0	0	0	0
14.17	52.92	52	48	78	40	50	50	52	56	52	64	44	56	38	42	64	64	60	50	52	50	58	46	50	54	0	0	0	0	0	0
14.18	53	44	46	54	54	78	36	42	56	48	40	32	58	54	72	52	44	86	56	44	46	54	80	40	56	0	0	0	0	0	0
14.19	54.83	70	32	58	56	64	48	66	58	62	34	30	48	74	38	88	40	42	40	58	68	72	72	56	42	0	0	0	0	0	0
14.2	56.17	54	54	48	46	48	36	64	40	62	58	34	70	36	82	72	50	64	62	74	64	88	54	48	40	0	0	0	0	0	0
14.21	54.42	30	48	48	58	54	44	56	54	34	60	44	68	68	54	62	50	64	68	50	52	46	68	40	86	0	0	0	0	0	0
14.22	57.92	42	46	50	44	76	38	70	48	48	74	60	72	72	26	86	62	64	74	54	88	50	36	62	48	0	0	0	0	0	0
14.23	56.92	78	60	82	54	70	60	50	56	52	54	56	42	36	56	72	72	56	54	42	70	36	64	50	44	0	0	0	0	0	0
14.24	55.42	52	72	30	70	36	52	64	44	60	50	56	56	50	28	72	48	84	48	76	62	56	68	58	38	0	0	0	0	0	0
14.25	59.17	80	38	70	58	58	46	62	34	64	60	32	50	52	58	80	70	80	64	76	28	46	68	86	60	0	0	0	0	0	0
14.26	61.75	38	58	46	76	56	76	68	64	38	92	60	54	44	64	64	44	86	68	66	70	86	58	40	66	0	0	0	0	0	0
14.27	58	62	54	48	56	56	28	56	82	56	62	60	52	42	80	52	62	46	48	54	74	70	62	84	46	0	0	0	0	0	0
14.28	55.17	44	54	42	40	80	82	40	60	42	46	52	54	44	54	72	50	32	54	76	54	70	66	56	60	0	0	0	0	0	0
14.29	55.67	36	58	34	54	68	56	54	72	38	62	48	32	52	46	74	68	46	54	44	74	46	78	86	56	0	0	0	0	0	0
14.3	62.17	70	64	88	54	42	84	54	50	56	56	44	56	54	42	76	74	68	44	76	58	64	94	48	76	0	0	0	0	0	0
14.31	57.25	42	54	64	52	52	52	76	58	36	54	96	60	48	78	68	52	70	36	56	34	66	66	54	50	0	0	0	0	0	0
14.32	60.92	38	28	52	58	56	50	52	84	54	92	48	72	74	82	54	82	64	44	52	54	64	70	80	58	0	0	0	0	0	0
14.33	59.33	52	70	56	52	70	46	76	76	54	76	50	58	62	70	58	50	84	60	76	52	42	50	38	46	0	0	0	0	0	0
14.34	57.33	78	44	80	46	44	68	60	60	46	60	40	44	48	74	48	84	46	58	62	54	54	58	48	72	0	0	0	0	0	0
14.35	58.75	74	78	44	78	30	58	60	60	54	90	44	74	54	62	50	50	52	62	50	66	80	38	52	50	0	0	0	0	0	0
14.36	61.25	62	76	38	46	62	44	74	80	58	38	82	72	48	44	38	72	78	54	96	72	68	66	52	50	0	0	0	0	0	0
14.37	61.92	54	50	56	58	76	60	62	60	44	60	60	58	50	70	48	46	104	68	60	70	82	50	80	60	0	0	0	0	0	0
14.38	55.5	34	50	36	72	78	46	76	62	50	54	48	58	48	54	58	42	62	66	48	64	46	48	68	64	0	0	0	0	0	0
14.39	68.5	88	68	70	74	76	64	60	64	72	76	54	62	56	72	94	60	66	50	70	70	64	48	70	96	0	0	0	0	0	0
14.4	61	64	56	84	36	54	50	62	56	30	76	68	70	72	80	66	62	72	44	46	62	52	72	64	66	0	0	0	0	0	0
14.41	59.67	64	66	50	92	64	62	78	64	60	38	58	24	58	56	66	40	66	40	68	48	72	62	84	52	0	0	0	0	0	0
14.42	62.83	56	68	78	82	80	60	54	52	54	40	72	50	76	62	54	56	58	52	74	50	76	64	58	82	0	0	0	0	0	0
14.43	64.58	94	52	52	52	66	70	72	68	40	54	58	90	50	40	82	54	92	44	66	46	82	84	54	88	0	0	0	0	0	0
14.44	65.08	58	40	52	62	72	48	52	66	82	74	64	72	72	68	64	60	68	62	52	54	86	68	98	68	0	0	0	0	0	0
14.45	61.25	58	66	76	58	58	46	74	68	44	90	60	84	54	62	60	62	42	56	76	54	60	36	52	74	0	0	0	0	0	0
14.46	62.17	60	62	42	70	68	70	62	58	54	62	56	68	76	74	54	58	46	80	74	66	60	32	78	62	0	0	0	0	0	0
14.47	63.08	66	68	70	62	56	58	52	88	76	46	44	56	66	78	54	48	90	72	58	70	68	66	60	42	0	0	0	0	0	0
14.48	64.92	64	48	76	76	84	64	74	60	44	66	40	60	36	46	74	70	48	66	92	54	82	88	72	74	0	0	0	0	0	0
14.49	63.17	56	46	98	66	64	52	74	70	82	58	50	74	70	42	62	66	60	66	40	60	82	42	78	58	0	0	0	0	0	0
14.5	65.42	36	60	80	60	62	66	52	62	66	70	62	68	76	50	84	48	104	52	60	68	90	68	58	68	0	0	0	0	0	0
14.51	60.08	52	76	64	44	44	76	66	70	62	62	76	46	74	56	62	72	42	48	66	58	58	72	52	44	0	0	0	0	0	0
14.52	70.67	96	56	96	56	68	86	82	70	74	58	54	58	60	44	64	60	84	82	56	90	68	60	98	76	0	0	0	0	0	0
14.53	65.83	48	50	74	78	48	82	106	88	34	78	74	42	58	88	52	62	74	54	64	66	72	58	70	60	0	0	0	0	0	0
14.54	67.67	68	58	68	60	100	54	90	68	54	46	50	92	52	84	44	62	80	76	68	66	82	76	46	80	0	0	0	0	0	0
14.55	68.5	62	72	52	94	76	100	62	54	50	58	80	52	60	82	60	114	48	76	70	68	58	50	82	64	0	0	0	0	0	0
14.56	61	58	72	50	60	60	40	70	66	44	38	48	44	70	50	62	54	82	76	72	82	84	74	54	54	0	0	0	0	0	0
14.57	72.42	76	58	46	70	88	74	70	82	56	64	60	56	104	78	74	54	90	56	90	108	62	82	58	82	0	0	0	0	0	0
14.58	69.92	68	58	74	54	76	76	94	64	52	70	58	66	64	58	90	98	64	72	56	80	90	64	66	66	0	0	0	0	0	0
14.59	70.5	52	82	80	86	70	70	58	76	48	58	56	86	58	54	74	50	64	88	74	90	84	80	76	78	0	0	0	0	0	0
14.6	68.33	62	44	78	50	62	58	92	68	80	90	50	74	102	66	76	70	42	54	58	60	64	78	70	92	0	0	0	0	0	0
14.61	73	68	50	68	70	86	72	78	78	56	58	52	90	86	74	58	70	88	106	82	54	96	76	70	66	0	0	0	0	0	0
14.62	74.17	90	84	84	78	96	70	58	78	78	66	88	94	42	74	66	88	68	48	70	66	62	76	60	96	0	0	0	0	0	0
14.63	68.17	60	48	100	58	76	80	52	62	66	78	50	64	58	90	56	78	76	58	68	52	58	102	64	82	0	0	0	0	0	0
14.64	68.33	54	66	48	78	80	66	70	74	62	74	84	72	60	90	90	66	64	68	68	70	76	52	64	44	0	0	0	0	0	0
14.65	72.33	66	46	78	46	66	84	96	104	54	38	56	48	90	82	84	88	70	86	74	78	72	86	66	78	0	0	0	0	0	0
14.66	71.83	78	68	82	94	78	66	68	112	48	76	52	68	82	56	58	78	68	52	56	116	70	76	70	52	0	0	0	0	0	0
14.67	72.67	74	102	72	62	88	70	46	68	74	54	50	84	90	60	68	80	70	80	78	78	68	78	84	66	0	0	0	0	0	0
14.68	73.17	68	64	54	88	86	66	122	62	78	54	62	80	64	66	76	48	88	78	74	58	60	82	72	106	0	0	0	0	0	0
14.69	73.5	60	86	72	84	96	62	60	62	60	84	88	68	50	84	70	94	64	60	68	60	78	100	80	74	0	0	0	0	0	0
14.7	74.33	72	74	44	56	90	74	78	66	66	72	82	70	104	126	72	72	52	86	78	90	80	48	48	84	0	0	0	0	0	0
14.71	79.58	68	82	62	88	72	82	98	94	62	68	70	88	114	90	58	92	70	64	72	82	78	82	108	66	0	0	0	0	0	0
14.72	75.58	80	76	70	74	84	74	66	100	58	78	58	70	50	106	72	70	70	92	106	54	82	54	96	74	0	0	0	0	0	0
14.73	76.25	64	82	78	90	88	60	84	98	74	60	48	54	70	52	84	56	102	76	100	86	82	80	86	76	0	0	0	0	0	0
14.74	75.33	58	50	86	62	68	108	60	78	80	74	62	72	76	92	60	68	98	54	72	100	102	90	78	60	0	0	0	0	0	0
14.75	79.83	82	72	94	90	94	118	68	98	98	72	76	70	72	96	52	90	66	70	52	84	84	66	92	60	0	0	0	0	0	0
14.76	82.58	80	62	76	76	96	58	68	90	66	98	72	86	90	88	58	64	72	86	98	106	64	110	132	86	0	0	0	0	0	0
14.77	79.08	64	118	48	74	64	92	74	92	64	90	96	88	52	82	104	72	98	54	76	74	80	62	94	86	0	0	0	0	0	0
14.78	81.25	76	58	68	92	84	116	70	78	92	94	58	76	94	72	86	98	100	68	68	92	80	68	92	70	0	0	0	0	0	0
14.79	76.67	72	66	84	50	98	82	74	102	52	80	84	76	60	94	78	96	68	88	90	86	62	74	68	56	0	0	0	0	0	0
14.8	75.58	50	74	68	74	90	86	80	66	54	78	70	66	102	56	90	70	70	86	82	70	54	94	100	84	0	0	0	0	0	0
14.81	79.83	52	60	80	106	110	94	78	78	72	66	78	104	60	80	48	70	82	104	98	94	66	90	70	76	0	0	0	0	0	0
14.82	79.92	76	114	92	90	66	64	94	100	70	50	68	70	80	54	80	82	62	76	66	70	72	88	90	144	0	0	0	0	0	0
14.83	80.67	78	84	64	60	56	90	84	104	88	82	68	46	82	80	96	94	76	84	78	78	72	122	68	102	0	0	0	0	0	0
14.84	81.83	66	74	98	62	112	58	102	62	68	106	58	60	82	78	84	96	104	74	74	84	64	82	90	126	0	0	0	0	0	0
14.85	79.33	70	70	70	118	62	74	92	92	46	66	74	84	116	84	60	78	62	68	84	92	126	76	64	76	0	0	0	0	0	0
14.86	84.75	90	86	78	58	82	68	110	108	88	88	86	66	68	72	82	90	64	96	112	74	102	88	90	88	0	0	0	0	0	0
14.87	82.33	74	90	90	96	66	52	72	78	102	98	56	78	66	84	114	60	76	94	94	64	78	104	100	90	0	0	0	0	0	0
14.88	92.92	94	60	80	134	72	100	118	96	74	70	74	88	96	68	72	82	78	130	122	118	94	100	128	82	0	0	0	0	0	0
14.89	85.92	76	72	126	94	82	96	86	76	84	58	76	72	98	96	94	86	88	92	82	94	84	94	90	66	0	0	0	0	0	0
14.9	84.5	104	78	72	86	68	94	64	90	78	106	72	66	130	88	106	50	82	62	88	94	92	86	66	106	0	0	0	0	0	0
14.91	91.08	112	112	94	88	92	78	86	98	96	78	64	102	74	82	54	102	112	96	94	94	104	82	110	82	0	0	0	0	0	0
14.92	84.92	96	66	52	74	64	80	110	58	88	80	84	82	82	88	80	90	82	100	90	98	82	96	130	86	0	0	0	0	0	0
14.93	88.25	82	56	76	70	76	100	106	96	66	84	60	116	94	102	110	88	88	80	106	72	68	84	118	120	0	0	0	0	0	0
14.94	88.92	92	88	104	86	90	78	82	94	78	110	88	100	90	108	104	100	52	96	74	98	72	96	76	78	0	0	0	0	0	0
14.95	97.17	78	102	64	86	102	88	94	100	90	112	68	88	130	118	124	94	84	94	80	84	106	108	114	124	0	0	0	0	0	0
14.96	91.92	74	124	66	106	112	88	72	86	80	110	84	78	116	80	76	114	88	44	118	78	90	112	90	120	0	0	0	0	0	0
14.97	86.33	70	70	98	74	78	124	102	80	82	88	74	118	82	74	84	46	104	94	90	58	96	96	86	104	0	0	0	0	0	0
14.98	93	100	72	52	104	96	110	94	92	64	96	88	84	102	74	136	90	92	102	110	100	104	76	98	96	0	0	0	0	0	0
14.99	93.08	66	84	108	94	96	102	104	98	44	102	86	118	86	100	94	88	80	90	88	76	90	108	102	130	0	0	0	0	0	0
15	92	112	100	64	122	76	100	80	102	98	110	74	104	98	56	92	88	110	114	110	60	62	80	108	88	0	0	0	0	0	0
15.01	90.67	94	64	100	52	98	68	80	62	130	82	70	106	116	116	52	108	120	110	78	84	102	90	110	84	0	0	0	0	0	0
15.02	94.67	86	108	88	80	118	110	86	98	104	102	50	104	72	82	120	112	110	56	112	74	82	112	114	92	0	0	0	0	0	0
15.03	89	68	70	56	112	116	112	78	132	80	82	62	72	82	78	64	76	86	124	120	108	66	116	82	94	0	0	0	0	0	0
15.04	90.25	72	106	72	110	62	82	56	88	100	142	74	84	114	112	94	88	72	60	88	82	118	106	100	84	0	0	0	0	0	0
15.05	96.25	76	100	114	112	104	82	90	100	52	116	104	76	142	114	90	118	46	88	74	122	106	94	102	88	0	0	0	0	0	0
15.06	95.08	102	92	98	76	126	82	86	82	88	84	66	86	82	76	120	124	100	102	96	100	118	84	100	112	0	0	0	0	0	0
15.07	96.83	100	88	98	90	78	68	96	126	76	92	124	114	88	102	98	100	110	82	110	92	78	118	98	98	0	0	0	0	0	0
15.08	99.67	106	98	68	74	98	72	94	138	78	104	112	132	102	94	142	104	130	80	84	114	80	94	80	114	0	0	0	0	0	0
15.09	95.58	114	70	70	112	94	80	66	106	88	100	86	120	98	98	130	102	96	100	110	102	110	68	84	90	0	0	0	0	0	0
15.1	98.25	88	74	132	100	66	104	108	112	132	96	82	110	60	94	98	106	126	98	100	98	104	110	82	78	0	0	0	0	0	0
15.11	95.83	74	96	102	102	92	96	60	144	74	88	70	74	98	124	114	88	86	120	106	94	130	108	82	78	0	0	0	0	0	0
15.12	94.58	96	84	94	98	96	116	120	52	78	104	74	108	118	78	118	94	88	112	88	76	96	102	94	86	0	0	0	0	0	0
15.13	94.5	88	76	114	98	88	118	90	128	112	106	106	84	84	82	84	76	118	116	82	74	82	82	90	90	0	0	0	0	0	0
15.14	93.92	52	78	96	74	82	90	100	88	102	88	110	90	94	80	90	88	100	104	116	104	112	70	120	126	0	0	0	0	0	0
15.15	99.92	104	72	126	134	142	54	82	98	92	128	76	80	146	102	92	84	106	96	104	78	104	96	124	78	0	0	0	0	0	0
15.16	101.3	124	94	134	68	130	100	84	118	70	94	108	116	112	108	68	98	70	92	98	94	116	90	136	110	0	0	0	0	0	0
15.17	105.5	100	114	106	106	122	138	96	142	116	92	68	130	108	118	90	126	126	76	88	96	120	74	78	102	0	0	0	0	0	0
15.18	104.3	116	100	110	96	100	114	62	98	84	100	108	84	100	96	118	118	114	120	78	132	94	138	134	90	0	0	0	0	0	0
15.19	104	72	104	108	78	116	120	100	134	102	106	86	126	94	86	96	114	124	120	104	86	108	96	128	88	0	0	0	0	0	0
15.2	101.8	104	80	92	92	112	80	140	100	88	94	122	62	86	94	94	98	140	122	100	106	92	102	130	112	0	0	0	0	0	0
15.21	107.2	116	86	104	120	96	92	110	98	96	100	124	98	134	114	100	116	100	94	112	138	118	106	94	108	0	0	0	0	0	0
15.22	111.8	92	114	104	122	88	108	80	128	94	120	92	94	92	116	124	116	114	148	124	102	116	148	104	142	0	0	0	0	0	0
15.23	109.9	104	106	116	142	96	86	100	122	86	134	76	102	80	124	114	112	114	108	130	120	140	128	88	110	0	0	0	0	0	0
15.24	107.4	124	122	148	116	110	118	98	102	140	60	84	92	126	106	98	116	112	88	112	114	142	92	108	50	0	0	0	0	0	0
15.25	110.3	86	94	118	128	120	118	82	70	86	168	108	116	108	94	136	154	132	78	108	96	102	146	114	86	0	0	0	0	0	0
15.26	101.6	120	80	84	112	118	130	118	88	102	100	80	122	88	120	120	106	114	100	76	112	92	72	100	84	0	0	0	0	0	0
15.27	114.1	108	96	106	96	122	126	112	108	90	98	104	126	134	62	116	118	102	124	96	136	118	144	142	154	0	0	0	0	0	0
15.28	112.3	118	104	118	138	76	102	110	96	86	148	86	100	112	108	128	120	70	122	92	122	124	148	146	122	0	0	0	0	0	0
15.29	110	100	126	116	116	64	84	134	92	122	130	66	118	132	76	120	104	108	90	122	136	156	112	92	124	0	0	0	0	0	0
15.3	110.7	94	110	108	126	128	92	86	124	96	120	66	110	116	126	126	124	130	122	102	122	96	122	112	98	0	0	0	0	0	0
15.31	110.6	124	70	110	148	150	72	100	100	114	64	112	84	114	102	152	120	140	118	104	116	130	100	80	130	0	0	0	0	0	0
15.32	108.2	136	114	112	76	126	122	98	102	98	90	90	106	142	150	112	74	118	80	92	72	94	150	124	120	0	0	0	0	0	0
15.33	112	78	94	114	94	122	124	136	66	114	114	104	152	106	160	114	100	86	100	92	112	124	102	158	122	0	0	0	0	0	0
15.34	113.7	114	108	134	136	128	114	128	120	72	124	102	114	112	124	128	110	126	96	126	90	114	96	122	90	0	0	0	0	0	0
15.35	116.7	122	130	126	114	154	110	102	104	76	102	100	122	88	80	162	100	90	102	144	136	142	122	122	150	0	0	0	0	0	0
15.36	114.8	104	96	104	132	120	124	112	110	94	138	130	132	98	112	104	142	114	116	84	88	120	118	142	120	0	0	0	0	0	0
15.37	118.7	114	118	92	128	104	132	138	118	122	164	96	90	132	110	134	124	146	126	106	116	106	134	100	98	0	0	0	0	0	0
15.38	118.7	126	112	128	148	130	128	90	82	102	102	106	102	144	152	82	126	162	94	106	102	142	112	128	142	0	0	0	0	0	0
15.39	123.1	122	88	76	144	112	144	100	130	120	114	88	142	134	152	112	172	108	80	80	194	124	160	124	134	0	0	0	0	0	0
15.4	117.1	98	96	92	126	112	118	128	152	98	94	90	126	118	148	108	130	116	128	92	134	130	106	114	156	0	0	0	0	0	0
15.41	128.4	112	100	110	96	146	114	138	106	136	132	120	112	126	144	130	170	126	120	200	144	114	142	118	126	0	0	0	0	0	0
15.42	120	118	142	132	128	116	124	112	74	100	160	88	100	122	120	122	80	120	132	130	134	150	124	136	116	0	0	0	0	0	0
15.43	123	126	86	114	144	94	86	136	164	110	110	124	152	104	86	170	120	110	136	92	140	144	156	118	130	0	0	0	0	0	0
15.44	125.4	132	124	124	106	118	110	114	64	122	154	150	152	134	110	68	136	132	138	104	166	140	124	158	130	0	0	0	0	0	0
15.45	114.8	120	140	130	76	98	108	132	100	88	124	128	110	132	122	122	102	86	94	122	150	110	120	122	120	0	0	0	0	0	0
15.46	122.8	118	108	118	118	116	138	102	134	128	84	122	102	194	126	144	126	124	150	100	114	120	114	100	146	0	0	0	0	0	0
15.47	131.3	128	114	114	134	120	122	166	104	114	116	122	132	146	120	130	150	152	138	106	174	160	120	112	158	0	0	0	0	0	0
15.48	128.3	104	112	162	152	126	114	118	116	118	110	94	112	140	146	156	114	130	126	132	130	158	142	116	152	0	0	0	0	0	0
15.49	125.6	112	138	112	124	114	176	126	104	130	132	124	148	100	148	118	114	104	98	154	164	120	114	126	114	0	0	0	0	0	0
15.5	137.8	196	142	102	132	116	152	110	154	148	138	130	174	122	120	140	146	120	144	152	178	124	132	140	96	0	0	0	0	0	0
15.51	128.9	124	140	130	114	140	118	116	156	130	126	98	136	158	136	120	108	114	144	106	142	136	124	144	134	0	0	0	0	0	0
15.52	136.1	116	114	144	126	160	126	162	154	112	110	152	156	116	148	148	146	132	120	140	132	134	154	124	140	0	0	0	0	0	0
15.53	143.2	122	118	120	130	144	96	206	150	126	160	130	142	134	118	162	186	138	178	132	142	154	186	134	130	0	0	0	0	0	0
15.54	134.1	94	104	132	154	130	134	150	118	146	118	120	120	122	118	162	134	130	116	138	156	180	172	154	116	0	0	0	0	0	0
15.55	137.8	118	116	198	122	154	126	150	114	156	84	106	180	110	134	114	142	154	156	170	112	134	146	170	142	0	0	0	0	0	0
15.56	131.9	120	152	124	116	122	168	130	130	112	124	132	142	132	144	104	112	100	130	176	160	144	130	118	144	0	0	0	0	0	0
15.57	129	102	168	120	152	94	180	136	92	132	116	110	122	112	140	120	116	136	138	134	114	158	114	138	152	0	0	0	0	0	0
15.58	130	102	148	118	146	122	126	128	106	124	128	154	116	118	134	122	112	140	110	164	142	126	168	130	136	0	0	0	0	0	0
15.59	137.7	136	144	116	142	170	162	154	144	126	120	136	148	106	102	154	150	140	162	172	128	118	74	160	142	0	0	0	0	0	0
15.6	133.6	114	154	138	110	114	136	120	188	148	82	110	134	172	158	114	146	104	156	112	164	134	128	106	164	0	0	0	0	0	0
15.61	141.1	164	132	110	138	136	146	134	148	124	150	92	154	138	164	176	126	114	144	128	172	116	132	178	170	0	0	0	0	0	0
15.62	142.9	192	144	154	166	156	130	112	130	104	160	126	146	116	126	184	150	124	150	130	156	134	150	138	152	0	0	0	0	0	0
15.63	151	120	148	160	198	198	118	168	110	136	138	154	142	162	134	156	142	196	148	128	122	136	144	198	168	0	0	0	0	0	0
15.64	148.3	132	196	132	154	174	156	142	132	144	182	130	148	122	148	128	150	120	128	174	172	158	134	178	126	0	0	0	0	0	0
15.65	143.6	110	146	130	110	120	138	170	140	136	162	150	154	134	134	138	162	144	134	172	112	182	148	192	128	0	0	0	0	0	0
15.66	155	156	156	164	162	186	134	122	158	132	164	142	152	178	128	126	160	152	160	190	146	176	136	158	182	0	0	0	0	0	0
15.67	146.9	148	150	180	160	142	154	140	132	152	144	130	112	128	158	164	124	168	148	140	164	136	150	150	152	0	0	0	0	0	0
15.68	149.2	170	136	156	188	134	138	122	142	128	152	170	150	156	122	182	142	108	156	130	158	154	148	166	172	0	0	0	0	0	0
15.69	155	116	146	152	142	176	168	208	140	140	182	130	152	120	184	146	150	160	128	192	174	144	148	166	156	0	0	0	0	0	0
15.7	148.9	152	124	138	144	136	194	132	114	116	134	124	150	126	180	176	184	146	178	152	170	160	148	176	120	0	0	0	0	0	0
15.71	157.2	144	162	156	98	164	144	190	140	152	130	136	172	138	134	180	190	154	202	174	152	160	150	152	198	0	0	0	0	0	0
15.72	147.8	142	148	140	124	174	188	186	146	86	148	148	144	168	170	110	176	138	124	106	150	142	218	160	112	0	0	0	0	0	0
15.73	152.7	134	136	172	136	184	176	172	162	150	120	142	156	150	166	128	156	166	188	104	190	128	154	150	146	0	0	0	0	0	0
15.74	156.8	120	184	142	126	174	170	180	180	166	126	134	166	174	168	166	170	162	164	176	172	138	126	106	174	0	0	0	0	0	0
15.75	153.9	122	152	144	136	188	152	152	134	138	118	132	150	158	202	150	192	200	162	162	156	168	154	110	162	0	0	0	0	0	0
15.76	158.2	140	176	166	146	170	160	132	160	136	132	102	182	132	190	162	156	144	222	156	194	154	160	144	180	0	0	0	0	0	0
15.77	149.7	102	194	126	160	152	102	162	160	134	148	144	126	126	118	136	190	156	188	170	136	172	142	182	166	0	0	0	0	0	0
15.78	157.4	174	154	138	164	150	134	146	144	140	174	136	150	156	164	192	130	148	136	162	166	164	190	196	170	0	0	0	0	0	0
15.79	157.8	136	158	158	156	182	164	144	164	124	112	140	186	168	192	166	148	158	160	176	152	174	130	122	216	0	0	0	0	0	0
15.8	162.5	128	156	130	124	170	172	114	188	188	138	140	158	192	164	138	184	168	166	176	188	184	200	182	152	0	0	0	0	0	0
15.81	169.9	166	132	178	172	174	212	194	140	186	162	144	152	182	188	170	184	150	156	156	174	190	158	178	180	0	0	0	0	0	0
15.82	161.8	176	146	194	154	162	182	148	150	106	166	152	160	160	214	154	146	160	166	160	134	204	168	152	168	0	0	0	0	0	0
15.83	159.3	152	196	172	136	130	158	174	168	158	176	194	132	122	178	148	150	152	174	204	162	136	124	192	136	0	0	0	0	0	0
15.84	165.8	122	168	186	186	200	202	150	180	142	170	122	180	152	160	136	178	116	196	170	200	118	176	174	194	0	0	0	0	0	0
15.85	164.8	160	158	164	160	152	192	168	182	180	92	136	192	170	166	186	134	150	140	164	172	176	188	190	182	0	0	0	0	0	0
15.86	168.6	172	152	156	130	160	166	156	204	152	158	164	150	170	168	134	158	166	198	146	228	194	238	114	212	0	0	0	0	0	0
15.87	165.4	152	170	168	152	150	184	124	198	166	138	140	144	192	170	146	142	200	178	146	172	196	174	196	172	0	0	0	0	0	0
15.88	173.4	116	134	162	200	220	166	170	154	162	210	200	150	134	164	196	142	154	200	168	172	194	204	178	212	0	0	0	0	0	0
15.89	172.2	124	152	204	198	174	184	128	134	154	138	166	130	166	166	226	228	220	178	174	164	186	178	212	148	0	0	0	0	0	0
15.9	174	116	248	164	186	180	196	194	166	134	198	154	166	148	98	168	200	216	120	204	202	214	148	158	198	0	0	0	0	0	0
15.91	168	162	180	134	122	176	194	186	152	162	184	148	162	168	188	150	138	168	200	198	186	166	162	156	190	0	0	0	0	0	0
15.92	175.2	164	196	160	218	172	164	188	156	136	158	178	168	228	202	136	148	180	122	198	160	202	166	194	212	0	0	0	0	0	0
15.93	182.7	172	210	190	206	194	194	202	170	148	184	134	136	222	188	180	200	196	204	204	154	154	176	172	194	0	0	0	0	0	0
15.94	176.1	194	170	118	200	168	166	186	144	166	132	178	172	218	176	208	212	154	144	192	180	154	192	164	238	0	0	0	0	0	0
15.95	176.2	142	158	144	186	184	196	194	204	142	176	224	178	176	178	154	160	162	222	200	146	200	148	178	178	0	0	0	0	0	0
15.96	176.3	154	204	174	134	186	180	150	168	200	184	136	134	184	196	196	170	144	172	204	194	170	170	224	204	0	0	0	0	0	0
15.97	179.9	174	166	182	210	180	198	220	176	114	170	210	186	156	144	202	138	210	186	182	170	186	208	154	196	0	0	0	0	0	0
15.98	183.8	188	208	214	162	206	224	184	168	174	150	138	166	188	220	168	168	200	182	194	186	186	170	180	188	0	0	0	0	0	0
15.99	178.2	140	212	176	148	168	190	188	158	140	150	174	196	232	202	170	182	180	160	186	172	186	212	184	172	0	0	0	0	0	0
16	182.9	182	204	232	210	198	174	160	146	210	140	116	214	168	192	166	218	166	150	158	210	218	186	188	184	0	0	0	0	0	0
16.01	188.1	168	164	188	176	210	240	240	168	124	164	166	124	228	180	206	170	174	186	246	220	176	210	202	184	0	0	0	0	0	0
16.02	183.3	186	186	172	180	198	248	168	164	178	164	106	146	172	190	186	152	184	150	206	168	224	232	214	226	0	0	0	0	0	0
16.03	183.7	210	192	182	190	168	194	200	204	156	206	148	194	174	190	168	178	210	152	170	212	180	174	186	170	0	0	0	0	0	0
16.04	189.5	174	212	210	194	212	208	172	176	186	114	186	168	190	192	186	214	218	200	240	204	168	170	210	144	0	0	0	0	0	0
16.05	187.3	190	194	148	168	194	214	212	188	184	210	174	184	208	160	152	188	162	202	202	196	180	170	216	200	0	0	0	0	0	0
16.06	192	142	156	168	172	194	168	174	200	156	204	200	206	184	164	218	240	214	274	196	166	178	212	222	200	0	0	0	0	0	0
16.07	190.8	170	164	176	190	200	194	156	148	196	150	198	176	192	242	184	180	204	230	230	194	200	200	170	234	0	0	0	0	0	0
16.08	194.5	166	230	200	160	216	222	170	186	194	224	168	162	178	146	180	194	186	194	198	198	212	244	244	196	0	0	0	0	0	0
16.09	197.6	176	210	218	230	182	170	194	210	148	196	228	204	202	160	242	170	174	200	180	186	218	194	236	214	0	0	0	0	0	0
16.1	199.3	204	184	214	184	196	192	208	180	224	192	202	236	228	194	198	164	172	210	180	174	204	206	236	202	0	0	0	0	0	0
16.11	193.5	158	194	198	164	166	248	176	230	186	224	132	196	126	182	166	210	206	204	228	198	190	218	194	250	0	0	0	0	0	0
16.12	202.3	158	194	218	208	150	206	176	226	204	186	170	198	214	228	194	152	208	234	250	242	198	214	198	230	0	0	0	0	0	0
16.13	196.5	252	210	174	230	164	204	208	160	158	186	172	190	204	182	168	202	176	162	222	260	224	194	192	222	0	0	0	0	0	0
16.14	195	200	176	186	190	212	184	208	256	228	212	168	244	156	184	178	178	170	188	208	118	208	198	168	262	0	0	0	0	0	0
16.15	198.8	194	208	198	148	194	180	180	174	218	206	156	194	200	188	216	244	216	192	224	200	178	190	228	246	0	0	0	0	0	0
16.16	207.9	182	186	216	200	146	212	204	242	222	224	244	278	218	238	168	174	164	242	206	182	216	178	242	206	0	0	0	0	0	0
16.17	209	172	184	210	204	230	236	190	210	200	194	178	196	204	224	170	276	222	204	248	222	204	184	236	218	0	0	0	0	0	0
16.18	197.2	154	180	202	226	180	192	236	206	226	234	194	162	232	156	212	186	170	204	184	200	204	200	192	202	0	0	0	0	0	0
16.19	204.1	174	204	204	226	224	184	212	214	186	244	168	184	204	236	156	222	150	214	196	216	170	236	248	226	0	0	0	0	0	0
16.2	205.6	214	204	248	182	210	214	190	244	196	156	160	206	190	206	210	230	152	202	230	208	206	236	224	216	0	0	0	0	0	0
16.21	199.2	198	254	192	188	172	228	186	162	190	210	200	202	222	176	182	164	198	220	184	216	198	236	178	226	0	0	0	0	0	0
16.22	210.7	164	172	162	254	230	252	212	216	182	182	178	188	196	206	248	224	214	214	262	224	232	206	202	236	0	0	0	0	0	0
16.23	208.4	176	150	244	264	176	220	214	230	226	256	166	252	168	234	156	216	218	156	240	192	174	212	226	236	0	0	0	0	0	0
16.24	222	196	192	206	242	152	234	232	198	240	236	190	214	232	218	262	230	176	268	272	254	216	228	210	230	0	0	0	0	0	0
16.25	218.8	198	208	164	206	244	266	264	232	180	224	174	242	172	250	192	204	230	250	218	208	254	214	240	216	0	0	0	0	0	0
16.26	224.8	238	198	198	204	240	266	266	236	246	260	184	202	196	256	252	248	216	174	234	232	222	194	178	256	0	0	0	0	0	0
16.27	217.8	186	240	254	218	192	238	230	156	244	188	212	196	180	228	186	226	220	260	212	200	224	230	248	258	0	0	0	0	0	0
16.28	219.7	208	196	210	242	208	244	230	184	228	256	178	196	256	282	194	216	226	218	220	188	242	202	198	250	0	0	0	0	0	0
16.29	217.9	226	266	200	286	190	246	236	212	224	224	186	222	218	230	168	230	228	194	240	204	202	212	198	188	0	0	0	0	0	0
16.3	222.5	222	196	164	238	256	244	258	216	174	230	184	208	232	250	236	238	158	280	184	204	254	220	236	258	0	0	0	0	0	0
16.31	222.2	188	202	196	186	224	210	242	180	228	246	232	214	244	248	256	284	170	226	224	230	208	214	248	232	0	0	0	0	0	0
16.32	223.4	222	266	194	214	182	200	228	272	208	220	186	260	244	238	242	182	214	250	194	250	242	242	200	212	0	0	0	0	0	0
16.33	232	252	226	198	232	234	288	248	238	220	230	226	180	232	186	178	204	250	252	246	210	274	246	272	246	0	0	0	0	0	0
16.34	234.1	194	232	204	248	238	266	208	258	208	216	250	200	228	248	220	252	246	242	258	266	246	284	198	208	0	0	0	0	0	0
16.35	225.3	244	232	256	220	230	236	208	188	232	274	182	226	258	210	260	204	236	212	264	218	210	240	184	184	0	0	0	0	0	0
16.36	233.5	264	244	248	288	242	246	264	192	196	262	196	194	246	232	208	248	224	216	238	248	178	208	268	254	0	0	0	0	0	0
16.37	239.6	256	272	200	284	222	262	268	180	204	220	222	202	282	246	228	256	206	240	278	248	256	230	256	232	0	0	0	0	0	0
16.38	248.4	278	232	242	244	258	194	246	270	210	258	216	234	218	268	216	292	272	244	272	248	264	270	304	212	0	0	0	0	0	0
16.39	237.8	174	268	270	210	236	234	268	236	218	184	194	242	308	296	226	180	210	224	272	306	244	216	230	262	0	0	0	0	0	0
16.4	226.6	170	256	238	170	222	216	182	278	190	256	200	196	266	266	242	196	206	254	230	250	244	220	224	266	0	0	0	0	0	0
16.41	238	232	214	224	180	232	236	252	220	262	248	238	180	248	252	228	220	230	298	272	272	278	244	248	204	0	0	0	0	0	0
16.42	243.8	196	240	262	236	312	248	234	212	276	238	174	280	232	230	306	216	250	242	232	244	202	256	270	264	0	0	0	0	0	0
16.43	234.2	174	218	268	258	234	232	226	222	212	250	222	212	240	224	256	252	250	244	210	256	212	224	238	286	0	0	0	0	0	0
16.44	240.1	262	280	220	234	244	224	174	226	262	194	234	246	214	252	262	236	236	274	288	290	278	188	232	212	0	0	0	0	0	0
16.45	244.6	198	268	236	236	242	268	258	228	234	242	230	258	212	262	210	238	264	276	244	202	250	264	286	264	0	0	0	0	0	0
16.46	249.4	248	232	226	250	314	218	240	246	232	290	192	186	194	292	256	278	254	222	248	274	288	306	288	212	0	0	0	0	0	0
16.47	246.7	266	224	250	252	244	260	212	238	256	252	202	290	244	280	228	336	224	218	206	298	204	240	280	216	0	0	0	0	0	0
16.48	248.7	230	246	286	216	254	270	214	268	250	266	206	258	292	298	258	238	228	248	238	252	250	230	242	230	0	0	0	0	0	0
16.49	249.4	206	226	254	236	240	260	310	236	214	234	234	240	240	244	194	238	240	248	244	340	286	254	276	292	0	0	0	0	0	0
16.5	245.3	200	260	232	220	326	230	238	236	246	292	224	208	252	220	248	252	324	250	250	246	214	248	234	238	0	0	0	0	0	0
16.51	257.5	214	206	262	258	262	258	224	302	234	230	238	220	284	242	250	290	316	286	256	290	264	250	302	242	0	0	0	0	0	0
16.52	243.1	214	240	266	290	248	280	210	228	208	272	202	268	256	282	242	286	202	216	224	260	182	214	262	282	0	0	0	0	0	0
16.53	255.9	268	252	206	248	262	322	278	304	256	226	230	266	272	194	224	270	266	256	250	252	244	292	266	238	0	0	0	0	0	0
16.54	253.1	258	236	268	302	260	244	286	334	228	256	210	254	234	298	200	218	230	296	248	254	194	284	258	224	0	0	0	0	0	0
16.55	259.3	188	272	282	252	234	292	266	252	282	284	224	258	242	270	240	236	258	278	262	228	306	264	272	282	0	0	0	0	0	0
16.56	267	232	248	264	186	258	254	248	310	310	234	258	272	286	260	256	262	240	280	274	338	324	262	278	274	0	0	0	0	0	0
16.57	263.9	272	286	260	210	262	238	258	210	238	234	230	290	264	300	252	322	268	252	250	314	264	342	268	250	0	0	0	0	0	0
16.58	259.2	206	274	236	244	274	268	234	224	254	214	220	218	318	216	210	300	282	322	238	242	302	312	318	294	0	0	0	0	0	0
16.59	255	226	278	208	284	270	250	236	268	230	268	232	268	262	222	238	292	246	314	236	266	242	228	278	278	0	0	0	0	0	0
16.6	258	220	268	232	260	318	246	262	322	234	254	238	196	240	298	278	254	234	280	246	272	260	274	258	248	0	0	0	0	0	0
16.61	266.6	248	238	260	218	276	292	226	294	248	250	202	262	314	276	304	256	280	272	244	260	264	334	276	304	0	0	0	0	0	0
16.62	260.2	198	282	318	236	206	226	266	210	302	280	212	272	300	250	256	248	308	248	306	326	258	240	234	262	0	0	0	0	0	0
16.63	271.7	298	274	284	300	276	282	274	248	264	236	234	284	272	276	254	322	260	304	290	206	298	278	266	240	0	0	0	0	0	0
16.64	275.8	266	312	292	230	288	230	280	280	290	198	244	280	274	228	266	306	290	310	288	308	272	318	300	268	0	0	0	0	0	0
16.65	268.7	254	260	262	198	308	294	290	266	214	230	248	304	236	262	258	292	298	322	340	264	294	270	266	218	0	0	0	0	0	0
16.66	269.2	250	288	290	244	240	280	310	284	270	222	260	276	244	268	214	286	296	262	276	286	268	248	264	334	0	0	0	0	0	0
16.67	282.1	278	270	274	258	308	270	284	272	246	272	282	274	302	270	272	346	318	296	282	264	262	284	268	318	0	0	0	0	0	0
16.68	282.8	210	298	266	278	302	270	316	256	252	276	274	324	268	292	332	270	264	296	248	266	352	312	256	310	0	0	0	0	0	0
16.69	263.2	250	278	296	288	214	248	266	264	262	240	186	282	324	260	224	248	332	282	268	232	276	270	218	308	0	0	0	0	0	0
16.7	281.2	240	308	292	248	340	322	266	254	278	262	278	274	268	286	298	244	310	300	258	342	250	298	246	288	0	0	0	0	0	0
16.71	280.8	262	260	268	324	330	346	294	270	276	222	238	240	296	316	278	262	306	290	278	288	268	280	234	312	0	0	0	0	0	0
16.72	276	214	254	294	296	344	296	328	222	238	300	228	256	218	294	314	254	318	288	264	262	256	292	300	294	0	0	0	0	0	0
16.73	279.2	308	284	278	246	280	264	320	330	212	270	250	246	338	302	250	288	266	328	292	270	316	284	238	242	0	0	0	0	0	0
16.74	284.5	298	306	228	292	342	252	282	262	248	232	268	316	292	260	286	286	304	284	346	270	290	320	260	304	0	0	0	0	0	0
16.75	285.5	284	208	336	310	310	276	292	248	270	270	248	360	250	286	246	352	294	302	298	300	272	272	258	310	0	0	0	0	0	0
16.76	287.2	240	282	250	326	250	338	312	256	348	198	238	290	296	268	204	340	332	304	326	298	328	276	336	258	0	0	0	0	0	0
16.77	290	306	260	298	294	288	268	322	290	284	238	244	314	262	296	308	252	234	244	300	312	326	326	326	368	0	0	0	0	0	0
16.78	288	198	260	286	284	298	330	308	320	258	234	270	302	278	312	280	286	298	314	272	368	292	290	288	286	0	0	0	0	0	0
16.79	290.2	242	288	284	298	292	354	242	240	262	272	254	300	300	308	286	310	302	306	300	304	302	256	352	312	0	0	0	0	0	0
16.8	286.7	230	244	300	270	230	338	288	258	274	312	234	292	274	304	372	316	314	272	270	274	274	332	300	310	0	0	0	0	0	0
16.81	289.8	246	278	380	268	362	250	282	310	236	292	250	308	296	242	270	296	282	300	274	280	290	346	294	322	0	0	0	0	0	0
16.82	296.6	202	354	292	252	296	318	302	230	294	254	244	280	342	346	286	346	288	300	284	334	346	278	344	306	0	0	0	0	0	0
16.83	309.8	300	300	320	298	330	368	340	300	318	300	246	310	310	340	266	332	306	258	352	358	260	380	254	288	0	0	0	0	0	0
16.84	293.7	238	282	248	288	308	310	262	320	294	272	278	274	294	336	338	298	316	298	284	310	298	316	324	262	0	0	0	0	0	0
16.85	299.5	246	316	326	272	278	308	354	276	256	302	298	296	278	298	296	314	310	272	242	304	330	350	326	340	0	0	0	0	0	0
16.86	295.9	204	308	280	300	332	266	256	304	350	288	288	308	318	258	316	274	262	310	364	346	278	254	286	352	0	0	0	0	0	0
16.87	307.5	266	236	292	352	280	318	356	376	262	308	266	306	296	224	324	332	348	344	314	350	282	348	334	266	0	0	0	0	0	0
16.88	303.2	270	278	272	286	314	318	348	294	296	288	346	272	272	316	286	318	298	376	360	282	288	346	250	304	0	0	0	0	0	0
16.89	314.8	240	312	288	338	312	314	320	322	248	356	300	350	350	290	308	272	332	314	414	320	308	328	278	340	0	0	0	0	0	0
16.9	305.9	308	294	366	284	324	322	284	328	270	256	324	302	338	316	306	322	290	274	324	280	324	302	304	300	0	0	0	0	0	0
16.91	288.6	292	262	284	300	310	272	336	224	254	312	258	270	274	296	284	306	280	294	334	336	308	302	262	276	0	0	0	0	0	0
16.92	324.2	320	320	382	330	342	294	364	322	368	292	292	304	312	336	350	296	274	354	318	312	304	292	322	380	0	0	0	0	0	0
16.93	308.6	234	364	282	304	334	306	274	272	326	262	300	332	334	280	290	334	282	302	368	296	274	340	352	364	0	0	0	0	0	0
16.94	314.8	232	250	364	304	332	356	306	338	306	320	322	310	302	358	332	310	286	334	290	280	298	346	348	332	0	0	0	0	0	0
16.95	313	340	270	308	254	292	294	342	312	316	312	266	336	286	324	292	354	348	336	348	342	328	282	312	318	0	0	0	0	0	0
16.96	320.2	302	318	340	330	310	332	332	288	308	344	242	294	350	290	282	324	344	300	360	332	362	366	318	316	0	0	0	0	0	0
16.97	316.9	280	294	284	292	304	356	386	340	314	300	324	324	344	318	306	356	340	290	266	392	278	314	316	288	0	0	0	0	0	0
16.98	308.9	228	308	304	368	364	338	308	286	290	278	252	330	356	270	270	286	340	260	336	288	346	330	326	352	0	0	0	0	0	0
16.99	329.2	334	332	304	340	332	330	328	374	296	336	318	304	264	360	290	332	290	312	400	370	332	326	344	354	0	0	0	0	0	0
17	310.1	292	292	356	322	318	272	284	270	250	314	256	232	304	328	278	376	346	322	350	326	336	350	332	336	0	0	0	0	0	0
