# SCAN started at: 2019-02-13 18:30:18
# Elen_Scan Mass: 113.9 Resolution: 30
# ----------------------------------------
# 
6.5	0	0	0	0	0	0	0	0	0	0	0	0	0	0	0	0	0	0	0	0
6.51	0	0	0	0	0	0	0	0	0	0	0	0	0	0	0	0	0	0	0	0
6.52	0	0	0	0	0	0	0	0	0	0	0	0	0	0	0	0	0	0	0	0
6.53	0	0	0	0	0	0	0	0	0	0	0	0	0	0	0	0	0	0	0	0
6.54	0	0	0	0	0	0	0	0	0	0	0	0	0	0	0	0	0	0	0	0
6.55	0	0	0	0	0	0	0	0	0	0	0	0	0	0	0	0	0	0	0	0
6.56	0	0	0	0	0	0	0	0	0	0	0	0	0	0	0	0	0	0	0	0
6.57	0	0	0	0	0	0	0	0	0	0	0	0	0	0	0	0	0	0	0	0
6.58	0	0	0	0	0	0	0	0	0	0	0	0	0	0	0	0	0	0	0	0
6.59	0	0	0	0	0	0	0	0	0	0	0	0	0	0	0	0	0	0	0	0
6.6	0	0	0	0	0	0	0	0	0	0	0	0	0	0	0	0	0	0	0	0
6.61	0	0	0	0	0	0	0	0	0	0	0	0	0	0	0	0	0	0	0	0
6.62	0	0	0	0	0	0	0	0	0	0	0	0	0	0	0	0	0	0	0	0
6.63	0	0	0	0	0	0	0	0	0	0	0	0	0	0	0	0	0	0	0	0
6.64	0	0	0	0	0	0	0	0	0	0	0	0	0	0	0	0	0	0	0	0
6.65	0	0	0	0	0	0	0	0	0	0	0	0	0	0	0	0	0	0	0	0
6.66	0	0	0	0	0	0	0	0	0	0	0	0	0	0	0	0	0	0	0	0
6.67	0	0	0	0	0	0	0	0	0	0	0	0	0	0	0	0	0	0	0	0
6.68	0	0	0	0	0	0	0	0	0	0	0	0	0	0	0	0	0	0	0	0
6.69	0	0	0	0	0	0	0	0	0	0	0	0	0	0	0	0	0	0	0	0
6.7	0	0	0	0	0	0	0	0	0	0	0	0	0	0	0	0	0	0	0	0
6.71	0	0	0	0	0	0	0	0	0	0	0	0	0	0	0	0	0	0	0	0
6.72	0	0	0	0	0	0	0	0	0	0	0	0	0	0	0	0	0	0	0	0
6.73	0	0	0	0	0	0	0	0	0	0	0	0	0	0	0	0	0	0	0	0
6.74	0	0	0	0	0	0	0	0	0	0	0	0	0	0	0	0	0	0	0	0
6.75	0	0	0	0	0	0	0	0	0	0	0	0	0	0	0	0	0	0	0	0
6.76	0	0	0	0	0	0	0	0	0	0	0	0	0	0	0	0	0	0	0	0
6.77	0	0	0	0	0	0	0	0	0	0	0	0	0	0	0	0	0	0	0	0
6.78	0	0	0	0	0	0	0	0	0	0	0	0	0	0	0	0	0	0	0	0
6.79	0	0	0	0	0	0	0	0	0	0	0	0	0	0	0	0	0	0	0	0
6.8	0	0	0	0	0	0	0	0	0	0	0	0	0	0	0	0	0	0	0	0
6.81	0	0	0	0	0	0	0	0	0	0	0	0	0	0	0	0	0	0	0	0
6.82	0	0	0	0	0	0	0	0	0	0	0	0	0	0	0	0	0	0	0	0
6.83	0	0	0	0	0	0	0	0	0	0	0	0	0	0	0	0	0	0	0	0
6.84	0	0	0	0	0	0	0	0	0	0	0	0	0	0	0	0	0	0	0	0
6.85	0	0	0	0	0	0	0	0	0	0	0	0	0	0	0	0	0	0	0	0
6.86	0	0	0	0	0	0	0	0	0	0	0	0	0	0	0	0	0	0	0	0
6.87	0	0	0	0	0	0	0	0	0	0	0	0	0	0	0	0	0	0	0	0
6.88	0	0	0	0	0	0	0	0	0	0	0	0	0	0	0	0	0	0	0	0
6.89	0	0	0	0	0	0	0	0	0	0	0	0	0	0	0	0	0	0	0	0
6.9	0	0	0	0	0	0	0	0	0	0	0	0	0	0	0	0	0	0	0	0
6.91	0	0	0	0	0	0	0	0	0	0	0	0	0	0	0	0	0	0	0	0
6.92	0	0	0	0	0	0	0	0	0	0	0	0	0	0	0	0	0	0	0	0
6.93	0	0	0	0	0	0	0	0	0	0	0	0	0	0	0	0	0	0	0	0
6.94	0	0	0	0	0	0	0	0	0	0	0	0	0	0	0	0	0	0	0	0
6.95	0	0	0	0	0	0	0	0	0	0	0	0	0	0	0	0	0	0	0	0
6.96	0	0	0	0	0	0	0	0	0	0	0	0	0	0	0	0	0	0	0	0
6.97	0	0	0	0	0	0	0	0	0	0	0	0	0	0	0	0	0	0	0	0
6.98	0	0	0	0	0	0	0	0	0	0	0	0	0	0	0	0	0	0	0	0
6.99	0	0	0	0	0	0	0	0	0	0	0	0	0	0	0	0	0	0	0	0
7	0	0	0	0	0	0	0	0	0	0	0	0	0	0	0	0	0	0	0	0
7.01	0	0	0	0	0	0	0	0	0	0	0	0	0	0	0	0	0	0	0	0
7.02	0	0	0	0	0	0	0	0	0	0	0	0	0	0	0	0	0	0	0	0
7.03	0	0	0	0	0	0	0	0	0	0	0	0	0	0	0	0	0	0	0	0
7.04	0	0	0	0	0	0	0	0	0	0	0	0	0	0	0	0	0	0	0	0
7.05	0	0	0	0	0	0	0	0	0	0	0	0	0	0	0	0	0	0	0	0
7.06	0	0	0	0	0	0	0	0	0	0	0	0	0	0	0	0	0	0	0	0
7.07	0	0	0	0	0	0	0	0	0	0	0	0	0	0	0	0	0	0	0	0
7.08	0	0	0	0	0	0	0	0	0	0	0	0	0	0	0	0	0	0	0	0
7.09	0	0	0	0	0	0	0	0	0	0	0	0	0	0	0	0	0	0	0	0
7.1	0	0	0	0	0	0	0	0	0	0	0	0	0	0	0	0	0	0	0	0
7.11	0	0	0	0	0	0	0	0	0	0	0	0	0	0	0	0	0	0	0	0
7.12	0	0	0	0	0	0	0	0	0	0	0	0	0	0	0	0	0	0	0	0
7.13	0	0	0	0	0	0	0	0	0	0	0	0	0	0	0	0	0	0	0	0
7.14	0	0	0	0	0	0	0	0	0	0	0	0	0	0	0	0	0	0	0	0
7.15	0	0	0	0	0	0	0	0	0	0	0	0	0	0	0	0	0	0	0	0
7.16	0	0	0	0	0	0	0	0	0	0	0	0	0	0	0	0	0	0	0	0
7.17	0	0	0	0	0	0	0	0	0	0	0	0	0	0	0	0	0	0	0	0
7.18	0	0	0	0	0	0	0	0	0	0	0	0	0	0	0	0	0	0	0	0
7.19	0	0	0	0	0	0	0	0	0	0	0	0	0	0	0	0	0	0	0	0
7.2	0	0	0	0	0	0	0	0	0	0	0	0	0	0	0	0	0	0	0	0
7.21	0	0	0	0	0	0	0	0	0	0	0	0	0	0	0	0	0	0	0	0
7.22	0	0	0	0	0	0	0	0	0	0	0	0	0	0	0	0	0	0	0	0
7.23	0	0	0	0	0	0	0	0	0	0	0	0	0	0	0	0	0	0	0	0
7.24	0	0	0	0	0	0	0	0	0	0	0	0	0	0	0	0	0	0	0	0
7.25	0	0	0	0	0	0	0	0	0	0	0	0	0	0	0	0	0	0	0	0
7.26	0	0	0	0	0	0	0	0	0	0	0	0	0	0	0	0	0	0	0	0
7.27	0	0	0	0	0	0	0	0	0	0	0	0	0	0	0	0	0	0	0	0
7.28	0	0	0	0	0	0	0	0	0	0	0	0	0	0	0	0	0	0	0	0
7.29	0	0	0	0	0	0	0	0	0	0	0	0	0	0	0	0	0	0	0	0
7.3	0	0	0	0	0	0	0	0	0	0	0	0	0	0	0	0	0	0	0	0
7.31	0	0	0	0	0	0	0	0	0	0	0	0	0	0	0	0	0	0	0	0
7.32	0	0	0	0	0	0	0	0	0	0	0	0	0	0	0	0	0	0	0	0
7.33	0	0	0	0	0	0	0	0	0	0	0	0	0	0	0	0	0	0	0	0
7.34	0	0	0	0	0	0	0	0	0	0	0	0	0	0	0	0	0	0	0	0
7.35	0	0	0	0	0	0	0	0	0	0	0	0	0	0	0	0	0	0	0	0
7.36	0	0	0	0	0	0	0	0	0	0	0	0	0	0	0	0	0	0	0	0
7.37	0	0	0	0	0	0	0	0	0	0	0	0	0	0	0	0	0	0	0	0
7.38	0	0	0	0	0	0	0	0	0	0	0	0	0	0	0	0	0	0	0	0
7.39	0	0	0	0	0	0	0	0	0	0	0	0	0	0	0	0	0	0	0	0
7.4	0	0	0	0	0	0	0	0	0	0	0	0	0	0	0	0	0	0	0	0
7.41	0	0	0	0	0	0	0	0	0	0	0	0	0	0	0	0	0	0	0	0
7.42	0	0	0	0	0	0	0	0	0	0	0	0	0	0	0	0	0	0	0	0
7.43	0	0	0	0	0	0	0	0	0	0	0	0	0	0	0	0	0	0	0	0
7.44	0	0	0	0	0	0	0	0	0	0	0	0	0	0	0	0	0	0	0	0
7.45	0	0	0	0	0	0	0	0	0	0	0	0	0	0	0	0	0	0	0	0
7.46	0	0	0	0	0	0	0	0	0	0	0	0	0	0	0	0	0	0	0	0
7.47	0	0	0	0	0	0	0	0	0	0	0	0	0	0	0	0	0	0	0	0
7.48	0	0	0	0	0	0	0	0	0	0	0	0	0	0	0	0	0	0	0	0
7.49	0	0	0	0	0	0	0	0	0	0	0	0	0	0	0	0	0	0	0	0
7.5	0	0	0	0	0	0	0	0	0	0	0	0	0	0	0	0	0	0	0	0
7.51	0	0	0	0	0	0	0	0	0	0	0	0	0	0	0	0	0	0	0	0
7.52	0	0	0	0	0	0	0	0	0	0	0	0	0	0	0	0	0	0	0	0
7.53	0	0	0	0	0	0	0	0	0	0	0	0	0	0	0	0	0	0	0	0
7.54	0	0	0	0	0	0	0	0	0	0	0	0	0	0	0	0	0	0	0	0
7.55	0	0	0	0	0	0	0	0	0	0	0	0	0	0	0	0	0	0	0	0
7.56	0	0	0	0	0	0	0	0	0	0	0	0	0	0	0	0	0	0	0	0
7.57	0	0	0	0	0	0	0	0	0	0	0	0	0	0	0	0	0	0	0	0
7.58	0	0	0	0	0	0	0	0	0	0	0	0	0	0	0	0	0	0	0	0
7.59	0	0	0	0	0	0	0	0	0	0	0	0	0	0	0	0	0	0	0	0
7.6	0	0	0	0	0	0	0	0	0	0	0	0	0	0	0	0	0	0	0	0
7.61	0	0	0	0	0	0	0	0	0	0	0	0	0	0	0	0	0	0	0	0
7.62	0	0	0	0	0	0	0	0	0	0	0	0	0	0	0	0	0	0	0	0
7.63	0	0	0	0	0	0	0	0	0	0	0	0	0	0	0	0	0	0	0	0
7.64	0	0	0	0	0	0	0	0	0	0	0	0	0	0	0	0	0	0	0	0
7.65	0	0	0	0	0	0	0	0	0	0	0	0	0	0	0	0	0	0	0	0
7.66	0	0	0	0	0	0	0	0	0	0	0	0	0	0	0	0	0	0	0	0
7.67	0	0	0	0	0	0	0	0	0	0	0	0	0	0	0	0	0	0	0	0
7.68	0	0	0	0	0	0	0	0	0	0	0	0	0	0	0	0	0	0	0	0
7.69	0	0	0	0	0	0	0	0	0	0	0	0	0	0	0	0	0	0	0	0
7.7	0	0	0	0	0	0	0	0	0	0	0	0	0	0	0	0	0	0	0	0
7.71	0	0	0	0	0	0	0	0	0	0	0	0	0	0	0	0	0	0	0	0
7.72	0	0	0	0	0	0	0	0	0	0	0	0	0	0	0	0	0	0	0	0
7.73	0	0	0	0	0	0	0	0	0	0	0	0	0	0	0	0	0	0	0	0
7.74	0	0	0	0	0	0	0	0	0	0	0	0	0	0	0	0	0	0	0	0
7.75	0	0	0	0	0	0	0	0	0	0	0	0	0	0	0	0	0	0	0	0
7.76	0	0	0	0	0	0	0	0	0	0	0	0	0	0	0	0	0	0	0	0
7.77	0	0	0	0	0	0	0	0	0	0	0	0	0	0	0	0	0	0	0	0
7.78	0	0	0	0	0	0	0	0	0	0	0	0	0	0	0	0	0	0	0	0
7.79	0	0	0	0	0	0	0	0	0	0	0	0	0	0	0	0	0	0	0	0
7.8	0	0	0	0	0	0	0	0	0	0	0	0	0	0	0	0	0	0	0	0
7.81	0	0	0	0	0	0	0	0	0	0	0	0	0	0	0	0	0	0	0	0
7.82	0	0	0	0	0	0	0	0	0	0	0	0	0	0	0	0	0	0	0	0
7.83	0	0	0	0	0	0	0	0	0	0	0	0	0	0	0	0	0	0	0	0
7.84	0	0	0	0	0	0	0	0	0	0	0	0	0	0	0	0	0	0	0	0
7.85	0	0	0	0	0	0	0	0	0	0	0	0	0	0	0	0	0	0	0	0
7.86	0	0	0	0	0	0	0	0	0	0	0	0	0	0	0	0	0	0	0	0
7.87	0	0	0	0	0	0	0	0	0	0	0	0	0	0	0	0	0	0	0	0
7.88	0	0	0	0	0	0	0	0	0	0	0	0	0	0	0	0	0	0	0	0
7.89	0	0	0	0	0	0	0	0	0	0	0	0	0	0	0	0	0	0	0	0
7.9	0	0	0	0	0	0	0	0	0	0	0	0	0	0	0	0	0	0	0	0
7.91	0	0	0	0	0	0	0	0	0	0	0	0	0	0	0	0	0	0	0	0
7.92	0	0	0	0	0	0	0	0	0	0	0	0	0	0	0	0	0	0	0	0
7.93	0	0	0	0	0	0	0	0	0	0	0	0	0	0	0	0	0	0	0	0
7.94	0	0	0	0	0	0	0	0	0	0	0	0	0	0	0	0	0	0	0	0
7.95	0	0	0	0	0	0	0	0	0	0	0	0	0	0	0	0	0	0	0	0
7.96	0	0	0	0	0	0	0	0	0	0	0	0	0	0	0	0	0	0	0	0
7.97	0	0	0	0	0	0	0	0	0	0	0	0	0	0	0	0	0	0	0	0
7.98	0	0	0	0	0	0	0	0	0	0	0	0	0	0	0	0	0	0	0	0
7.99	0	0	0	0	0	0	0	0	0	0	0	0	0	0	0	0	0	0	0	0
8	0	0	0	0	0	0	0	0	0	0	0	0	0	0	0	0	0	0	0	0
8.01	0	0	0	0	0	0	0	0	0	0	0	0	0	0	0	0	0	0	0	0
8.02	0	0	0	0	0	0	0	0	0	0	0	0	0	0	0	0	0	0	0	0
8.03	0	0	0	0	0	0	0	0	0	0	0	0	0	0	0	0	0	0	0	0
8.04	0	0	0	0	0	0	0	0	0	0	0	0	0	0	0	0	0	0	0	0
8.05	0	0	0	0	0	0	0	0	0	0	0	0	0	0	0	0	0	0	0	0
8.06	0	0	0	0	0	0	0	0	0	0	0	0	0	0	0	0	0	0	0	0
8.07	0	0	0	0	0	0	0	0	0	0	0	0	0	0	0	0	0	0	0	0
8.08	0	0	0	0	0	0	0	0	0	0	0	0	0	0	0	0	0	0	0	0
8.09	0	0	0	0	0	0	0	0	0	0	0	0	0	0	0	0	0	0	0	0
8.1	0	0	0	0	0	0	0	0	0	0	0	0	0	0	0	0	0	0	0	0
8.11	0	0	0	0	0	0	0	0	0	0	0	0	0	0	0	0	0	0	0	0
8.12	0	0	0	0	0	0	0	0	0	0	0	0	0	0	0	0	0	0	0	0
8.13	0	0	0	0	0	0	0	0	0	0	0	0	0	0	0	0	0	0	0	0
8.14	0	0	0	0	0	0	0	0	0	0	0	0	0	0	0	0	0	0	0	0
8.15	0	0	0	0	0	0	0	0	0	0	0	0	0	0	0	0	0	0	0	0
8.16	0	0	0	0	0	0	0	0	0	0	0	0	0	0	0	0	0	0	0	0
8.17	0	0	0	0	0	0	0	0	0	0	0	0	0	0	0	0	0	0	0	0
8.18	0	0	0	0	0	0	0	0	0	0	0	0	0	0	0	0	0	0	0	0
8.19	0	0	0	0	0	0	0	0	0	0	0	0	0	0	0	0	0	0	0	0
8.2	0	0	0	0	0	0	0	0	0	0	0	0	0	0	0	0	0	0	0	0
8.21	0	0	0	0	0	0	0	0	0	0	0	0	0	0	0	0	0	0	0	0
8.22	0	0	0	0	0	0	0	0	0	0	0	0	0	0	0	0	0	0	0	0
8.23	0	0	0	0	0	0	0	0	0	0	0	0	0	0	0	0	0	0	0	0
8.24	0	0	0	0	0	0	0	0	0	0	0	0	0	0	0	0	0	0	0	0
8.25	0	0	0	0	0	0	0	0	0	0	0	0	0	0	0	0	0	0	0	0
8.26	0	0	0	0	0	0	0	0	0	0	0	0	0	0	0	0	0	0	0	0
8.27	0	0	0	0	0	0	0	0	0	0	0	0	0	0	0	0	0	0	0	0
8.28	0	0	0	0	0	0	0	0	0	0	0	0	0	0	0	0	0	0	0	0
8.29	0	0	0	0	0	0	0	0	0	0	0	0	0	0	0	0	0	0	0	0
8.3	0	0	0	0	0	0	0	0	0	0	0	0	0	0	0	0	0	0	0	0
8.31	0	0	0	0	0	0	0	0	0	0	0	0	0	0	0	0	0	0	0	0
8.32	0	0	0	0	0	0	0	0	0	0	0	0	0	0	0	0	0	0	0	0
8.33	0	0	0	0	0	0	0	0	0	0	0	0	0	0	0	0	0	0	0	0
8.34	0	0	0	0	0	0	0	0	0	0	0	0	0	0	0	0	0	0	0	0
8.35	0	0	0	0	0	0	0	0	0	0	0	0	0	0	0	0	0	0	0	0
8.36	0	0	0	0	0	0	0	0	0	0	0	0	0	0	0	0	0	0	0	0
8.37	0	0	0	0	0	0	0	0	0	0	0	0	0	0	0	0	0	0	0	0
8.38	0	0	0	0	0	0	0	0	0	0	0	0	0	0	0	0	0	0	0	0
8.39	0	0	0	0	0	0	0	0	0	0	0	0	0	0	0	0	0	0	0	0
8.4	0	0	0	0	0	0	0	0	0	0	0	0	0	0	0	0	0	0	0	0
8.41	0	0	0	0	0	0	0	0	0	0	0	0	0	0	0	0	0	0	0	0
8.42	0	0	0	0	0	0	0	0	0	0	0	0	0	0	0	0	0	0	0	0
8.43	0	0	0	0	0	0	0	0	0	0	0	0	0	0	0	0	0	0	0	0
8.44	0	0	0	0	0	0	0	0	0	0	0	0	0	0	0	0	0	0	0	0
8.45	0	0	0	0	0	0	0	0	0	0	0	0	0	0	0	0	0	0	0	0
8.46	0	0	0	0	0	0	0	0	0	0	0	0	0	0	0	0	0	0	0	0
8.47	0	0	0	0	0	0	0	0	0	0	0	0	0	0	0	0	0	0	0	0
8.48	0	0	0	0	0	0	0	0	0	0	0	0	0	0	0	0	0	0	0	0
8.49	0	0	0	0	0	0	0	0	0	0	0	0	0	0	0	0	0	0	0	0
8.5	0	0	0	0	0	0	0	0	0	0	0	0	0	0	0	0	0	0	0	0
8.51	0	0	0	0	0	0	0	0	0	0	0	0	0	0	0	0	0	0	0	0
8.52	0	0	0	0	0	0	0	0	0	0	0	0	0	0	0	0	0	0	0	0
8.53	0	0	0	0	0	0	0	0	0	0	0	0	0	0	0	0	0	0	0	0
8.54	0	0	0	0	0	0	0	0	0	0	0	0	0	0	0	0	0	0	0	0
8.55	0	0	0	0	0	0	0	0	0	0	0	0	0	0	0	0	0	0	0	0
8.56	0	0	0	0	0	0	0	0	0	0	0	0	0	0	0	0	0	0	0	0
8.57	0	0	0	0	0	0	0	0	0	0	0	0	0	0	0	0	0	0	0	0
8.58	0	0	0	0	0	0	0	0	0	0	0	0	0	0	0	0	0	0	0	0
8.59	0	0	0	0	0	0	0	0	0	0	0	0	0	0	0	0	0	0	0	0
8.6	0	0	0	0	0	0	0	0	0	0	0	0	0	0	0	0	0	0	0	0
8.61	0	0	0	0	0	0	0	0	0	0	0	0	0	0	0	0	0	0	0	0
8.62	0	0	0	0	0	0	0	0	0	0	0	0	0	0	0	0	0	0	0	0
8.63	0	0	0	0	0	0	0	0	0	0	0	0	0	0	0	0	0	0	0	0
8.64	0	0	0	0	0	0	0	0	0	0	0	0	0	0	0	0	0	0	0	0
8.65	0	0	0	0	0	0	0	0	0	0	0	0	0	0	0	0	0	0	0	0
8.66	0	0	0	0	0	0	0	0	0	0	0	0	0	0	0	0	0	0	0	0
8.67	0	0	0	0	0	0	0	0	0	0	0	0	0	0	0	0	0	0	0	0
8.68	0	0	0	0	0	0	0	0	0	0	0	0	0	0	0	0	0	0	0	0
8.69	0	0	0	0	0	0	0	0	0	0	0	0	0	0	0	0	0	0	0	0
8.7	0	0	0	0	0	0	0	0	0	0	0	0	0	0	0	0	0	0	0	0
8.71	0	0	0	0	0	0	0	0	0	0	0	0	0	0	0	0	0	0	0	0
8.72	0	0	0	0	0	0	0	0	0	0	0	0	0	0	0	0	0	0	0	0
8.73	0	0	0	0	0	0	0	0	0	0	0	0	0	0	0	0	0	0	0	0
8.74	0	0	0	0	0	0	0	0	0	0	0	0	0	0	0	0	0	0	0	0
8.75	0	0	0	0	0	0	0	0	0	0	0	0	0	0	0	0	0	0	0	0
8.76	0	0	0	0	0	0	0	0	0	0	0	0	0	0	0	0	0	0	0	0
8.77	0	0	0	0	0	0	0	0	0	0	0	0	0	0	0	0	0	0	0	0
8.78	0	0	0	0	0	0	0	0	0	0	0	0	0	0	0	0	0	0	0	0
8.79	0	0	0	0	0	0	0	0	0	0	0	0	0	0	0	0	0	0	0	0
8.8	0	0	0	0	0	0	0	0	0	0	0	0	0	0	0	0	0	0	0	0
8.81	0	0	0	0	0	0	0	0	0	0	0	0	0	0	0	0	0	0	0	0
8.82	0	0	0	0	0	0	0	0	0	0	0	0	0	0	0	0	0	0	0	0
8.83	0	0	0	0	0	0	0	0	0	0	0	0	0	0	0	0	0	0	0	0
8.84	0	0	0	0	0	0	0	0	0	0	0	0	0	0	0	0	0	0	0	0
8.85	0	0	0	0	0	0	0	0	0	0	0	0	0	0	0	0	0	0	0	0
8.86	0	0	0	0	0	0	0	0	0	0	0	0	0	0	0	0	0	0	0	0
8.87	0	0	0	0	0	0	0	0	0	0	0	0	0	0	0	0	0	0	0	0
8.88	0	0	0	0	0	0	0	0	0	0	0	0	0	0	0	0	0	0	0	0
8.89	0	0	0	0	0	0	0	0	0	0	0	0	0	0	0	0	0	0	0	0
8.9	0	0	0	0	0	0	0	0	0	0	0	0	0	0	0	0	0	0	0	0
8.91	0	0	0	0	0	0	0	0	0	0	0	0	0	0	0	0	0	0	0	0
8.92	0	0	0	0	0	0	0	0	0	0	0	0	0	0	0	0	0	0	0	0
8.93	0	0	0	0	0	0	0	0	0	0	0	0	0	0	0	0	0	0	0	0
8.94	0	0	0	0	0	0	0	0	0	0	0	0	0	0	0	0	0	0	0	0
8.95	0	0	0	0	0	0	0	0	0	0	0	0	0	0	0	0	0	0	0	0
8.96	0	0	0	0	0	0	0	0	0	0	0	0	0	0	0	0	0	0	0	0
8.97	0	0	0	0	0	0	0	0	0	0	0	0	0	0	0	0	0	0	0	0
8.98	0	0	0	0	0	0	0	0	0	0	0	0	0	0	0	0	0	0	0	0
8.99	0	0	0	0	0	0	0	0	0	0	0	0	0	0	0	0	0	0	0	0
9	0	0	0	0	0	0	0	0	0	0	0	0	0	0	0	0	0	0	0	0
9.01	0	0	0	0	0	0	0	0	0	0	0	0	0	0	0	0	0	0	0	0
9.02	0	0	0	0	0	0	0	0	0	0	0	0	0	0	0	0	0	0	0	0
9.03	0	0	0	0	0	0	0	0	0	0	0	0	0	0	0	0	0	0	0	0
9.04	0	0	0	0	0	0	0	0	0	0	0	0	0	0	0	0	0	0	0	0
9.05	0	0	0	0	0	0	0	0	0	0	0	0	0	0	0	0	0	0	0	0
9.06	0	0	0	0	0	0	0	0	0	0	0	0	0	0	0	0	0	0	0	0
9.07	0	0	0	0	0	0	0	0	0	0	0	0	0	0	0	0	0	0	0	0
9.08	0	0	0	0	0	0	0	0	0	0	0	0	0	0	0	0	0	0	0	0
9.09	0	0	0	0	0	0	0	0	0	0	0	0	0	0	0	0	0	0	0	0
9.1	0	0	0	0	0	0	0	0	0	0	0	0	0	0	0	0	0	0	0	0
9.11	0	0	0	0	0	0	0	0	0	0	0	0	0	0	0	0	0	0	0	0
9.12	0	0	0	0	0	0	0	0	0	0	0	0	0	0	0	0	0	0	0	0
9.13	0	0	0	0	0	0	0	0	0	0	0	0	0	0	0	0	0	0	0	0
9.14	0	0	0	0	0	0	0	0	0	0	0	0	0	0	0	0	0	0	0	0
9.15	0	0	0	0	0	0	0	0	0	0	0	0	0	0	0	0	0	0	0	0
9.16	0	0	0	0	0	0	0	0	0	0	0	0	0	0	0	0	0	0	0	0
9.17	0	0	0	0	0	0	0	0	0	0	0	0	0	0	0	0	0	0	0	0
9.18	0	0	0	0	0	0	0	0	0	0	0	0	0	0	0	0	0	0	0	0
9.19	0	0	0	0	0	0	0	0	0	0	0	0	0	0	0	0	0	0	0	0
9.2	0	0	0	0	0	0	0	0	0	0	0	0	0	0	0	0	0	0	0	0
9.21	0	0	0	0	0	0	0	0	0	0	0	0	0	0	0	0	0	0	0	0
9.22	0	0	0	0	0	0	0	0	0	0	0	0	0	0	0	0	0	0	0	0
9.23	0	0	0	0	0	0	0	0	0	0	0	0	0	0	0	0	0	0	0	0
9.24	0	0	0	0	0	0	0	0	0	0	0	0	0	0	0	0	0	0	0	0
9.25	0	0	0	0	0	0	0	0	0	0	0	0	0	0	0	0	0	0	0	0
9.26	0	0	0	0	0	0	0	0	0	0	0	0	0	0	0	0	0	0	0	0
9.27	0	0	0	0	0	0	0	0	0	0	0	0	0	0	0	0	0	0	0	0
9.28	0	0	0	0	0	0	0	0	0	0	0	0	0	0	0	0	0	0	0	0
9.29	0	0	0	0	0	0	0	0	0	0	0	0	0	0	0	0	0	0	0	0
9.3	0	0	0	0	0	0	0	0	0	0	0	0	0	0	0	0	0	0	0	0
9.31	0	0	0	0	0	0	0	0	0	0	0	0	0	0	0	0	0	0	0	0
9.32	0	0	0	0	0	0	0	0	0	0	0	0	0	0	0	0	0	0	0	0
9.33	0	0	0	0	0	0	0	0	0	0	0	0	0	0	0	0	0	0	0	0
9.34	0	0	0	0	0	0	0	0	0	0	0	0	0	0	0	0	0	0	0	0
9.35	0	0	0	0	0	0	0	0	0	0	0	0	0	0	0	0	0	0	0	0
9.36	0	0	0	0	0	0	0	0	0	0	0	0	0	0	0	0	0	0	0	0
9.37	0	0	0	0	0	0	0	0	0	0	0	0	0	0	0	0	0	0	0	0
9.38	0	0	0	0	0	0	0	0	0	0	0	0	0	0	0	0	0	0	0	0
9.39	0	0	0	0	0	0	0	0	0	0	0	0	0	0	0	0	0	0	0	0
9.4	0	0	0	0	0	0	0	0	0	0	0	0	0	0	0	0	0	0	0	0
9.41	0	0	0	0	0	0	0	0	0	0	0	0	0	0	0	0	0	0	0	0
9.42	0	0	0	0	0	0	0	0	0	0	0	0	0	0	0	0	0	0	0	0
9.43	0	0	0	0	0	0	0	0	0	0	0	0	0	0	0	0	0	0	0	0
9.44	0	0	0	0	0	0	0	0	0	0	0	0	0	0	0	0	0	0	0	0
9.45	0	0	0	0	0	0	0	0	0	0	0	0	0	0	0	0	0	0	0	0
9.46	0	0	0	0	0	0	0	0	0	0	0	0	0	0	0	0	0	0	0	0
9.47	0	0	0	0	0	0	0	0	0	0	0	0	0	0	0	0	0	0	0	0
9.48	0	0	0	0	0	0	0	0	0	0	0	0	0	0	0	0	0	0	0	0
9.49	0	0	0	0	0	0	0	0	0	0	0	0	0	0	0	0	0	0	0	0
9.5	0	0	0	0	0	0	0	0	0	0	0	0	0	0	0	0	0	0	0	0
9.51	0	0	0	0	0	0	0	0	0	0	0	0	0	0	0	0	0	0	0	0
9.52	0	0	0	0	0	0	0	0	0	0	0	0	0	0	0	0	0	0	0	0
9.53	0	0	0	0	0	0	0	0	0	0	0	0	0	0	0	0	0	0	0	0
9.54	0	0	0	0	0	0	0	0	0	0	0	0	0	0	0	0	0	0	0	0
9.55	0	0	0	0	0	0	0	0	0	0	0	0	0	0	0	0	0	0	0	0
9.56	0	0	0	0	0	0	0	0	0	0	0	0	0	0	0	0	0	0	0	0
9.57	0	0	0	0	0	0	0	0	0	0	0	0	0	0	0	0	0	0	0	0
9.58	0	0	0	0	0	0	0	0	0	0	0	0	0	0	0	0	0	0	0	0
9.59	0	0	0	0	0	0	0	0	0	0	0	0	0	0	0	0	0	0	0	0
9.6	0	0	0	0	0	0	0	0	0	0	0	0	0	0	0	0	0	0	0	0
9.61	0	0	0	0	0	0	0	0	0	0	0	0	0	0	0	0	0	0	0	0
9.62	0	0	0	0	0	0	0	0	0	0	0	0	0	0	0	0	0	0	0	0
9.63	0	0	0	0	0	0	0	0	0	0	0	0	0	0	0	0	0	0	0	0
9.64	0	0	0	0	0	0	0	0	0	0	0	0	0	0	0	0	0	0	0	0
9.65	0	0	0	0	0	0	0	0	0	0	0	0	0	0	0	0	0	0	0	0
9.66	0	0	0	0	0	0	0	0	0	0	0	0	0	0	0	0	0	0	0	0
9.67	0	0	0	0	0	0	0	0	0	0	0	0	0	0	0	0	0	0	0	0
9.68	0	0	0	0	0	0	0	0	0	0	0	0	0	0	0	0	0	0	0	0
9.69	0	0	0	0	0	0	0	0	0	0	0	0	0	0	0	0	0	0	0	0
9.7	0	0	0	0	0	0	0	0	0	0	0	0	0	0	0	0	0	0	0	0
9.71	0	0	0	0	0	0	0	0	0	0	0	0	0	0	0	0	0	0	0	0
9.72	0	0	0	0	0	0	0	0	0	0	0	0	0	0	0	0	0	0	0	0
9.73	0	0	0	0	0	0	0	0	0	0	0	0	0	0	0	0	0	0	0	0
9.74	0	0	0	0	0	0	0	0	0	0	0	0	0	0	0	0	0	0	0	0
9.75	0	0	0	0	0	0	0	0	0	0	0	0	0	0	0	0	0	0	0	0
9.76	0	0	0	0	0	0	0	0	0	0	0	0	0	0	0	0	0	0	0	0
9.77	0	0	0	0	0	0	0	0	0	0	0	0	0	0	0	0	0	0	0	0
9.78	0	0	0	0	0	0	0	0	0	0	0	0	0	0	0	0	0	0	0	0
9.79	0	0	0	0	0	0	0	0	0	0	0	0	0	0	0	0	0	0	0	0
9.8	0	0	0	0	0	0	0	0	0	0	0	0	0	0	0	0	0	0	0	0
9.81	0	0	0	0	0	0	0	0	0	0	0	0	0	0	0	0	0	0	0	0
9.82	0	0	0	0	0	0	0	0	0	0	0	0	0	0	0	0	0	0	0	0
9.83	0	0	0	0	0	0	0	0	0	0	0	0	0	0	0	0	0	0	0	0
9.84	0	0	0	0	0	0	0	0	0	0	0	0	0	0	0	0	0	0	0	0
9.85	0	0	0	0	0	0	0	0	0	0	0	0	0	0	0	0	0	0	0	0
9.86	0	0	0	0	0	0	0	0	0	0	0	0	0	0	0	0	0	0	0	0
9.87	0	0	0	0	0	0	0	0	0	0	0	0	0	0	0	0	0	0	0	0
9.88	0	0	0	0	0	0	0	0	0	0	0	0	0	0	0	0	0	0	0	0
9.89	0	0	0	0	0	0	0	0	0	0	0	0	0	0	0	0	0	0	0	0
9.9	0	0	0	0	0	0	0	0	0	0	0	0	0	0	0	0	0	0	0	0
9.91	0	0	0	0	0	0	0	0	0	0	0	0	0	0	0	0	0	0	0	0
9.92	0	0	0	0	0	0	0	0	0	0	0	0	0	0	0	0	0	0	0	0
9.93	0	0	0	0	0	0	0	0	0	0	0	0	0	0	0	0	0	0	0	0
9.94	0	0	0	0	0	0	0	0	0	0	0	0	0	0	0	0	0	0	0	0
9.95	0	0	0	0	0	0	0	0	0	0	0	0	0	0	0	0	0	0	0	0
9.96	0	0	0	0	0	0	0	0	0	0	0	0	0	0	0	0	0	0	0	0
9.97	0	0	0	0	0	0	0	0	0	0	0	0	0	0	0	0	0	0	0	0
9.98	0	0	0	0	0	0	0	0	0	0	0	0	0	0	0	0	0	0	0	0
9.99	0	0	0	0	0	0	0	0	0	0	0	0	0	0	0	0	0	0	0	0
10	0	0	0	0	0	0	0	0	0	0	0	0	0	0	0	0	0	0	0	0
10.01	0	0	0	0	0	0	0	0	0	0	0	0	0	0	0	0	0	0	0	0
10.02	0	0	0	0	0	0	0	0	0	0	0	0	0	0	0	0	0	0	0	0
10.03	0	0	0	0	0	0	0	0	0	0	0	0	0	0	0	0	0	0	0	0
10.04	0	0	0	0	0	0	0	0	0	0	0	0	0	0	0	0	0	0	0	0
10.05	0	0	0	0	0	0	0	0	0	0	0	0	0	0	0	0	0	0	0	0
10.06	0	0	0	0	0	0	0	0	0	0	0	0	0	0	0	0	0	0	0	0
10.07	0	0	0	0	0	0	0	0	0	0	0	0	0	0	0	0	0	0	0	0
10.08	0	0	0	0	0	0	0	0	0	0	0	0	0	0	0	0	0	0	0	0
10.09	0	0	0	0	0	0	0	0	0	0	0	0	0	0	0	0	0	0	0	0
10.1	0	0	0	0	0	0	0	0	0	0	0	0	0	0	0	0	0	0	0	0
10.11	0	0	0	0	0	0	0	0	0	0	0	0	0	0	0	0	0	0	0	0
10.12	0	0	0	0	0	0	0	0	0	0	0	0	0	0	0	0	0	0	0	0
10.13	0	0	0	0	0	0	0	0	0	0	0	0	0	0	0	0	0	0	0	0
10.14	0	0	0	0	0	0	0	0	0	0	0	0	0	0	0	0	0	0	0	0
10.15	0	0	0	0	0	0	0	0	0	0	0	0	0	0	0	0	0	0	0	0
10.16	0	0	0	0	0	0	0	0	0	0	0	0	0	0	0	0	0	0	0	0
10.17	0	0	0	0	0	0	0	0	0	0	0	0	0	0	0	0	0	0	0	0
10.18	0	0	0	0	0	0	0	0	0	0	0	0	0	0	0	0	0	0	0	0
10.19	0	0	0	0	0	0	0	0	0	0	0	0	0	0	0	0	0	0	0	0
10.2	0	0	0	0	0	0	0	0	0	0	0	0	0	0	0	0	0	0	0	0
10.21	0	0	0	0	0	0	0	0	0	0	0	0	0	0	0	0	0	0	0	0
10.22	0	0	0	0	0	0	0	0	0	0	0	0	0	0	0	0	0	0	0	0
10.23	0	0	0	0	0	0	0	0	0	0	0	0	0	0	0	0	0	0	0	0
10.24	0	0	0	0	0	0	0	0	0	0	0	0	0	0	0	0	0	0	0	0
10.25	0	0	0	0	0	0	0	0	0	0	0	0	0	0	0	0	0	0	0	0
10.26	0	0	0	0	0	0	0	0	0	0	0	0	0	0	0	0	0	0	0	0
10.27	0	0	0	0	0	0	0	0	0	0	0	0	0	0	0	0	0	0	0	0
10.28	0	0	0	0	0	0	0	0	0	0	0	0	0	0	0	0	0	0	0	0
10.29	0	0	0	0	0	0	0	0	0	0	0	0	0	0	0	0	0	0	0	0
10.3	0	0	0	0	0	0	0	0	0	0	0	0	0	0	0	0	0	0	0	0
10.31	0	0	0	0	0	0	0	0	0	0	0	0	0	0	0	0	0	0	0	0
10.32	0	0	0	0	0	0	0	0	0	0	0	0	0	0	0	0	0	0	0	0
10.33	0	0	0	0	0	0	0	0	0	0	0	0	0	0	0	0	0	0	0	0
10.34	0	0	0	0	0	0	0	0	0	0	0	0	0	0	0	0	0	0	0	0
10.35	0	0	0	0	0	0	0	0	0	0	0	0	0	0	0	0	0	0	0	0
10.36	0	0	0	0	0	0	0	0	0	0	0	0	0	0	0	0	0	0	0	0
10.37	0	0	0	0	0	0	0	0	0	0	0	0	0	0	0	0	0	0	0	0
10.38	0	0	0	0	0	0	0	0	0	0	0	0	0	0	0	0	0	0	0	0
10.39	0	0	0	0	0	0	0	0	0	0	0	0	0	0	0	0	0	0	0	0
10.4	0	0	0	0	0	0	0	0	0	0	0	0	0	0	0	0	0	0	0	0
10.41	0	0	0	0	0	0	0	0	0	0	0	0	0	0	0	0	0	0	0	0
10.42	0	0	0	0	0	0	0	0	0	0	0	0	0	0	0	0	0	0	0	0
10.43	0	0	0	0	0	0	0	0	0	0	0	0	0	0	0	0	0	0	0	0
10.44	0	0	0	0	0	0	0	0	0	0	0	0	0	0	0	0	0	0	0	0
10.45	0	0	0	0	0	0	0	0	0	0	0	0	0	0	0	0	0	0	0	0
10.46	0	0	0	0	0	0	0	0	0	0	0	0	0	0	0	0	0	0	0	0
10.47	0	0	0	0	0	0	0	0	0	0	0	0	0	0	0	0	0	0	0	0
10.48	0	0	0	0	0	0	0	0	0	0	0	0	0	0	0	0	0	0	0	0
10.49	0	0	0	0	0	0	0	0	0	0	0	0	0	0	0	0	0	0	0	0
10.5	0	0	0	0	0	0	0	0	0	0	0	0	0	0	0	0	0	0	0	0
10.51	0	0	0	0	0	0	0	0	0	0	0	0	0	0	0	0	0	0	0	0
10.52	0	0	0	0	0	0	0	0	0	0	0	0	0	0	0	0	0	0	0	0
10.53	0	0	0	0	0	0	0	0	0	0	0	0	0	0	0	0	0	0	0	0
10.54	0	0	0	0	0	0	0	0	0	0	0	0	0	0	0	0	0	0	0	0
10.55	0	0	0	0	0	0	0	0	0	0	0	0	0	0	0	0	0	0	0	0
10.56	0	0	0	0	0	0	0	0	0	0	0	0	0	0	0	0	0	0	0	0
10.57	0	0	0	0	0	0	0	0	0	0	0	0	0	0	0	0	0	0	0	0
10.58	0	0	0	0	0	0	0	0	0	0	0	0	0	0	0	0	0	0	0	0
10.59	0	0	0	0	0	0	0	0	0	0	0	0	0	0	0	0	0	0	0	0
10.6	0	0	0	0	0	0	0	0	0	0	0	0	0	0	0	0	0	0	0	0
10.61	0	0	0	0	0	0	0	0	0	0	0	0	0	0	0	0	0	0	0	0
10.62	0	0	0	0	0	0	0	0	0	0	0	0	0	0	0	0	0	0	0	0
10.63	0	0	0	0	0	0	0	0	0	0	0	0	0	0	0	0	0	0	0	0
10.64	0	0	0	0	0	0	0	0	0	0	0	0	0	0	0	0	0	0	0	0
10.65	0	0	0	0	0	0	0	0	0	0	0	0	0	0	0	0	0	0	0	0
10.66	0	0	0	0	0	0	0	0	0	0	0	0	0	0	0	0	0	0	0	0
10.67	0	0	0	0	0	0	0	0	0	0	0	0	0	0	0	0	0	0	0	0
10.68	0	0	0	0	0	0	0	0	0	0	0	0	0	0	0	0	0	0	0	0
10.69	0	0	0	0	0	0	0	0	0	0	0	0	0	0	0	0	0	0	0	0
10.7	0	0	0	0	0	0	0	0	0	0	0	0	0	0	0	0	0	0	0	0
10.71	0	0	0	0	0	0	0	0	0	0	0	0	0	0	0	0	0	0	0	0
10.72	0	0	0	0	0	0	0	0	0	0	0	0	0	0	0	0	0	0	0	0
10.73	0	0	0	0	0	0	0	0	0	0	0	0	0	0	0	0	0	0	0	0
10.74	0	0	0	0	0	0	0	0	0	0	0	0	0	0	0	0	0	0	0	0
10.75	0	0	0	0	0	0	0	0	0	0	0	0	0	0	0	0	0	0	0	0
10.76	0	0	0	0	0	0	0	0	0	0	0	0	0	0	0	0	0	0	0	0
10.77	0	0	0	0	0	0	0	0	0	0	0	0	0	0	0	0	0	0	0	0
10.78	0	0	0	0	0	0	0	0	0	0	0	0	0	0	0	0	0	0	0	0
10.79	0	0	0	0	0	0	0	0	0	0	0	0	0	0	0	0	0	0	0	0
10.8	0	0	0	0	0	0	0	0	0	0	0	0	0	0	0	0	0	0	0	0
10.81	0	0	0	0	0	0	0	0	0	0	0	0	0	0	0	0	0	0	0	0
10.82	0	0	0	0	0	0	0	0	0	0	0	0	0	0	0	0	0	0	0	0
10.83	0	0	0	0	0	0	0	0	0	0	0	0	0	0	0	0	0	0	0	0
10.84	0	0	0	0	0	0	0	0	0	0	0	0	0	0	0	0	0	0	0	0
10.85	0	0	0	0	0	0	0	0	0	0	0	0	0	0	0	0	0	0	0	0
10.86	0	0	0	0	0	0	0	0	0	0	0	0	0	0	0	0	0	0	0	0
10.87	0	0	0	0	0	0	0	0	0	0	0	0	0	0	0	0	0	0	0	0
10.88	0	0	0	0	0	0	0	0	0	0	0	0	0	0	0	0	0	0	0	0
10.89	0	0	0	0	0	0	0	0	0	0	0	0	0	0	0	0	0	0	0	0
10.9	0	0	0	0	0	0	0	0	0	0	0	0	0	0	0	0	0	0	0	0
10.91	0	0	0	0	0	0	0	0	0	0	0	0	0	0	0	0	0	0	0	0
10.92	0	0	0	0	0	0	0	0	0	0	0	0	0	0	0	0	0	0	0	0
10.93	0	0	0	0	0	0	0	0	0	0	0	0	0	0	0	0	0	0	0	0
10.94	0	0	0	0	0	0	0	0	0	0	0	0	0	0	0	0	0	0	0	0
10.95	0	0	0	0	0	0	0	0	0	0	0	0	0	0	0	0	0	0	0	0
10.96	0	0	0	0	0	0	0	0	0	0	0	0	0	0	0	0	0	0	0	0
10.97	0	0	0	0	0	0	0	0	0	0	0	0	0	0	0	0	0	0	0	0
10.98	0	0	0	0	0	0	0	0	0	0	0	0	0	0	0	0	0	0	0	0
10.99	0	0	0	0	0	0	0	0	0	0	0	0	0	0	0	0	0	0	0	0
11	0	0	0	0	0	0	0	0	0	0	0	0	0	0	0	0	0	0	0	0
11.01	0	0	0	0	0	0	0	0	0	0	0	0	0	0	0	0	0	0	0	0
11.02	0	0	0	0	0	0	0	0	0	0	0	0	0	0	0	0	0	0	0	0
11.03	0	0	0	0	0	0	0	0	0	0	0	0	0	0	0	0	0	0	0	0
11.04	0	0	0	0	0	0	0	0	0	0	0	0	0	0	0	0	0	0	0	0
11.05	0	0	0	0	0	0	0	0	0	0	0	0	0	0	0	0	0	0	0	0
11.06	0	0	0	0	0	0	0	0	0	0	0	0	0	0	0	0	0	0	0	0
11.07	0	0	0	0	0	0	0	0	0	0	0	0	0	0	0	0	0	0	0	0
11.08	0	0	0	0	0	0	0	0	0	0	0	0	0	0	0	0	0	0	0	0
11.09	0	0	0	0	0	0	0	0	0	0	0	0	0	0	0	0	0	0	0	0
11.1	0	0	0	0	0	0	0	0	0	0	0	0	0	0	0	0	0	0	0	0
11.11	0	0	0	0	0	0	0	0	0	0	0	0	0	0	0	0	0	0	0	0
11.12	0	0	0	0	0	0	0	0	0	0	0	0	0	0	0	0	0	0	0	0
11.13	0	0	0	0	0	0	0	0	0	0	0	0	0	0	0	0	0	0	0	0
11.14	0	0	0	0	0	0	0	0	0	0	0	0	0	0	0	0	0	0	0	0
11.15	0	0	0	0	0	0	0	0	0	0	0	0	0	0	0	0	0	0	0	0
11.16	0	0	0	0	0	0	0	0	0	0	0	0	0	0	0	0	0	0	0	0
11.17	0	0	0	0	0	0	0	0	0	0	0	0	0	0	0	0	0	0	0	0
11.18	0	0	0	0	0	0	0	0	0	0	0	0	0	0	0	0	0	0	0	0
11.19	0	0	0	0	0	0	0	0	0	0	0	0	0	0	0	0	0	0	0	0
11.2	0	0	0	0	0	0	0	0	0	0	0	0	0	0	0	0	0	0	0	0
11.21	0	0	0	0	0	0	0	0	0	0	0	0	0	0	0	0	0	0	0	0
11.22	0	0	0	0	0	0	0	0	0	0	0	0	0	0	0	0	0	0	0	0
11.23	0	0	0	0	0	0	0	0	0	0	0	0	0	0	0	0	0	0	0	0
11.24	0	0	0	0	0	0	0	0	0	0	0	0	0	0	0	0	0	0	0	0
11.25	0	0	0	0	0	0	0	0	0	0	0	0	0	0	0	0	0	0	0	0
11.26	0	0	0	0	0	0	0	0	0	0	0	0	0	0	0	0	0	0	0	0
11.27	0	0	0	0	0	0	0	0	0	0	0	0	0	0	0	0	0	0	0	0
11.28	0	0	0	0	0	0	0	0	0	0	0	0	0	0	0	0	0	0	0	0
11.29	0	0	0	0	0	0	0	0	0	0	0	0	0	0	0	0	0	0	0	0
11.3	0	0	0	0	0	0	0	0	0	0	0	0	0	0	0	0	0	0	0	0
11.31	0	0	0	0	0	0	0	0	0	0	0	0	0	0	0	0	0	0	0	0
11.32	0	0	0	0	0	0	0	0	0	0	0	0	0	0	0	0	0	0	0	0
11.33	0	0	0	0	0	0	0	0	0	0	0	0	0	0	0	0	0	0	0	0
11.34	0	0	0	0	0	0	0	0	0	0	0	0	0	0	0	0	0	0	0	0
11.35	0	0	0	0	0	0	0	0	0	0	0	0	0	0	0	0	0	0	0	0
11.36	0	0	0	0	0	0	0	0	0	0	0	0	0	0	0	0	0	0	0	0
11.37	0	0	0	0	0	0	0	0	0	0	0	0	0	0	0	0	0	0	0	0
11.38	0	0	0	0	0	0	0	0	0	0	0	0	0	0	0	0	0	0	0	0
11.39	0	0	0	0	0	0	0	0	0	0	0	0	0	0	0	0	0	0	0	0
11.4	0	0	0	0	0	0	0	0	0	0	0	0	0	0	0	0	0	0	0	0
11.41	0	0	0	0	0	0	0	0	0	0	0	0	0	0	0	0	0	0	0	0
11.42	0	0	0	0	0	0	0	0	0	0	0	0	0	0	0	0	0	0	0	0
11.43	0	0	0	0	0	0	0	0	0	0	0	0	0	0	0	0	0	0	0	0
11.44	0	0	0	0	0	0	0	0	0	0	0	0	0	0	0	0	0	0	0	0
11.45	0	0	0	0	0	0	0	0	0	0	0	0	0	0	0	0	0	0	0	0
11.46	0	0	0	0	0	0	0	0	0	0	0	0	0	0	0	0	0	0	0	0
11.47	0	0	0	0	0	0	0	0	0	0	0	0	0	0	0	0	0	0	0	0
11.48	0	0	0	0	0	0	0	0	0	0	0	0	0	0	0	0	0	0	0	0
11.49	0	0	0	0	0	0	0	0	0	0	0	0	0	0	0	0	0	0	0	0
11.5	0	0	0	0	0	0	0	0	0	0	0	0	0	0	0	0	0	0	0	0
11.51	0	0	0	0	0	0	0	0	0	0	0	0	0	0	0	0	0	0	0	0
11.52	0	0	0	0	0	0	0	0	0	0	0	0	0	0	0	0	0	0	0	0
11.53	0	0	0	0	0	0	0	0	0	0	0	0	0	0	0	0	0	0	0	0
11.54	0	0	0	0	0	0	0	0	0	0	0	0	0	0	0	0	0	0	0	0
11.55	0	0	0	0	0	0	0	0	0	0	0	0	0	0	0	0	0	0	0	0
11.56	0	0	0	0	0	0	0	0	0	0	0	0	0	0	0	0	0	0	0	0
11.57	0	0	0	0	0	0	0	0	0	0	0	0	0	0	0	0	0	0	0	0
11.58	0	0	0	0	0	0	0	0	0	0	0	0	0	0	0	0	0	0	0	0
11.59	0	0	0	0	0	0	0	0	0	0	0	0	0	0	0	0	0	0	0	0
11.6	0	0	0	0	0	0	0	0	0	0	0	0	0	0	0	0	0	0	0	0
11.61	0	0	0	0	0	0	0	0	0	0	0	0	0	0	0	0	0	0	0	0
11.62	0	0	0	0	0	0	0	0	0	0	0	0	0	0	0	0	0	0	0	0
11.63	0	0	0	0	0	0	0	0	0	0	0	0	0	0	0	0	0	0	0	0
11.64	0	0	0	0	0	0	0	0	0	0	0	0	0	0	0	0	0	0	0	0
11.65	0	0	0	0	0	0	0	0	0	0	0	0	0	0	0	0	0	0	0	0
11.66	0	0	0	0	0	0	0	0	0	0	0	0	0	0	0	0	0	0	0	0
11.67	0	0	0	0	0	0	0	0	0	0	0	0	0	0	0	0	0	0	0	0
11.68	0	0	0	0	0	0	0	0	0	0	0	0	0	0	0	0	0	0	0	0
11.69	0	0	0	0	0	0	0	0	0	0	0	0	0	0	0	0	0	0	0	0
11.7	0	0	0	0	0	0	0	0	0	0	0	0	0	0	0	0	0	0	0	0
11.71	0	0	0	0	0	0	0	0	0	0	0	0	0	0	0	0	0	0	0	0
11.72	0	0	0	0	0	0	0	0	0	0	0	0	0	0	0	0	0	0	0	0
11.73	0	0	0	0	0	0	0	0	0	0	0	0	0	0	0	0	0	0	0	0
11.74	0	0	0	0	0	0	0	0	0	0	0	0	0	0	0	0	0	0	0	0
11.75	0	0	0	0	0	0	0	0	0	0	0	0	0	0	0	0	0	0	0	0
11.76	0	0	0	0	0	0	0	0	0	0	0	0	0	0	0	0	0	0	0	0
11.77	0	0	0	0	0	0	0	0	0	0	0	0	0	0	0	0	0	0	0	0
11.78	0	0	0	0	0	0	0	0	0	0	0	0	0	0	0	0	0	0	0	0
11.79	0	0	0	0	0	0	0	0	0	0	0	0	0	0	0	0	0	0	0	0
11.8	0	0	0	0	0	0	0	0	0	0	0	0	0	0	0	0	0	0	0	0
11.81	0	0	0	0	0	0	0	0	0	0	0	0	0	0	0	0	0	0	0	0
11.82	0	0	0	0	0	0	0	0	0	0	0	0	0	0	0	0	0	0	0	0
11.83	0	0	0	0	0	0	0	0	0	0	0	0	0	0	0	0	0	0	0	0
11.84	0	0	0	0	0	0	0	0	0	0	0	0	0	0	0	0	0	0	0	0
11.85	0	0	0	0	0	0	0	0	0	0	0	0	0	0	0	0	0	0	0	0
11.86	0	0	0	0	0	0	0	0	0	0	0	0	0	0	0	0	0	0	0	0
11.87	0	0	0	0	0	0	0	0	0	0	0	0	0	0	0	0	0	0	0	0
11.88	0	0	0	0	0	0	0	0	0	0	0	0	0	0	0	0	0	0	0	0
11.89	0	0	0	0	0	0	0	0	0	0	0	0	0	0	0	0	0	0	0	0
11.9	0	0	0	0	0	0	0	0	0	0	0	0	0	0	0	0	0	0	0	0
11.91	0	0	0	0	0	0	0	0	0	0	0	0	0	0	0	0	0	0	0	0
11.92	0	0	0	0	0	0	0	0	0	0	0	0	0	0	0	0	0	0	0	0
11.93	0	0	0	0	0	0	0	0	0	0	0	0	0	0	0	0	0	0	0	0
11.94	0	0	0	0	0	0	0	0	0	0	0	0	0	0	0	0	0	0	0	0
11.95	0	0	0	0	0	0	0	0	0	0	0	0	0	0	0	0	0	0	0	0
11.96	0	0	0	0	0	0	0	0	0	0	0	0	0	0	0	0	0	0	0	0
11.97	0	0	0	0	0	0	0	0	0	0	0	0	0	0	0	0	0	0	0	0
11.98	0	0	0	0	0	0	0	0	0	0	0	0	0	0	0	0	0	0	0	0
11.99	0	0	0	0	0	0	0	0	0	0	0	0	0	0	0	0	0	0	0	0
12	0	0	0	0	0	0	0	0	0	0	0	0	0	0	0	0	0	0	0	0
