# SCAN started at: 2019-02-13 18:44:05
# Elen_Scan Mass: 97.9 Resolution: 30
# ----------------------------------------
# 
10.5	9.507e-07	9.516e-07	9.49e-07	9.532e-07	9.454e-07	9.403e-07	9.327e-07	9.342e-07	9.36e-07	9.389e-07	9.263e-07	9.356e-07	9.272e-07	9.272e-07	9.236e-07
10.51	9.507e-07	9.516e-07	9.49e-07	9.532e-07	9.454e-07	9.403e-07	9.327e-07	9.342e-07	9.36e-07	9.389e-07	9.263e-07	9.356e-07	9.272e-07	9.272e-07	9.236e-07
10.52	9.507e-07	9.516e-07	9.49e-07	9.532e-07	9.454e-07	9.403e-07	9.327e-07	9.342e-07	9.36e-07	9.389e-07	9.263e-07	9.356e-07	9.272e-07	9.272e-07	9.236e-07
10.53	9.507e-07	9.516e-07	9.49e-07	9.532e-07	9.454e-07	9.403e-07	9.327e-07	9.342e-07	9.36e-07	9.389e-07	9.263e-07	9.356e-07	9.272e-07	9.272e-07	9.236e-07
10.54	9.507e-07	9.516e-07	9.49e-07	9.532e-07	9.454e-07	9.403e-07	9.327e-07	9.342e-07	9.36e-07	9.389e-07	9.263e-07	9.356e-07	9.272e-07	9.272e-07	9.236e-07
10.55	9.507e-07	9.516e-07	9.49e-07	9.532e-07	9.454e-07	9.403e-07	9.327e-07	9.342e-07	9.36e-07	9.389e-07	9.263e-07	9.356e-07	9.272e-07	9.272e-07	9.236e-07
10.56	9.507e-07	9.516e-07	9.49e-07	9.532e-07	9.454e-07	9.403e-07	9.327e-07	9.342e-07	9.36e-07	9.389e-07	9.263e-07	9.356e-07	9.272e-07	9.272e-07	9.236e-07
10.57	9.507e-07	9.516e-07	9.49e-07	9.532e-07	9.454e-07	9.403e-07	9.327e-07	9.342e-07	9.36e-07	9.389e-07	9.263e-07	9.356e-07	9.272e-07	9.272e-07	9.236e-07
10.58	9.507e-07	9.516e-07	9.49e-07	9.532e-07	9.454e-07	9.403e-07	9.327e-07	9.342e-07	9.36e-07	9.389e-07	9.263e-07	9.356e-07	9.272e-07	9.272e-07	9.236e-07
10.59	9.507e-07	9.516e-07	9.49e-07	9.532e-07	9.454e-07	9.403e-07	9.327e-07	9.342e-07	9.36e-07	9.389e-07	9.263e-07	9.356e-07	9.272e-07	9.272e-07	9.236e-07
10.6	9.584e-07	9.604e-07	9.498e-07	9.532e-07	9.457e-07	9.41e-07	9.407e-07	9.338e-07	9.409e-07	9.385e-07	9.308e-07	9.318e-07	9.295e-07	9.275e-07	9.195e-07
10.61	9.584e-07	9.604e-07	9.498e-07	9.532e-07	9.457e-07	9.41e-07	9.407e-07	9.338e-07	9.409e-07	9.385e-07	9.308e-07	9.318e-07	9.295e-07	9.275e-07	9.195e-07
10.62	9.584e-07	9.604e-07	9.498e-07	9.532e-07	9.457e-07	9.41e-07	9.407e-07	9.338e-07	9.409e-07	9.385e-07	9.308e-07	9.318e-07	9.295e-07	9.275e-07	9.195e-07
10.63	9.584e-07	9.604e-07	9.498e-07	9.532e-07	9.457e-07	9.41e-07	9.407e-07	9.338e-07	9.409e-07	9.385e-07	9.308e-07	9.318e-07	9.295e-07	9.275e-07	9.195e-07
10.64	9.584e-07	9.604e-07	9.498e-07	9.532e-07	9.457e-07	9.41e-07	9.407e-07	9.338e-07	9.409e-07	9.385e-07	9.308e-07	9.318e-07	9.295e-07	9.275e-07	9.195e-07
10.65	9.584e-07	9.604e-07	9.498e-07	9.532e-07	9.457e-07	9.41e-07	9.407e-07	9.338e-07	9.409e-07	9.385e-07	9.308e-07	9.318e-07	9.295e-07	9.275e-07	9.195e-07
10.66	9.584e-07	9.604e-07	9.498e-07	9.532e-07	9.457e-07	9.41e-07	9.407e-07	9.338e-07	9.409e-07	9.385e-07	9.308e-07	9.318e-07	9.295e-07	9.275e-07	9.195e-07
10.67	9.584e-07	9.604e-07	9.498e-07	9.532e-07	9.457e-07	9.41e-07	9.407e-07	9.338e-07	9.409e-07	9.385e-07	9.308e-07	9.318e-07	9.295e-07	9.275e-07	9.195e-07
10.68	9.584e-07	9.604e-07	9.498e-07	9.532e-07	9.457e-07	9.41e-07	9.407e-07	9.338e-07	9.409e-07	9.385e-07	9.308e-07	9.318e-07	9.295e-07	9.275e-07	9.195e-07
10.69	9.584e-07	9.604e-07	9.498e-07	9.532e-07	9.457e-07	9.41e-07	9.407e-07	9.338e-07	9.409e-07	9.385e-07	9.308e-07	9.318e-07	9.295e-07	9.275e-07	9.195e-07
10.7	9.569e-07	9.512e-07	9.498e-07	9.494e-07	9.419e-07	9.425e-07	9.369e-07	9.356e-07	9.392e-07	9.347e-07	9.308e-07	9.322e-07	9.213e-07	9.324e-07	9.243e-07
10.71	9.569e-07	9.512e-07	9.498e-07	9.494e-07	9.419e-07	9.425e-07	9.369e-07	9.356e-07	9.392e-07	9.347e-07	9.308e-07	9.322e-07	9.213e-07	9.324e-07	9.243e-07
10.72	9.569e-07	9.512e-07	9.498e-07	9.494e-07	9.419e-07	9.425e-07	9.369e-07	9.356e-07	9.392e-07	9.347e-07	9.308e-07	9.322e-07	9.213e-07	9.324e-07	9.243e-07
10.73	9.569e-07	9.512e-07	9.498e-07	9.494e-07	9.419e-07	9.425e-07	9.369e-07	9.356e-07	9.392e-07	9.347e-07	9.308e-07	9.322e-07	9.213e-07	9.324e-07	9.243e-07
10.74	9.569e-07	9.512e-07	9.498e-07	9.494e-07	9.419e-07	9.425e-07	9.369e-07	9.356e-07	9.392e-07	9.347e-07	9.308e-07	9.322e-07	9.213e-07	9.324e-07	9.243e-07
10.75	9.569e-07	9.512e-07	9.498e-07	9.494e-07	9.419e-07	9.425e-07	9.369e-07	9.356e-07	9.392e-07	9.347e-07	9.308e-07	9.322e-07	9.213e-07	9.324e-07	9.243e-07
10.76	9.569e-07	9.512e-07	9.498e-07	9.494e-07	9.419e-07	9.425e-07	9.369e-07	9.356e-07	9.392e-07	9.347e-07	9.308e-07	9.322e-07	9.213e-07	9.324e-07	9.243e-07
10.77	9.569e-07	9.512e-07	9.498e-07	9.494e-07	9.419e-07	9.425e-07	9.369e-07	9.356e-07	9.392e-07	9.347e-07	9.308e-07	9.322e-07	9.213e-07	9.324e-07	9.243e-07
10.78	9.569e-07	9.512e-07	9.498e-07	9.494e-07	9.419e-07	9.425e-07	9.369e-07	9.356e-07	9.392e-07	9.347e-07	9.308e-07	9.322e-07	9.213e-07	9.324e-07	9.243e-07
10.79	9.569e-07	9.512e-07	9.498e-07	9.494e-07	9.419e-07	9.425e-07	9.369e-07	9.356e-07	9.392e-07	9.347e-07	9.308e-07	9.322e-07	9.213e-07	9.324e-07	9.243e-07
10.8	9.52e-07	9.505e-07	9.551e-07	9.487e-07	9.468e-07	9.428e-07	9.41e-07	9.436e-07	9.389e-07	9.389e-07	9.3e-07	9.277e-07	9.288e-07	9.279e-07	9.292e-07
10.81	9.52e-07	9.505e-07	9.551e-07	9.487e-07	9.468e-07	9.428e-07	9.41e-07	9.436e-07	9.389e-07	9.389e-07	9.3e-07	9.277e-07	9.288e-07	9.279e-07	9.292e-07
10.82	9.52e-07	9.505e-07	9.551e-07	9.487e-07	9.468e-07	9.428e-07	9.41e-07	9.436e-07	9.389e-07	9.389e-07	9.3e-07	9.277e-07	9.288e-07	9.279e-07	9.292e-07
10.83	9.52e-07	9.505e-07	9.551e-07	9.487e-07	9.468e-07	9.428e-07	9.41e-07	9.436e-07	9.389e-07	9.389e-07	9.3e-07	9.277e-07	9.288e-07	9.279e-07	9.292e-07
10.84	9.52e-07	9.505e-07	9.551e-07	9.487e-07	9.468e-07	9.428e-07	9.41e-07	9.436e-07	9.389e-07	9.389e-07	9.3e-07	9.277e-07	9.288e-07	9.279e-07	9.292e-07
10.85	9.52e-07	9.505e-07	9.551e-07	9.487e-07	9.468e-07	9.428e-07	9.41e-07	9.436e-07	9.389e-07	9.389e-07	9.3e-07	9.277e-07	9.288e-07	9.279e-07	9.292e-07
10.86	9.52e-07	9.505e-07	9.551e-07	9.487e-07	9.468e-07	9.428e-07	9.41e-07	9.436e-07	9.389e-07	9.389e-07	9.3e-07	9.277e-07	9.288e-07	9.279e-07	9.292e-07
10.87	9.52e-07	9.505e-07	9.551e-07	9.487e-07	9.468e-07	9.428e-07	9.41e-07	9.436e-07	9.389e-07	9.389e-07	9.3e-07	9.277e-07	9.288e-07	9.279e-07	9.292e-07
10.88	9.52e-07	9.505e-07	9.551e-07	9.487e-07	9.468e-07	9.428e-07	9.41e-07	9.436e-07	9.389e-07	9.389e-07	9.3e-07	9.277e-07	9.288e-07	9.279e-07	9.292e-07
10.89	9.52e-07	9.505e-07	9.551e-07	9.487e-07	9.468e-07	9.428e-07	9.41e-07	9.436e-07	9.389e-07	9.389e-07	9.3e-07	9.277e-07	9.288e-07	9.279e-07	9.292e-07
10.9	9.554e-07	9.498e-07	9.505e-07	9.483e-07	9.465e-07	9.428e-07	9.403e-07	9.353e-07	9.354e-07	9.389e-07	9.349e-07	9.318e-07	9.24e-07	9.293e-07	9.247e-07
10.91	9.554e-07	9.498e-07	9.505e-07	9.483e-07	9.465e-07	9.428e-07	9.403e-07	9.353e-07	9.354e-07	9.389e-07	9.349e-07	9.318e-07	9.24e-07	9.293e-07	9.247e-07
10.92	9.554e-07	9.498e-07	9.505e-07	9.483e-07	9.465e-07	9.428e-07	9.403e-07	9.353e-07	9.354e-07	9.389e-07	9.349e-07	9.318e-07	9.24e-07	9.293e-07	9.247e-07
10.93	9.554e-07	9.498e-07	9.505e-07	9.483e-07	9.465e-07	9.428e-07	9.403e-07	9.353e-07	9.354e-07	9.389e-07	9.349e-07	9.318e-07	9.24e-07	9.293e-07	9.247e-07
10.94	9.554e-07	9.498e-07	9.505e-07	9.483e-07	9.465e-07	9.428e-07	9.403e-07	9.353e-07	9.354e-07	9.389e-07	9.349e-07	9.318e-07	9.24e-07	9.293e-07	9.247e-07
10.95	9.554e-07	9.498e-07	9.505e-07	9.483e-07	9.465e-07	9.428e-07	9.403e-07	9.353e-07	9.354e-07	9.389e-07	9.349e-07	9.318e-07	9.24e-07	9.293e-07	9.247e-07
10.96	9.554e-07	9.498e-07	9.505e-07	9.483e-07	9.465e-07	9.428e-07	9.403e-07	9.353e-07	9.354e-07	9.389e-07	9.349e-07	9.318e-07	9.24e-07	9.293e-07	9.247e-07
10.97	9.554e-07	9.498e-07	9.505e-07	9.483e-07	9.465e-07	9.428e-07	9.403e-07	9.353e-07	9.354e-07	9.389e-07	9.349e-07	9.318e-07	9.24e-07	9.293e-07	9.247e-07
10.98	9.554e-07	9.498e-07	9.505e-07	9.483e-07	9.465e-07	9.428e-07	9.403e-07	9.353e-07	9.354e-07	9.389e-07	9.349e-07	9.318e-07	9.24e-07	9.293e-07	9.247e-07
10.99	9.554e-07	9.498e-07	9.505e-07	9.483e-07	9.465e-07	9.428e-07	9.403e-07	9.353e-07	9.354e-07	9.389e-07	9.349e-07	9.318e-07	9.24e-07	9.293e-07	9.247e-07
11	9.554e-07	9.498e-07	9.498e-07	9.494e-07	9.51e-07	9.534e-07	9.438e-07	9.349e-07	1.063e-06	9.381e-07	9.308e-07	9.281e-07	9.236e-07	9.293e-07	9.247e-07
11.01	9.554e-07	9.498e-07	9.498e-07	9.494e-07	9.51e-07	9.534e-07	9.438e-07	9.349e-07	1.063e-06	9.381e-07	9.308e-07	9.281e-07	9.236e-07	9.293e-07	9.247e-07
11.02	9.554e-07	9.498e-07	9.498e-07	9.494e-07	9.51e-07	9.534e-07	9.438e-07	9.349e-07	1.063e-06	9.381e-07	9.308e-07	9.281e-07	9.236e-07	9.293e-07	9.247e-07
11.03	9.554e-07	9.498e-07	9.498e-07	9.494e-07	9.51e-07	9.534e-07	9.438e-07	9.349e-07	1.063e-06	9.381e-07	9.308e-07	9.281e-07	9.236e-07	9.293e-07	9.247e-07
11.04	9.554e-07	9.498e-07	9.498e-07	9.494e-07	9.51e-07	9.534e-07	9.438e-07	9.349e-07	1.063e-06	9.381e-07	9.308e-07	9.281e-07	9.236e-07	9.293e-07	9.247e-07
11.05	9.554e-07	9.498e-07	9.498e-07	9.494e-07	9.51e-07	9.534e-07	9.438e-07	9.349e-07	1.063e-06	9.381e-07	9.308e-07	9.281e-07	9.236e-07	9.293e-07	9.247e-07
11.06	9.554e-07	9.498e-07	9.498e-07	9.494e-07	9.51e-07	9.534e-07	9.438e-07	9.349e-07	1.063e-06	9.381e-07	9.308e-07	9.281e-07	9.236e-07	9.293e-07	9.247e-07
11.07	9.554e-07	9.498e-07	9.498e-07	9.494e-07	9.51e-07	9.534e-07	9.438e-07	9.349e-07	1.063e-06	9.381e-07	9.308e-07	9.281e-07	9.236e-07	9.293e-07	9.247e-07
11.08	9.554e-07	9.498e-07	9.498e-07	9.494e-07	9.51e-07	9.534e-07	9.438e-07	9.349e-07	1.063e-06	9.381e-07	9.308e-07	9.281e-07	9.236e-07	9.293e-07	9.247e-07
11.09	9.554e-07	9.498e-07	9.498e-07	9.494e-07	9.51e-07	9.534e-07	9.438e-07	9.349e-07	1.063e-06	9.381e-07	9.308e-07	9.281e-07	9.236e-07	9.293e-07	9.247e-07
11.1	9.516e-07	9.54e-07	9.49e-07	9.49e-07	9.465e-07	9.39e-07	9.392e-07	9.349e-07	9.365e-07	9.344e-07	9.308e-07	9.36e-07	9.199e-07	9.29e-07	9.24e-07
11.11	9.516e-07	9.54e-07	9.49e-07	9.49e-07	9.465e-07	9.39e-07	9.392e-07	9.349e-07	9.365e-07	9.344e-07	9.308e-07	9.36e-07	9.199e-07	9.29e-07	9.24e-07
11.12	9.516e-07	9.54e-07	9.49e-07	9.49e-07	9.465e-07	9.39e-07	9.392e-07	9.349e-07	9.365e-07	9.344e-07	9.308e-07	9.36e-07	9.199e-07	9.29e-07	9.24e-07
11.13	9.516e-07	9.54e-07	9.49e-07	9.49e-07	9.465e-07	9.39e-07	9.392e-07	9.349e-07	9.365e-07	9.344e-07	9.308e-07	9.36e-07	9.199e-07	9.29e-07	9.24e-07
11.14	9.516e-07	9.54e-07	9.49e-07	9.49e-07	9.465e-07	9.39e-07	9.392e-07	9.349e-07	9.365e-07	9.344e-07	9.308e-07	9.36e-07	9.199e-07	9.29e-07	9.24e-07
11.15	9.516e-07	9.54e-07	9.49e-07	9.49e-07	9.465e-07	9.39e-07	9.392e-07	9.349e-07	9.365e-07	9.344e-07	9.308e-07	9.36e-07	9.199e-07	9.29e-07	9.24e-07
11.16	9.516e-07	9.54e-07	9.49e-07	9.49e-07	9.465e-07	9.39e-07	9.392e-07	9.349e-07	9.365e-07	9.344e-07	9.308e-07	9.36e-07	9.199e-07	9.29e-07	9.24e-07
11.17	9.516e-07	9.54e-07	9.49e-07	9.49e-07	9.465e-07	9.39e-07	9.392e-07	9.349e-07	9.365e-07	9.344e-07	9.308e-07	9.36e-07	9.199e-07	9.29e-07	9.24e-07
11.18	9.516e-07	9.54e-07	9.49e-07	9.49e-07	9.465e-07	9.39e-07	9.392e-07	9.349e-07	9.365e-07	9.344e-07	9.308e-07	9.36e-07	9.199e-07	9.29e-07	9.24e-07
11.19	9.516e-07	9.54e-07	9.49e-07	9.49e-07	9.465e-07	9.39e-07	9.392e-07	9.349e-07	9.365e-07	9.344e-07	9.308e-07	9.36e-07	9.199e-07	9.29e-07	9.24e-07
11.2	9.523e-07	9.543e-07	9.483e-07	9.483e-07	9.465e-07	9.428e-07	9.385e-07	9.353e-07	9.392e-07	9.385e-07	9.353e-07	9.353e-07	9.27e-07	9.249e-07	9.236e-07
11.21	9.523e-07	9.543e-07	9.483e-07	9.483e-07	9.465e-07	9.428e-07	9.385e-07	9.353e-07	9.392e-07	9.385e-07	9.353e-07	9.353e-07	9.27e-07	9.249e-07	9.236e-07
11.22	9.523e-07	9.543e-07	9.483e-07	9.483e-07	9.465e-07	9.428e-07	9.385e-07	9.353e-07	9.392e-07	9.385e-07	9.353e-07	9.353e-07	9.27e-07	9.249e-07	9.236e-07
11.23	9.523e-07	9.543e-07	9.483e-07	9.483e-07	9.465e-07	9.428e-07	9.385e-07	9.353e-07	9.392e-07	9.385e-07	9.353e-07	9.353e-07	9.27e-07	9.249e-07	9.236e-07
11.24	9.523e-07	9.543e-07	9.483e-07	9.483e-07	9.465e-07	9.428e-07	9.385e-07	9.353e-07	9.392e-07	9.385e-07	9.353e-07	9.353e-07	9.27e-07	9.249e-07	9.236e-07
11.25	9.523e-07	9.543e-07	9.483e-07	9.483e-07	9.465e-07	9.428e-07	9.385e-07	9.353e-07	9.392e-07	9.385e-07	9.353e-07	9.353e-07	9.27e-07	9.249e-07	9.236e-07
11.26	9.523e-07	9.543e-07	9.483e-07	9.483e-07	9.465e-07	9.428e-07	9.385e-07	9.353e-07	9.392e-07	9.385e-07	9.353e-07	9.353e-07	9.27e-07	9.249e-07	9.236e-07
11.27	9.523e-07	9.543e-07	9.483e-07	9.483e-07	9.465e-07	9.428e-07	9.385e-07	9.353e-07	9.392e-07	9.385e-07	9.353e-07	9.353e-07	9.27e-07	9.249e-07	9.236e-07
11.28	9.523e-07	9.543e-07	9.483e-07	9.483e-07	9.465e-07	9.428e-07	9.385e-07	9.353e-07	9.392e-07	9.385e-07	9.353e-07	9.353e-07	9.27e-07	9.249e-07	9.236e-07
11.29	9.523e-07	9.543e-07	9.483e-07	9.483e-07	9.465e-07	9.428e-07	9.385e-07	9.353e-07	9.392e-07	9.385e-07	9.353e-07	9.353e-07	9.27e-07	9.249e-07	9.236e-07
11.3	9.565e-07	9.551e-07	9.465e-07	9.476e-07	9.457e-07	9.428e-07	9.378e-07	9.36e-07	9.385e-07	9.389e-07	9.308e-07	9.356e-07	9.226e-07	9.335e-07	9.236e-07
11.31	9.565e-07	9.551e-07	9.465e-07	9.476e-07	9.457e-07	9.428e-07	9.378e-07	9.36e-07	9.385e-07	9.389e-07	9.308e-07	9.356e-07	9.226e-07	9.335e-07	9.236e-07
11.32	9.565e-07	9.551e-07	9.465e-07	9.476e-07	9.457e-07	9.428e-07	9.378e-07	9.36e-07	9.385e-07	9.389e-07	9.308e-07	9.356e-07	9.226e-07	9.335e-07	9.236e-07
11.33	9.565e-07	9.551e-07	9.465e-07	9.476e-07	9.457e-07	9.428e-07	9.378e-07	9.36e-07	9.385e-07	9.389e-07	9.308e-07	9.356e-07	9.226e-07	9.335e-07	9.236e-07
11.34	9.565e-07	9.551e-07	9.465e-07	9.476e-07	9.457e-07	9.428e-07	9.378e-07	9.36e-07	9.385e-07	9.389e-07	9.308e-07	9.356e-07	9.226e-07	9.335e-07	9.236e-07
11.35	9.565e-07	9.551e-07	9.465e-07	9.476e-07	9.457e-07	9.428e-07	9.378e-07	9.36e-07	9.385e-07	9.389e-07	9.308e-07	9.356e-07	9.226e-07	9.335e-07	9.236e-07
11.36	9.565e-07	9.551e-07	9.465e-07	9.476e-07	9.457e-07	9.428e-07	9.378e-07	9.36e-07	9.385e-07	9.389e-07	9.308e-07	9.356e-07	9.226e-07	9.335e-07	9.236e-07
11.37	9.565e-07	9.551e-07	9.465e-07	9.476e-07	9.457e-07	9.428e-07	9.378e-07	9.36e-07	9.385e-07	9.389e-07	9.308e-07	9.356e-07	9.226e-07	9.335e-07	9.236e-07
11.38	9.565e-07	9.551e-07	9.465e-07	9.476e-07	9.457e-07	9.428e-07	9.378e-07	9.36e-07	9.385e-07	9.389e-07	9.308e-07	9.356e-07	9.226e-07	9.335e-07	9.236e-07
11.39	9.565e-07	9.551e-07	9.465e-07	9.476e-07	9.457e-07	9.428e-07	9.378e-07	9.36e-07	9.385e-07	9.389e-07	9.308e-07	9.356e-07	9.226e-07	9.335e-07	9.236e-07
11.4	9.512e-07	9.512e-07	9.468e-07	9.476e-07	9.436e-07	9.428e-07	9.336e-07	9.356e-07	9.392e-07	9.43e-07	9.297e-07	9.318e-07	9.233e-07	9.29e-07	9.236e-07
11.41	9.512e-07	9.512e-07	9.468e-07	9.476e-07	9.436e-07	9.428e-07	9.336e-07	9.356e-07	9.392e-07	9.43e-07	9.297e-07	9.318e-07	9.233e-07	9.29e-07	9.236e-07
11.42	9.512e-07	9.512e-07	9.468e-07	9.476e-07	9.436e-07	9.428e-07	9.336e-07	9.356e-07	9.392e-07	9.43e-07	9.297e-07	9.318e-07	9.233e-07	9.29e-07	9.236e-07
11.43	9.512e-07	9.512e-07	9.468e-07	9.476e-07	9.436e-07	9.428e-07	9.336e-07	9.356e-07	9.392e-07	9.43e-07	9.297e-07	9.318e-07	9.233e-07	9.29e-07	9.236e-07
11.44	9.512e-07	9.512e-07	9.468e-07	9.476e-07	9.436e-07	9.428e-07	9.336e-07	9.356e-07	9.392e-07	9.43e-07	9.297e-07	9.318e-07	9.233e-07	9.29e-07	9.236e-07
11.45	9.512e-07	9.512e-07	9.468e-07	9.476e-07	9.436e-07	9.428e-07	9.336e-07	9.356e-07	9.392e-07	9.43e-07	9.297e-07	9.318e-07	9.233e-07	9.29e-07	9.236e-07
11.46	9.512e-07	9.512e-07	9.468e-07	9.476e-07	9.436e-07	9.428e-07	9.336e-07	9.356e-07	9.392e-07	9.43e-07	9.297e-07	9.318e-07	9.233e-07	9.29e-07	9.236e-07
11.47	9.512e-07	9.512e-07	9.468e-07	9.476e-07	9.436e-07	9.428e-07	9.336e-07	9.356e-07	9.392e-07	9.43e-07	9.297e-07	9.318e-07	9.233e-07	9.29e-07	9.236e-07
11.48	9.512e-07	9.512e-07	9.468e-07	9.476e-07	9.436e-07	9.428e-07	9.336e-07	9.356e-07	9.392e-07	9.43e-07	9.297e-07	9.318e-07	9.233e-07	9.29e-07	9.236e-07
11.49	9.512e-07	9.512e-07	9.468e-07	9.476e-07	9.436e-07	9.428e-07	9.336e-07	9.356e-07	9.392e-07	9.43e-07	9.297e-07	9.318e-07	9.233e-07	9.29e-07	9.236e-07
11.5	9.509e-07	9.512e-07	9.465e-07	9.43e-07	9.439e-07	9.372e-07	9.299e-07	9.356e-07	9.344e-07	9.389e-07	9.376e-07	9.329e-07	9.277e-07	9.327e-07	9.277e-07
11.51	9.509e-07	9.512e-07	9.465e-07	9.43e-07	9.439e-07	9.372e-07	9.299e-07	9.356e-07	9.344e-07	9.389e-07	9.376e-07	9.329e-07	9.277e-07	9.327e-07	9.277e-07
11.52	9.509e-07	9.512e-07	9.465e-07	9.43e-07	9.439e-07	9.372e-07	9.299e-07	9.356e-07	9.344e-07	9.389e-07	9.376e-07	9.329e-07	9.277e-07	9.327e-07	9.277e-07
11.53	9.509e-07	9.512e-07	9.465e-07	9.43e-07	9.439e-07	9.372e-07	9.299e-07	9.356e-07	9.344e-07	9.389e-07	9.376e-07	9.329e-07	9.277e-07	9.327e-07	9.277e-07
11.54	9.509e-07	9.512e-07	9.465e-07	9.43e-07	9.439e-07	9.372e-07	9.299e-07	9.356e-07	9.344e-07	9.389e-07	9.376e-07	9.329e-07	9.277e-07	9.327e-07	9.277e-07
11.55	9.509e-07	9.512e-07	9.465e-07	9.43e-07	9.439e-07	9.372e-07	9.299e-07	9.356e-07	9.344e-07	9.389e-07	9.376e-07	9.329e-07	9.277e-07	9.327e-07	9.277e-07
11.56	9.509e-07	9.512e-07	9.465e-07	9.43e-07	9.439e-07	9.372e-07	9.299e-07	9.356e-07	9.344e-07	9.389e-07	9.376e-07	9.329e-07	9.277e-07	9.327e-07	9.277e-07
11.57	9.509e-07	9.512e-07	9.465e-07	9.43e-07	9.439e-07	9.372e-07	9.299e-07	9.356e-07	9.344e-07	9.389e-07	9.376e-07	9.329e-07	9.277e-07	9.327e-07	9.277e-07
11.58	9.509e-07	9.512e-07	9.465e-07	9.43e-07	9.439e-07	9.372e-07	9.299e-07	9.356e-07	9.344e-07	9.389e-07	9.376e-07	9.329e-07	9.277e-07	9.327e-07	9.277e-07
11.59	9.509e-07	9.512e-07	9.465e-07	9.43e-07	9.439e-07	9.372e-07	9.299e-07	9.356e-07	9.344e-07	9.389e-07	9.376e-07	9.329e-07	9.277e-07	9.327e-07	9.277e-07
11.6	9.551e-07	9.551e-07	9.457e-07	9.476e-07	9.443e-07	9.41e-07	9.389e-07	9.311e-07	9.385e-07	9.392e-07	9.335e-07	9.318e-07	9.247e-07	9.279e-07	9.236e-07
11.61	9.551e-07	9.551e-07	9.457e-07	9.476e-07	9.443e-07	9.41e-07	9.389e-07	9.311e-07	9.385e-07	9.392e-07	9.335e-07	9.318e-07	9.247e-07	9.279e-07	9.236e-07
11.62	9.551e-07	9.551e-07	9.457e-07	9.476e-07	9.443e-07	9.41e-07	9.389e-07	9.311e-07	9.385e-07	9.392e-07	9.335e-07	9.318e-07	9.247e-07	9.279e-07	9.236e-07
11.63	9.551e-07	9.551e-07	9.457e-07	9.476e-07	9.443e-07	9.41e-07	9.389e-07	9.311e-07	9.385e-07	9.392e-07	9.335e-07	9.318e-07	9.247e-07	9.279e-07	9.236e-07
11.64	9.551e-07	9.551e-07	9.457e-07	9.476e-07	9.443e-07	9.41e-07	9.389e-07	9.311e-07	9.385e-07	9.392e-07	9.335e-07	9.318e-07	9.247e-07	9.279e-07	9.236e-07
11.65	9.551e-07	9.551e-07	9.457e-07	9.476e-07	9.443e-07	9.41e-07	9.389e-07	9.311e-07	9.385e-07	9.392e-07	9.335e-07	9.318e-07	9.247e-07	9.279e-07	9.236e-07
11.66	9.551e-07	9.551e-07	9.457e-07	9.476e-07	9.443e-07	9.41e-07	9.389e-07	9.311e-07	9.385e-07	9.392e-07	9.335e-07	9.318e-07	9.247e-07	9.279e-07	9.236e-07
11.67	9.551e-07	9.551e-07	9.457e-07	9.476e-07	9.443e-07	9.41e-07	9.389e-07	9.311e-07	9.385e-07	9.392e-07	9.335e-07	9.318e-07	9.247e-07	9.279e-07	9.236e-07
11.68	9.551e-07	9.551e-07	9.457e-07	9.476e-07	9.443e-07	9.41e-07	9.389e-07	9.311e-07	9.385e-07	9.392e-07	9.335e-07	9.318e-07	9.247e-07	9.279e-07	9.236e-07
11.69	9.551e-07	9.551e-07	9.457e-07	9.476e-07	9.443e-07	9.41e-07	9.389e-07	9.311e-07	9.385e-07	9.392e-07	9.335e-07	9.318e-07	9.247e-07	9.279e-07	9.236e-07
11.7	9.558e-07	9.498e-07	9.461e-07	9.476e-07	9.439e-07	9.407e-07	9.392e-07	9.36e-07	9.381e-07	9.389e-07	9.286e-07	9.356e-07	9.243e-07	9.242e-07	9.199e-07
11.71	9.558e-07	9.498e-07	9.461e-07	9.476e-07	9.439e-07	9.407e-07	9.392e-07	9.36e-07	9.381e-07	9.389e-07	9.286e-07	9.356e-07	9.243e-07	9.242e-07	9.199e-07
11.72	9.558e-07	9.498e-07	9.461e-07	9.476e-07	9.439e-07	9.407e-07	9.392e-07	9.36e-07	9.381e-07	9.389e-07	9.286e-07	9.356e-07	9.243e-07	9.242e-07	9.199e-07
11.73	9.558e-07	9.498e-07	9.461e-07	9.476e-07	9.439e-07	9.407e-07	9.392e-07	9.36e-07	9.381e-07	9.389e-07	9.286e-07	9.356e-07	9.243e-07	9.242e-07	9.199e-07
11.74	9.558e-07	9.498e-07	9.461e-07	9.476e-07	9.439e-07	9.407e-07	9.392e-07	9.36e-07	9.381e-07	9.389e-07	9.286e-07	9.356e-07	9.243e-07	9.242e-07	9.199e-07
11.75	9.558e-07	9.498e-07	9.461e-07	9.476e-07	9.439e-07	9.407e-07	9.392e-07	9.36e-07	9.381e-07	9.389e-07	9.286e-07	9.356e-07	9.243e-07	9.242e-07	9.199e-07
11.76	9.558e-07	9.498e-07	9.461e-07	9.476e-07	9.439e-07	9.407e-07	9.392e-07	9.36e-07	9.381e-07	9.389e-07	9.286e-07	9.356e-07	9.243e-07	9.242e-07	9.199e-07
11.77	9.558e-07	9.498e-07	9.461e-07	9.476e-07	9.439e-07	9.407e-07	9.392e-07	9.36e-07	9.381e-07	9.389e-07	9.286e-07	9.356e-07	9.243e-07	9.242e-07	9.199e-07
11.78	9.558e-07	9.498e-07	9.461e-07	9.476e-07	9.439e-07	9.407e-07	9.392e-07	9.36e-07	9.381e-07	9.389e-07	9.286e-07	9.356e-07	9.243e-07	9.242e-07	9.199e-07
11.79	9.558e-07	9.498e-07	9.461e-07	9.476e-07	9.439e-07	9.407e-07	9.392e-07	9.36e-07	9.381e-07	9.389e-07	9.286e-07	9.356e-07	9.243e-07	9.242e-07	9.199e-07
11.8	9.523e-07	9.494e-07	9.514e-07	9.468e-07	9.447e-07	9.41e-07	9.378e-07	9.329e-07	9.326e-07	9.347e-07	9.245e-07	9.311e-07	9.268e-07	9.275e-07	9.199e-07
11.81	9.523e-07	9.494e-07	9.514e-07	9.468e-07	9.447e-07	9.41e-07	9.378e-07	9.329e-07	9.326e-07	9.347e-07	9.245e-07	9.311e-07	9.268e-07	9.275e-07	9.199e-07
11.82	9.523e-07	9.494e-07	9.514e-07	9.468e-07	9.447e-07	9.41e-07	9.378e-07	9.329e-07	9.326e-07	9.347e-07	9.245e-07	9.311e-07	9.268e-07	9.275e-07	9.199e-07
11.83	9.523e-07	9.494e-07	9.514e-07	9.468e-07	9.447e-07	9.41e-07	9.378e-07	9.329e-07	9.326e-07	9.347e-07	9.245e-07	9.311e-07	9.268e-07	9.275e-07	9.199e-07
11.84	9.523e-07	9.494e-07	9.514e-07	9.468e-07	9.447e-07	9.41e-07	9.378e-07	9.329e-07	9.326e-07	9.347e-07	9.245e-07	9.311e-07	9.268e-07	9.275e-07	9.199e-07
11.85	9.523e-07	9.494e-07	9.514e-07	9.468e-07	9.447e-07	9.41e-07	9.378e-07	9.329e-07	9.326e-07	9.347e-07	9.245e-07	9.311e-07	9.268e-07	9.275e-07	9.199e-07
11.86	9.523e-07	9.494e-07	9.514e-07	9.468e-07	9.447e-07	9.41e-07	9.378e-07	9.329e-07	9.326e-07	9.347e-07	9.245e-07	9.311e-07	9.268e-07	9.275e-07	9.199e-07
11.87	9.523e-07	9.494e-07	9.514e-07	9.468e-07	9.447e-07	9.41e-07	9.378e-07	9.329e-07	9.326e-07	9.347e-07	9.245e-07	9.311e-07	9.268e-07	9.275e-07	9.199e-07
11.88	9.523e-07	9.494e-07	9.514e-07	9.468e-07	9.447e-07	9.41e-07	9.378e-07	9.329e-07	9.326e-07	9.347e-07	9.245e-07	9.311e-07	9.268e-07	9.275e-07	9.199e-07
11.89	9.523e-07	9.494e-07	9.514e-07	9.468e-07	9.447e-07	9.41e-07	9.378e-07	9.329e-07	9.326e-07	9.347e-07	9.245e-07	9.311e-07	9.268e-07	9.275e-07	9.199e-07
11.9	9.565e-07	9.49e-07	9.476e-07	9.465e-07	9.374e-07	9.441e-07	9.336e-07	9.419e-07	9.367e-07	9.389e-07	9.286e-07	9.293e-07	9.292e-07	9.275e-07	9.229e-07
11.91	9.565e-07	9.49e-07	9.476e-07	9.465e-07	9.374e-07	9.441e-07	9.336e-07	9.419e-07	9.367e-07	9.389e-07	9.286e-07	9.293e-07	9.292e-07	9.275e-07	9.229e-07
11.92	9.565e-07	9.49e-07	9.476e-07	9.465e-07	9.374e-07	9.441e-07	9.336e-07	9.419e-07	9.367e-07	9.389e-07	9.286e-07	9.293e-07	9.292e-07	9.275e-07	9.229e-07
11.93	9.565e-07	9.49e-07	9.476e-07	9.465e-07	9.374e-07	9.441e-07	9.336e-07	9.419e-07	9.367e-07	9.389e-07	9.286e-07	9.293e-07	9.292e-07	9.275e-07	9.229e-07
11.94	9.565e-07	9.49e-07	9.476e-07	9.465e-07	9.374e-07	9.441e-07	9.336e-07	9.419e-07	9.367e-07	9.389e-07	9.286e-07	9.293e-07	9.292e-07	9.275e-07	9.229e-07
11.95	9.565e-07	9.49e-07	9.476e-07	9.465e-07	9.374e-07	9.441e-07	9.336e-07	9.419e-07	9.367e-07	9.389e-07	9.286e-07	9.293e-07	9.292e-07	9.275e-07	9.229e-07
11.96	9.565e-07	9.49e-07	9.476e-07	9.465e-07	9.374e-07	9.441e-07	9.336e-07	9.419e-07	9.367e-07	9.389e-07	9.286e-07	9.293e-07	9.292e-07	9.275e-07	9.229e-07
11.97	9.565e-07	9.49e-07	9.476e-07	9.465e-07	9.374e-07	9.441e-07	9.336e-07	9.419e-07	9.367e-07	9.389e-07	9.286e-07	9.293e-07	9.292e-07	9.275e-07	9.229e-07
11.98	9.565e-07	9.49e-07	9.476e-07	9.465e-07	9.374e-07	9.441e-07	9.336e-07	9.419e-07	9.367e-07	9.389e-07	9.286e-07	9.293e-07	9.292e-07	9.275e-07	9.229e-07
11.99	9.565e-07	9.49e-07	9.476e-07	9.465e-07	9.374e-07	9.441e-07	9.336e-07	9.419e-07	9.367e-07	9.389e-07	9.286e-07	9.293e-07	9.292e-07	9.275e-07	9.229e-07
12	9.52e-07	9.476e-07	9.476e-07	9.476e-07	9.461e-07	9.347e-07	9.371e-07	9.344e-07	9.311e-07	9.351e-07	9.29e-07	9.297e-07	9.251e-07	9.275e-07	9.267e-07
12.01	9.52e-07	9.476e-07	9.476e-07	9.476e-07	9.461e-07	9.347e-07	9.371e-07	9.344e-07	9.311e-07	9.351e-07	9.29e-07	9.297e-07	9.251e-07	9.275e-07	9.267e-07
12.02	9.52e-07	9.476e-07	9.476e-07	9.476e-07	9.461e-07	9.347e-07	9.371e-07	9.344e-07	9.311e-07	9.351e-07	9.29e-07	9.297e-07	9.251e-07	9.275e-07	9.267e-07
12.03	9.52e-07	9.476e-07	9.476e-07	9.476e-07	9.461e-07	9.347e-07	9.371e-07	9.344e-07	9.311e-07	9.351e-07	9.29e-07	9.297e-07	9.251e-07	9.275e-07	9.267e-07
12.04	9.52e-07	9.476e-07	9.476e-07	9.476e-07	9.461e-07	9.347e-07	9.371e-07	9.344e-07	9.311e-07	9.351e-07	9.29e-07	9.297e-07	9.251e-07	9.275e-07	9.267e-07
12.05	9.52e-07	9.476e-07	9.476e-07	9.476e-07	9.461e-07	9.347e-07	9.371e-07	9.344e-07	9.311e-07	9.351e-07	9.29e-07	9.297e-07	9.251e-07	9.275e-07	9.267e-07
12.06	9.52e-07	9.476e-07	9.476e-07	9.476e-07	9.461e-07	9.347e-07	9.371e-07	9.344e-07	9.311e-07	9.351e-07	9.29e-07	9.297e-07	9.251e-07	9.275e-07	9.267e-07
12.07	9.52e-07	9.476e-07	9.476e-07	9.476e-07	9.461e-07	9.347e-07	9.371e-07	9.344e-07	9.311e-07	9.351e-07	9.29e-07	9.297e-07	9.251e-07	9.275e-07	9.267e-07
12.08	9.52e-07	9.476e-07	9.476e-07	9.476e-07	9.461e-07	9.347e-07	9.371e-07	9.344e-07	9.311e-07	9.351e-07	9.29e-07	9.297e-07	9.251e-07	9.275e-07	9.267e-07
12.09	9.52e-07	9.476e-07	9.476e-07	9.476e-07	9.461e-07	9.347e-07	9.371e-07	9.344e-07	9.311e-07	9.351e-07	9.29e-07	9.297e-07	9.251e-07	9.275e-07	9.267e-07
12.1	9.554e-07	9.472e-07	9.476e-07	9.483e-07	9.538e-07	9.385e-07	9.374e-07	9.34e-07	9.342e-07	9.43e-07	9.293e-07	9.297e-07	9.243e-07	9.268e-07	9.301e-07
12.11	9.554e-07	9.472e-07	9.476e-07	9.483e-07	9.538e-07	9.385e-07	9.374e-07	9.34e-07	9.342e-07	9.43e-07	9.293e-07	9.297e-07	9.243e-07	9.268e-07	9.301e-07
12.12	9.554e-07	9.472e-07	9.476e-07	9.483e-07	9.538e-07	9.385e-07	9.374e-07	9.34e-07	9.342e-07	9.43e-07	9.293e-07	9.297e-07	9.243e-07	9.268e-07	9.301e-07
12.13	9.554e-07	9.472e-07	9.476e-07	9.483e-07	9.538e-07	9.385e-07	9.374e-07	9.34e-07	9.342e-07	9.43e-07	9.293e-07	9.297e-07	9.243e-07	9.268e-07	9.301e-07
12.14	9.554e-07	9.472e-07	9.476e-07	9.483e-07	9.538e-07	9.385e-07	9.374e-07	9.34e-07	9.342e-07	9.43e-07	9.293e-07	9.297e-07	9.243e-07	9.268e-07	9.301e-07
12.15	9.554e-07	9.472e-07	9.476e-07	9.483e-07	9.538e-07	9.385e-07	9.374e-07	9.34e-07	9.342e-07	9.43e-07	9.293e-07	9.297e-07	9.243e-07	9.268e-07	9.301e-07
12.16	9.554e-07	9.472e-07	9.476e-07	9.483e-07	9.538e-07	9.385e-07	9.374e-07	9.34e-07	9.342e-07	9.43e-07	9.293e-07	9.297e-07	9.243e-07	9.268e-07	9.301e-07
12.17	9.554e-07	9.472e-07	9.476e-07	9.483e-07	9.538e-07	9.385e-07	9.374e-07	9.34e-07	9.342e-07	9.43e-07	9.293e-07	9.297e-07	9.243e-07	9.268e-07	9.301e-07
12.18	9.554e-07	9.472e-07	9.476e-07	9.483e-07	9.538e-07	9.385e-07	9.374e-07	9.34e-07	9.342e-07	9.43e-07	9.293e-07	9.297e-07	9.243e-07	9.268e-07	9.301e-07
12.19	9.554e-07	9.472e-07	9.476e-07	9.483e-07	9.538e-07	9.385e-07	9.374e-07	9.34e-07	9.342e-07	9.43e-07	9.293e-07	9.297e-07	9.243e-07	9.268e-07	9.301e-07
12.2	9.52e-07	9.514e-07	9.472e-07	9.483e-07	9.461e-07	9.43e-07	9.363e-07	9.385e-07	9.349e-07	9.344e-07	9.297e-07	9.331e-07	9.24e-07	9.268e-07	9.256e-07
12.21	9.52e-07	9.514e-07	9.472e-07	9.483e-07	9.461e-07	9.43e-07	9.363e-07	9.385e-07	9.349e-07	9.344e-07	9.297e-07	9.331e-07	9.24e-07	9.268e-07	9.256e-07
12.22	9.52e-07	9.514e-07	9.472e-07	9.483e-07	9.461e-07	9.43e-07	9.363e-07	9.385e-07	9.349e-07	9.344e-07	9.297e-07	9.331e-07	9.24e-07	9.268e-07	9.256e-07
12.23	9.52e-07	9.514e-07	9.472e-07	9.483e-07	9.461e-07	9.43e-07	9.363e-07	9.385e-07	9.349e-07	9.344e-07	9.297e-07	9.331e-07	9.24e-07	9.268e-07	9.256e-07
12.24	9.52e-07	9.514e-07	9.472e-07	9.483e-07	9.461e-07	9.43e-07	9.363e-07	9.385e-07	9.349e-07	9.344e-07	9.297e-07	9.331e-07	9.24e-07	9.268e-07	9.256e-07
12.25	9.52e-07	9.514e-07	9.472e-07	9.483e-07	9.461e-07	9.43e-07	9.363e-07	9.385e-07	9.349e-07	9.344e-07	9.297e-07	9.331e-07	9.24e-07	9.268e-07	9.256e-07
12.26	9.52e-07	9.514e-07	9.472e-07	9.483e-07	9.461e-07	9.43e-07	9.363e-07	9.385e-07	9.349e-07	9.344e-07	9.297e-07	9.331e-07	9.24e-07	9.268e-07	9.256e-07
12.27	9.52e-07	9.514e-07	9.472e-07	9.483e-07	9.461e-07	9.43e-07	9.363e-07	9.385e-07	9.349e-07	9.344e-07	9.297e-07	9.331e-07	9.24e-07	9.268e-07	9.256e-07
12.28	9.52e-07	9.514e-07	9.472e-07	9.483e-07	9.461e-07	9.43e-07	9.363e-07	9.385e-07	9.349e-07	9.344e-07	9.297e-07	9.331e-07	9.24e-07	9.268e-07	9.256e-07
12.29	9.52e-07	9.514e-07	9.472e-07	9.483e-07	9.461e-07	9.43e-07	9.363e-07	9.385e-07	9.349e-07	9.344e-07	9.297e-07	9.331e-07	9.24e-07	9.268e-07	9.256e-07
12.3	9.509e-07	9.465e-07	9.468e-07	9.487e-07	9.499e-07	9.385e-07	9.412e-07	9.419e-07	9.322e-07	9.381e-07	9.256e-07	9.286e-07	9.236e-07	9.268e-07	9.256e-07
12.31	9.509e-07	9.465e-07	9.468e-07	9.487e-07	9.499e-07	9.385e-07	9.412e-07	9.419e-07	9.322e-07	9.381e-07	9.256e-07	9.286e-07	9.236e-07	9.268e-07	9.256e-07
12.32	9.509e-07	9.465e-07	9.468e-07	9.487e-07	9.499e-07	9.385e-07	9.412e-07	9.419e-07	9.322e-07	9.381e-07	9.256e-07	9.286e-07	9.236e-07	9.268e-07	9.256e-07
12.33	9.509e-07	9.465e-07	9.468e-07	9.487e-07	9.499e-07	9.385e-07	9.412e-07	9.419e-07	9.322e-07	9.381e-07	9.256e-07	9.286e-07	9.236e-07	9.268e-07	9.256e-07
12.34	9.509e-07	9.465e-07	9.468e-07	9.487e-07	9.499e-07	9.385e-07	9.412e-07	9.419e-07	9.322e-07	9.381e-07	9.256e-07	9.286e-07	9.236e-07	9.268e-07	9.256e-07
12.35	9.509e-07	9.465e-07	9.468e-07	9.487e-07	9.499e-07	9.385e-07	9.412e-07	9.419e-07	9.322e-07	9.381e-07	9.256e-07	9.286e-07	9.236e-07	9.268e-07	9.256e-07
12.36	9.509e-07	9.465e-07	9.468e-07	9.487e-07	9.499e-07	9.385e-07	9.412e-07	9.419e-07	9.322e-07	9.381e-07	9.256e-07	9.286e-07	9.236e-07	9.268e-07	9.256e-07
12.37	9.509e-07	9.465e-07	9.468e-07	9.487e-07	9.499e-07	9.385e-07	9.412e-07	9.419e-07	9.322e-07	9.381e-07	9.256e-07	9.286e-07	9.236e-07	9.268e-07	9.256e-07
12.38	9.509e-07	9.465e-07	9.468e-07	9.487e-07	9.499e-07	9.385e-07	9.412e-07	9.419e-07	9.322e-07	9.381e-07	9.256e-07	9.286e-07	9.236e-07	9.268e-07	9.256e-07
12.39	9.509e-07	9.465e-07	9.468e-07	9.487e-07	9.499e-07	9.385e-07	9.412e-07	9.419e-07	9.322e-07	9.381e-07	9.256e-07	9.286e-07	9.236e-07	9.268e-07	9.256e-07
12.4	9.512e-07	9.457e-07	9.476e-07	9.49e-07	9.443e-07	9.381e-07	9.378e-07	9.326e-07	9.374e-07	9.378e-07	9.345e-07	9.331e-07	9.243e-07	9.272e-07	9.208e-07
12.41	9.512e-07	9.457e-07	9.476e-07	9.49e-07	9.443e-07	9.381e-07	9.378e-07	9.326e-07	9.374e-07	9.378e-07	9.345e-07	9.331e-07	9.243e-07	9.272e-07	9.208e-07
12.42	9.512e-07	9.457e-07	9.476e-07	9.49e-07	9.443e-07	9.381e-07	9.378e-07	9.326e-07	9.374e-07	9.378e-07	9.345e-07	9.331e-07	9.243e-07	9.272e-07	9.208e-07
12.43	9.512e-07	9.457e-07	9.476e-07	9.49e-07	9.443e-07	9.381e-07	9.378e-07	9.326e-07	9.374e-07	9.378e-07	9.345e-07	9.331e-07	9.243e-07	9.272e-07	9.208e-07
12.44	9.512e-07	9.457e-07	9.476e-07	9.49e-07	9.443e-07	9.381e-07	9.378e-07	9.326e-07	9.374e-07	9.378e-07	9.345e-07	9.331e-07	9.243e-07	9.272e-07	9.208e-07
12.45	9.512e-07	9.457e-07	9.476e-07	9.49e-07	9.443e-07	9.381e-07	9.378e-07	9.326e-07	9.374e-07	9.378e-07	9.345e-07	9.331e-07	9.243e-07	9.272e-07	9.208e-07
12.46	9.512e-07	9.457e-07	9.476e-07	9.49e-07	9.443e-07	9.381e-07	9.378e-07	9.326e-07	9.374e-07	9.378e-07	9.345e-07	9.331e-07	9.243e-07	9.272e-07	9.208e-07
12.47	9.512e-07	9.457e-07	9.476e-07	9.49e-07	9.443e-07	9.381e-07	9.378e-07	9.326e-07	9.374e-07	9.378e-07	9.345e-07	9.331e-07	9.243e-07	9.272e-07	9.208e-07
12.48	9.512e-07	9.457e-07	9.476e-07	9.49e-07	9.443e-07	9.381e-07	9.378e-07	9.326e-07	9.374e-07	9.378e-07	9.345e-07	9.331e-07	9.243e-07	9.272e-07	9.208e-07
12.49	9.512e-07	9.457e-07	9.476e-07	9.49e-07	9.443e-07	9.381e-07	9.378e-07	9.326e-07	9.374e-07	9.378e-07	9.345e-07	9.331e-07	9.243e-07	9.272e-07	9.208e-07
12.5	9.509e-07	9.499e-07	9.472e-07	9.494e-07	9.439e-07	9.374e-07	9.427e-07	9.367e-07	9.378e-07	9.333e-07	9.311e-07	9.365e-07	9.281e-07	9.31e-07	9.197e-07
12.51	9.509e-07	9.499e-07	9.472e-07	9.494e-07	9.439e-07	9.374e-07	9.427e-07	9.367e-07	9.378e-07	9.333e-07	9.311e-07	9.365e-07	9.281e-07	9.31e-07	9.197e-07
12.52	9.509e-07	9.499e-07	9.472e-07	9.494e-07	9.439e-07	9.374e-07	9.427e-07	9.367e-07	9.378e-07	9.333e-07	9.311e-07	9.365e-07	9.281e-07	9.31e-07	9.197e-07
12.53	9.509e-07	9.499e-07	9.472e-07	9.494e-07	9.439e-07	9.374e-07	9.427e-07	9.367e-07	9.378e-07	9.333e-07	9.311e-07	9.365e-07	9.281e-07	9.31e-07	9.197e-07
12.54	9.509e-07	9.499e-07	9.472e-07	9.494e-07	9.439e-07	9.374e-07	9.427e-07	9.367e-07	9.378e-07	9.333e-07	9.311e-07	9.365e-07	9.281e-07	9.31e-07	9.197e-07
12.55	9.509e-07	9.499e-07	9.472e-07	9.494e-07	9.439e-07	9.374e-07	9.427e-07	9.367e-07	9.378e-07	9.333e-07	9.311e-07	9.365e-07	9.281e-07	9.31e-07	9.197e-07
12.56	9.509e-07	9.499e-07	9.472e-07	9.494e-07	9.439e-07	9.374e-07	9.427e-07	9.367e-07	9.378e-07	9.333e-07	9.311e-07	9.365e-07	9.281e-07	9.31e-07	9.197e-07
12.57	9.509e-07	9.499e-07	9.472e-07	9.494e-07	9.439e-07	9.374e-07	9.427e-07	9.367e-07	9.378e-07	9.333e-07	9.311e-07	9.365e-07	9.281e-07	9.31e-07	9.197e-07
12.58	9.509e-07	9.499e-07	9.472e-07	9.494e-07	9.439e-07	9.374e-07	9.427e-07	9.367e-07	9.378e-07	9.333e-07	9.311e-07	9.365e-07	9.281e-07	9.31e-07	9.197e-07
12.59	9.509e-07	9.499e-07	9.472e-07	9.494e-07	9.439e-07	9.374e-07	9.427e-07	9.367e-07	9.378e-07	9.333e-07	9.311e-07	9.365e-07	9.281e-07	9.31e-07	9.197e-07
12.6	9.512e-07	9.461e-07	9.472e-07	9.437e-07	9.481e-07	9.371e-07	9.34e-07	9.371e-07	9.344e-07	9.329e-07	9.311e-07	9.327e-07	9.226e-07	9.258e-07	9.235e-07
12.61	9.512e-07	9.461e-07	9.472e-07	9.437e-07	9.481e-07	9.371e-07	9.34e-07	9.371e-07	9.344e-07	9.329e-07	9.311e-07	9.327e-07	9.226e-07	9.258e-07	9.235e-07
12.62	9.512e-07	9.461e-07	9.472e-07	9.437e-07	9.481e-07	9.371e-07	9.34e-07	9.371e-07	9.344e-07	9.329e-07	9.311e-07	9.327e-07	9.226e-07	9.258e-07	9.235e-07
12.63	9.512e-07	9.461e-07	9.472e-07	9.437e-07	9.481e-07	9.371e-07	9.34e-07	9.371e-07	9.344e-07	9.329e-07	9.311e-07	9.327e-07	9.226e-07	9.258e-07	9.235e-07
12.64	9.512e-07	9.461e-07	9.472e-07	9.437e-07	9.481e-07	9.371e-07	9.34e-07	9.371e-07	9.344e-07	9.329e-07	9.311e-07	9.327e-07	9.226e-07	9.258e-07	9.235e-07
12.65	9.512e-07	9.461e-07	9.472e-07	9.437e-07	9.481e-07	9.371e-07	9.34e-07	9.371e-07	9.344e-07	9.329e-07	9.311e-07	9.327e-07	9.226e-07	9.258e-07	9.235e-07
12.66	9.512e-07	9.461e-07	9.472e-07	9.437e-07	9.481e-07	9.371e-07	9.34e-07	9.371e-07	9.344e-07	9.329e-07	9.311e-07	9.327e-07	9.226e-07	9.258e-07	9.235e-07
12.67	9.512e-07	9.461e-07	9.472e-07	9.437e-07	9.481e-07	9.371e-07	9.34e-07	9.371e-07	9.344e-07	9.329e-07	9.311e-07	9.327e-07	9.226e-07	9.258e-07	9.235e-07
12.68	9.512e-07	9.461e-07	9.472e-07	9.437e-07	9.481e-07	9.371e-07	9.34e-07	9.371e-07	9.344e-07	9.329e-07	9.311e-07	9.327e-07	9.226e-07	9.258e-07	9.235e-07
12.69	9.512e-07	9.461e-07	9.472e-07	9.437e-07	9.481e-07	9.371e-07	9.34e-07	9.371e-07	9.344e-07	9.329e-07	9.311e-07	9.327e-07	9.226e-07	9.258e-07	9.235e-07
12.7	9.505e-07	9.465e-07	9.476e-07	9.43e-07	9.45e-07	9.371e-07	9.389e-07	9.367e-07	9.389e-07	9.326e-07	9.3e-07	9.324e-07	9.229e-07	9.251e-07	9.194e-07
12.71	9.505e-07	9.465e-07	9.476e-07	9.43e-07	9.45e-07	9.371e-07	9.389e-07	9.367e-07	9.389e-07	9.326e-07	9.3e-07	9.324e-07	9.229e-07	9.251e-07	9.194e-07
12.72	9.505e-07	9.465e-07	9.476e-07	9.43e-07	9.45e-07	9.371e-07	9.389e-07	9.367e-07	9.389e-07	9.326e-07	9.3e-07	9.324e-07	9.229e-07	9.251e-07	9.194e-07
12.73	9.505e-07	9.465e-07	9.476e-07	9.43e-07	9.45e-07	9.371e-07	9.389e-07	9.367e-07	9.389e-07	9.326e-07	9.3e-07	9.324e-07	9.229e-07	9.251e-07	9.194e-07
12.74	9.505e-07	9.465e-07	9.476e-07	9.43e-07	9.45e-07	9.371e-07	9.389e-07	9.367e-07	9.389e-07	9.326e-07	9.3e-07	9.324e-07	9.229e-07	9.251e-07	9.194e-07
12.75	9.505e-07	9.465e-07	9.476e-07	9.43e-07	9.45e-07	9.371e-07	9.389e-07	9.367e-07	9.389e-07	9.326e-07	9.3e-07	9.324e-07	9.229e-07	9.251e-07	9.194e-07
12.76	9.505e-07	9.465e-07	9.476e-07	9.43e-07	9.45e-07	9.371e-07	9.389e-07	9.367e-07	9.389e-07	9.326e-07	9.3e-07	9.324e-07	9.229e-07	9.251e-07	9.194e-07
12.77	9.505e-07	9.465e-07	9.476e-07	9.43e-07	9.45e-07	9.371e-07	9.389e-07	9.367e-07	9.389e-07	9.326e-07	9.3e-07	9.324e-07	9.229e-07	9.251e-07	9.194e-07
12.78	9.505e-07	9.465e-07	9.476e-07	9.43e-07	9.45e-07	9.371e-07	9.389e-07	9.367e-07	9.389e-07	9.326e-07	9.3e-07	9.324e-07	9.229e-07	9.251e-07	9.194e-07
12.79	9.505e-07	9.465e-07	9.476e-07	9.43e-07	9.45e-07	9.371e-07	9.389e-07	9.367e-07	9.389e-07	9.326e-07	9.3e-07	9.324e-07	9.229e-07	9.251e-07	9.194e-07
12.8	9.498e-07	9.465e-07	9.472e-07	9.465e-07	9.454e-07	9.367e-07	9.396e-07	9.367e-07	9.392e-07	9.36e-07	9.335e-07	9.275e-07	9.226e-07	9.21e-07	9.19e-07
12.81	9.498e-07	9.465e-07	9.472e-07	9.465e-07	9.454e-07	9.367e-07	9.396e-07	9.367e-07	9.392e-07	9.36e-07	9.335e-07	9.275e-07	9.226e-07	9.21e-07	9.19e-07
12.82	9.498e-07	9.465e-07	9.472e-07	9.465e-07	9.454e-07	9.367e-07	9.396e-07	9.367e-07	9.392e-07	9.36e-07	9.335e-07	9.275e-07	9.226e-07	9.21e-07	9.19e-07
12.83	9.498e-07	9.465e-07	9.472e-07	9.465e-07	9.454e-07	9.367e-07	9.396e-07	9.367e-07	9.392e-07	9.36e-07	9.335e-07	9.275e-07	9.226e-07	9.21e-07	9.19e-07
12.84	9.498e-07	9.465e-07	9.472e-07	9.465e-07	9.454e-07	9.367e-07	9.396e-07	9.367e-07	9.392e-07	9.36e-07	9.335e-07	9.275e-07	9.226e-07	9.21e-07	9.19e-07
12.85	9.498e-07	9.465e-07	9.472e-07	9.465e-07	9.454e-07	9.367e-07	9.396e-07	9.367e-07	9.392e-07	9.36e-07	9.335e-07	9.275e-07	9.226e-07	9.21e-07	9.19e-07
12.86	9.498e-07	9.465e-07	9.472e-07	9.465e-07	9.454e-07	9.367e-07	9.396e-07	9.367e-07	9.392e-07	9.36e-07	9.335e-07	9.275e-07	9.226e-07	9.21e-07	9.19e-07
12.87	9.498e-07	9.465e-07	9.472e-07	9.465e-07	9.454e-07	9.367e-07	9.396e-07	9.367e-07	9.392e-07	9.36e-07	9.335e-07	9.275e-07	9.226e-07	9.21e-07	9.19e-07
12.88	9.498e-07	9.465e-07	9.472e-07	9.465e-07	9.454e-07	9.367e-07	9.396e-07	9.367e-07	9.392e-07	9.36e-07	9.335e-07	9.275e-07	9.226e-07	9.21e-07	9.19e-07
12.89	9.498e-07	9.465e-07	9.472e-07	9.465e-07	9.454e-07	9.367e-07	9.396e-07	9.367e-07	9.392e-07	9.36e-07	9.335e-07	9.275e-07	9.226e-07	9.21e-07	9.19e-07
12.9	9.498e-07	9.472e-07	9.465e-07	9.412e-07	9.465e-07	9.36e-07	9.389e-07	9.367e-07	9.392e-07	9.356e-07	9.373e-07	9.275e-07	9.27e-07	9.258e-07	9.197e-07
12.91	9.498e-07	9.472e-07	9.465e-07	9.412e-07	9.465e-07	9.36e-07	9.389e-07	9.367e-07	9.392e-07	9.356e-07	9.373e-07	9.275e-07	9.27e-07	9.258e-07	9.197e-07
12.92	9.498e-07	9.472e-07	9.465e-07	9.412e-07	9.465e-07	9.36e-07	9.389e-07	9.367e-07	9.392e-07	9.356e-07	9.373e-07	9.275e-07	9.27e-07	9.258e-07	9.197e-07
12.93	9.498e-07	9.472e-07	9.465e-07	9.412e-07	9.465e-07	9.36e-07	9.389e-07	9.367e-07	9.392e-07	9.356e-07	9.373e-07	9.275e-07	9.27e-07	9.258e-07	9.197e-07
12.94	9.498e-07	9.472e-07	9.465e-07	9.412e-07	9.465e-07	9.36e-07	9.389e-07	9.367e-07	9.392e-07	9.356e-07	9.373e-07	9.275e-07	9.27e-07	9.258e-07	9.197e-07
12.95	9.498e-07	9.472e-07	9.465e-07	9.412e-07	9.465e-07	9.36e-07	9.389e-07	9.367e-07	9.392e-07	9.356e-07	9.373e-07	9.275e-07	9.27e-07	9.258e-07	9.197e-07
12.96	9.498e-07	9.472e-07	9.465e-07	9.412e-07	9.465e-07	9.36e-07	9.389e-07	9.367e-07	9.392e-07	9.356e-07	9.373e-07	9.275e-07	9.27e-07	9.258e-07	9.197e-07
12.97	9.498e-07	9.472e-07	9.465e-07	9.412e-07	9.465e-07	9.36e-07	9.389e-07	9.367e-07	9.392e-07	9.356e-07	9.373e-07	9.275e-07	9.27e-07	9.258e-07	9.197e-07
12.98	9.498e-07	9.472e-07	9.465e-07	9.412e-07	9.465e-07	9.36e-07	9.389e-07	9.367e-07	9.392e-07	9.356e-07	9.373e-07	9.275e-07	9.27e-07	9.258e-07	9.197e-07
12.99	9.498e-07	9.472e-07	9.465e-07	9.412e-07	9.465e-07	9.36e-07	9.389e-07	9.367e-07	9.392e-07	9.356e-07	9.373e-07	9.275e-07	9.27e-07	9.258e-07	9.197e-07
13	9.54e-07	9.468e-07	9.461e-07	9.454e-07	9.434e-07	9.36e-07	9.344e-07	9.363e-07	9.392e-07	9.36e-07	9.342e-07	9.32e-07	9.236e-07	9.261e-07	9.201e-07
13.01	9.54e-07	9.468e-07	9.461e-07	9.454e-07	9.434e-07	9.36e-07	9.344e-07	9.363e-07	9.392e-07	9.36e-07	9.342e-07	9.32e-07	9.236e-07	9.261e-07	9.201e-07
13.02	9.54e-07	9.468e-07	9.461e-07	9.454e-07	9.434e-07	9.36e-07	9.344e-07	9.363e-07	9.392e-07	9.36e-07	9.342e-07	9.32e-07	9.236e-07	9.261e-07	9.201e-07
13.03	9.54e-07	9.468e-07	9.461e-07	9.454e-07	9.434e-07	9.36e-07	9.344e-07	9.363e-07	9.392e-07	9.36e-07	9.342e-07	9.32e-07	9.236e-07	9.261e-07	9.201e-07
13.04	9.54e-07	9.468e-07	9.461e-07	9.454e-07	9.434e-07	9.36e-07	9.344e-07	9.363e-07	9.392e-07	9.36e-07	9.342e-07	9.32e-07	9.236e-07	9.261e-07	9.201e-07
13.05	9.54e-07	9.468e-07	9.461e-07	9.454e-07	9.434e-07	9.36e-07	9.344e-07	9.363e-07	9.392e-07	9.36e-07	9.342e-07	9.32e-07	9.236e-07	9.261e-07	9.201e-07
13.06	9.54e-07	9.468e-07	9.461e-07	9.454e-07	9.434e-07	9.36e-07	9.344e-07	9.363e-07	9.392e-07	9.36e-07	9.342e-07	9.32e-07	9.236e-07	9.261e-07	9.201e-07
13.07	9.54e-07	9.468e-07	9.461e-07	9.454e-07	9.434e-07	9.36e-07	9.344e-07	9.363e-07	9.392e-07	9.36e-07	9.342e-07	9.32e-07	9.236e-07	9.261e-07	9.201e-07
13.08	9.54e-07	9.468e-07	9.461e-07	9.454e-07	9.434e-07	9.36e-07	9.344e-07	9.363e-07	9.392e-07	9.36e-07	9.342e-07	9.32e-07	9.236e-07	9.261e-07	9.201e-07
13.09	9.54e-07	9.468e-07	9.461e-07	9.454e-07	9.434e-07	9.36e-07	9.344e-07	9.363e-07	9.392e-07	9.36e-07	9.342e-07	9.32e-07	9.236e-07	9.261e-07	9.201e-07
13.1	9.532e-07	9.468e-07	9.45e-07	9.45e-07	9.476e-07	9.356e-07	9.385e-07	9.367e-07	9.399e-07	9.318e-07	9.308e-07	9.275e-07	9.24e-07	9.299e-07	9.204e-07
13.11	9.532e-07	9.468e-07	9.45e-07	9.45e-07	9.476e-07	9.356e-07	9.385e-07	9.367e-07	9.399e-07	9.318e-07	9.308e-07	9.275e-07	9.24e-07	9.299e-07	9.204e-07
13.12	9.532e-07	9.468e-07	9.45e-07	9.45e-07	9.476e-07	9.356e-07	9.385e-07	9.367e-07	9.399e-07	9.318e-07	9.308e-07	9.275e-07	9.24e-07	9.299e-07	9.204e-07
13.13	9.532e-07	9.468e-07	9.45e-07	9.45e-07	9.476e-07	9.356e-07	9.385e-07	9.367e-07	9.399e-07	9.318e-07	9.308e-07	9.275e-07	9.24e-07	9.299e-07	9.204e-07
13.14	9.532e-07	9.468e-07	9.45e-07	9.45e-07	9.476e-07	9.356e-07	9.385e-07	9.367e-07	9.399e-07	9.318e-07	9.308e-07	9.275e-07	9.24e-07	9.299e-07	9.204e-07
13.15	9.532e-07	9.468e-07	9.45e-07	9.45e-07	9.476e-07	9.356e-07	9.385e-07	9.367e-07	9.399e-07	9.318e-07	9.308e-07	9.275e-07	9.24e-07	9.299e-07	9.204e-07
13.16	9.532e-07	9.468e-07	9.45e-07	9.45e-07	9.476e-07	9.356e-07	9.385e-07	9.367e-07	9.399e-07	9.318e-07	9.308e-07	9.275e-07	9.24e-07	9.299e-07	9.204e-07
13.17	9.532e-07	9.468e-07	9.45e-07	9.45e-07	9.476e-07	9.356e-07	9.385e-07	9.367e-07	9.399e-07	9.318e-07	9.308e-07	9.275e-07	9.24e-07	9.299e-07	9.204e-07
13.18	9.532e-07	9.468e-07	9.45e-07	9.45e-07	9.476e-07	9.356e-07	9.385e-07	9.367e-07	9.399e-07	9.318e-07	9.308e-07	9.275e-07	9.24e-07	9.299e-07	9.204e-07
13.19	9.532e-07	9.468e-07	9.45e-07	9.45e-07	9.476e-07	9.356e-07	9.385e-07	9.367e-07	9.399e-07	9.318e-07	9.308e-07	9.275e-07	9.24e-07	9.299e-07	9.204e-07
13.2	9.49e-07	9.461e-07	9.443e-07	9.408e-07	9.472e-07	9.345e-07	9.385e-07	9.398e-07	9.414e-07	9.367e-07	9.36e-07	9.32e-07	9.24e-07	9.292e-07	9.252e-07
13.21	9.49e-07	9.461e-07	9.443e-07	9.408e-07	9.472e-07	9.345e-07	9.385e-07	9.398e-07	9.414e-07	9.367e-07	9.36e-07	9.32e-07	9.24e-07	9.292e-07	9.252e-07
13.22	9.49e-07	9.461e-07	9.443e-07	9.408e-07	9.472e-07	9.345e-07	9.385e-07	9.398e-07	9.414e-07	9.367e-07	9.36e-07	9.32e-07	9.24e-07	9.292e-07	9.252e-07
13.23	9.49e-07	9.461e-07	9.443e-07	9.408e-07	9.472e-07	9.345e-07	9.385e-07	9.398e-07	9.414e-07	9.367e-07	9.36e-07	9.32e-07	9.24e-07	9.292e-07	9.252e-07
13.24	9.49e-07	9.461e-07	9.443e-07	9.408e-07	9.472e-07	9.345e-07	9.385e-07	9.398e-07	9.414e-07	9.367e-07	9.36e-07	9.32e-07	9.24e-07	9.292e-07	9.252e-07
13.25	9.49e-07	9.461e-07	9.443e-07	9.408e-07	9.472e-07	9.345e-07	9.385e-07	9.398e-07	9.414e-07	9.367e-07	9.36e-07	9.32e-07	9.24e-07	9.292e-07	9.252e-07
13.26	9.49e-07	9.461e-07	9.443e-07	9.408e-07	9.472e-07	9.345e-07	9.385e-07	9.398e-07	9.414e-07	9.367e-07	9.36e-07	9.32e-07	9.24e-07	9.292e-07	9.252e-07
13.27	9.49e-07	9.461e-07	9.443e-07	9.408e-07	9.472e-07	9.345e-07	9.385e-07	9.398e-07	9.414e-07	9.367e-07	9.36e-07	9.32e-07	9.24e-07	9.292e-07	9.252e-07
13.28	9.49e-07	9.461e-07	9.443e-07	9.408e-07	9.472e-07	9.345e-07	9.385e-07	9.398e-07	9.414e-07	9.367e-07	9.36e-07	9.32e-07	9.24e-07	9.292e-07	9.252e-07
13.29	9.49e-07	9.461e-07	9.443e-07	9.408e-07	9.472e-07	9.345e-07	9.385e-07	9.398e-07	9.414e-07	9.367e-07	9.36e-07	9.32e-07	9.24e-07	9.292e-07	9.252e-07
13.3	9.494e-07	9.461e-07	9.436e-07	9.408e-07	9.434e-07	9.353e-07	9.381e-07	9.345e-07	9.369e-07	9.318e-07	9.311e-07	9.283e-07	9.277e-07	9.281e-07	9.263e-07
13.31	9.494e-07	9.461e-07	9.436e-07	9.408e-07	9.434e-07	9.353e-07	9.381e-07	9.345e-07	9.369e-07	9.318e-07	9.311e-07	9.283e-07	9.277e-07	9.281e-07	9.263e-07
13.32	9.494e-07	9.461e-07	9.436e-07	9.408e-07	9.434e-07	9.353e-07	9.381e-07	9.345e-07	9.369e-07	9.318e-07	9.311e-07	9.283e-07	9.277e-07	9.281e-07	9.263e-07
13.33	9.494e-07	9.461e-07	9.436e-07	9.408e-07	9.434e-07	9.353e-07	9.381e-07	9.345e-07	9.369e-07	9.318e-07	9.311e-07	9.283e-07	9.277e-07	9.281e-07	9.263e-07
13.34	9.494e-07	9.461e-07	9.436e-07	9.408e-07	9.434e-07	9.353e-07	9.381e-07	9.345e-07	9.369e-07	9.318e-07	9.311e-07	9.283e-07	9.277e-07	9.281e-07	9.263e-07
13.35	9.494e-07	9.461e-07	9.436e-07	9.408e-07	9.434e-07	9.353e-07	9.381e-07	9.345e-07	9.369e-07	9.318e-07	9.311e-07	9.283e-07	9.277e-07	9.281e-07	9.263e-07
13.36	9.494e-07	9.461e-07	9.436e-07	9.408e-07	9.434e-07	9.353e-07	9.381e-07	9.345e-07	9.369e-07	9.318e-07	9.311e-07	9.283e-07	9.277e-07	9.281e-07	9.263e-07
13.37	9.494e-07	9.461e-07	9.436e-07	9.408e-07	9.434e-07	9.353e-07	9.381e-07	9.345e-07	9.369e-07	9.318e-07	9.311e-07	9.283e-07	9.277e-07	9.281e-07	9.263e-07
13.38	9.494e-07	9.461e-07	9.436e-07	9.408e-07	9.434e-07	9.353e-07	9.381e-07	9.345e-07	9.369e-07	9.318e-07	9.311e-07	9.283e-07	9.277e-07	9.281e-07	9.263e-07
13.39	9.494e-07	9.461e-07	9.436e-07	9.408e-07	9.434e-07	9.353e-07	9.381e-07	9.345e-07	9.369e-07	9.318e-07	9.311e-07	9.283e-07	9.277e-07	9.281e-07	9.263e-07
13.4	9.479e-07	9.465e-07	9.439e-07	9.447e-07	9.61e-07	9.36e-07	9.389e-07	9.349e-07	9.41e-07	9.367e-07	9.36e-07	9.275e-07	9.27e-07	9.202e-07	9.222e-07
13.41	9.479e-07	9.465e-07	9.439e-07	9.447e-07	9.61e-07	9.36e-07	9.389e-07	9.349e-07	9.41e-07	9.367e-07	9.36e-07	9.275e-07	9.27e-07	9.202e-07	9.222e-07
13.42	9.479e-07	9.465e-07	9.439e-07	9.447e-07	9.61e-07	9.36e-07	9.389e-07	9.349e-07	9.41e-07	9.367e-07	9.36e-07	9.275e-07	9.27e-07	9.202e-07	9.222e-07
13.43	9.479e-07	9.465e-07	9.439e-07	9.447e-07	9.61e-07	9.36e-07	9.389e-07	9.349e-07	9.41e-07	9.367e-07	9.36e-07	9.275e-07	9.27e-07	9.202e-07	9.222e-07
13.44	9.479e-07	9.465e-07	9.439e-07	9.447e-07	9.61e-07	9.36e-07	9.389e-07	9.349e-07	9.41e-07	9.367e-07	9.36e-07	9.275e-07	9.27e-07	9.202e-07	9.222e-07
13.45	9.479e-07	9.465e-07	9.439e-07	9.447e-07	9.61e-07	9.36e-07	9.389e-07	9.349e-07	9.41e-07	9.367e-07	9.36e-07	9.275e-07	9.27e-07	9.202e-07	9.222e-07
13.46	9.479e-07	9.465e-07	9.439e-07	9.447e-07	9.61e-07	9.36e-07	9.389e-07	9.349e-07	9.41e-07	9.367e-07	9.36e-07	9.275e-07	9.27e-07	9.202e-07	9.222e-07
13.47	9.479e-07	9.465e-07	9.439e-07	9.447e-07	9.61e-07	9.36e-07	9.389e-07	9.349e-07	9.41e-07	9.367e-07	9.36e-07	9.275e-07	9.27e-07	9.202e-07	9.222e-07
13.48	9.479e-07	9.465e-07	9.439e-07	9.447e-07	9.61e-07	9.36e-07	9.389e-07	9.349e-07	9.41e-07	9.367e-07	9.36e-07	9.275e-07	9.27e-07	9.202e-07	9.222e-07
13.49	9.479e-07	9.465e-07	9.439e-07	9.447e-07	9.61e-07	9.36e-07	9.389e-07	9.349e-07	9.41e-07	9.367e-07	9.36e-07	9.275e-07	9.27e-07	9.202e-07	9.222e-07
13.5	9.437e-07	9.461e-07	9.439e-07	9.447e-07	9.437e-07	9.363e-07	9.381e-07	9.36e-07	9.407e-07	9.374e-07	9.27e-07	9.268e-07	9.27e-07	9.281e-07	9.26e-07
13.51	9.437e-07	9.461e-07	9.439e-07	9.447e-07	9.437e-07	9.363e-07	9.381e-07	9.36e-07	9.407e-07	9.374e-07	9.27e-07	9.268e-07	9.27e-07	9.281e-07	9.26e-07
13.52	9.437e-07	9.461e-07	9.439e-07	9.447e-07	9.437e-07	9.363e-07	9.381e-07	9.36e-07	9.407e-07	9.374e-07	9.27e-07	9.268e-07	9.27e-07	9.281e-07	9.26e-07
13.53	9.437e-07	9.461e-07	9.439e-07	9.447e-07	9.437e-07	9.363e-07	9.381e-07	9.36e-07	9.407e-07	9.374e-07	9.27e-07	9.268e-07	9.27e-07	9.281e-07	9.26e-07
13.54	9.437e-07	9.461e-07	9.439e-07	9.447e-07	9.437e-07	9.363e-07	9.381e-07	9.36e-07	9.407e-07	9.374e-07	9.27e-07	9.268e-07	9.27e-07	9.281e-07	9.26e-07
13.55	9.437e-07	9.461e-07	9.439e-07	9.447e-07	9.437e-07	9.363e-07	9.381e-07	9.36e-07	9.407e-07	9.374e-07	9.27e-07	9.268e-07	9.27e-07	9.281e-07	9.26e-07
13.56	9.437e-07	9.461e-07	9.439e-07	9.447e-07	9.437e-07	9.363e-07	9.381e-07	9.36e-07	9.407e-07	9.374e-07	9.27e-07	9.268e-07	9.27e-07	9.281e-07	9.26e-07
13.57	9.437e-07	9.461e-07	9.439e-07	9.447e-07	9.437e-07	9.363e-07	9.381e-07	9.36e-07	9.407e-07	9.374e-07	9.27e-07	9.268e-07	9.27e-07	9.281e-07	9.26e-07
13.58	9.437e-07	9.461e-07	9.439e-07	9.447e-07	9.437e-07	9.363e-07	9.381e-07	9.36e-07	9.407e-07	9.374e-07	9.27e-07	9.268e-07	9.27e-07	9.281e-07	9.26e-07
13.59	9.437e-07	9.461e-07	9.439e-07	9.447e-07	9.437e-07	9.363e-07	9.381e-07	9.36e-07	9.407e-07	9.374e-07	9.27e-07	9.268e-07	9.27e-07	9.281e-07	9.26e-07
13.6	9.521e-07	9.457e-07	9.436e-07	9.394e-07	9.479e-07	9.405e-07	9.371e-07	9.356e-07	9.403e-07	9.333e-07	9.311e-07	9.268e-07	9.226e-07	9.285e-07	9.26e-07
13.61	9.521e-07	9.457e-07	9.436e-07	9.394e-07	9.479e-07	9.405e-07	9.371e-07	9.356e-07	9.403e-07	9.333e-07	9.311e-07	9.268e-07	9.226e-07	9.285e-07	9.26e-07
13.62	9.521e-07	9.457e-07	9.436e-07	9.394e-07	9.479e-07	9.405e-07	9.371e-07	9.356e-07	9.403e-07	9.333e-07	9.311e-07	9.268e-07	9.226e-07	9.285e-07	9.26e-07
13.63	9.521e-07	9.457e-07	9.436e-07	9.394e-07	9.479e-07	9.405e-07	9.371e-07	9.356e-07	9.403e-07	9.333e-07	9.311e-07	9.268e-07	9.226e-07	9.285e-07	9.26e-07
13.64	9.521e-07	9.457e-07	9.436e-07	9.394e-07	9.479e-07	9.405e-07	9.371e-07	9.356e-07	9.403e-07	9.333e-07	9.311e-07	9.268e-07	9.226e-07	9.285e-07	9.26e-07
13.65	9.521e-07	9.457e-07	9.436e-07	9.394e-07	9.479e-07	9.405e-07	9.371e-07	9.356e-07	9.403e-07	9.333e-07	9.311e-07	9.268e-07	9.226e-07	9.285e-07	9.26e-07
13.66	9.521e-07	9.457e-07	9.436e-07	9.394e-07	9.479e-07	9.405e-07	9.371e-07	9.356e-07	9.403e-07	9.333e-07	9.311e-07	9.268e-07	9.226e-07	9.285e-07	9.26e-07
13.67	9.521e-07	9.457e-07	9.436e-07	9.394e-07	9.479e-07	9.405e-07	9.371e-07	9.356e-07	9.403e-07	9.333e-07	9.311e-07	9.268e-07	9.226e-07	9.285e-07	9.26e-07
13.68	9.521e-07	9.457e-07	9.436e-07	9.394e-07	9.479e-07	9.405e-07	9.371e-07	9.356e-07	9.403e-07	9.333e-07	9.311e-07	9.268e-07	9.226e-07	9.285e-07	9.26e-07
13.69	9.521e-07	9.457e-07	9.436e-07	9.394e-07	9.479e-07	9.405e-07	9.371e-07	9.356e-07	9.403e-07	9.333e-07	9.311e-07	9.268e-07	9.226e-07	9.285e-07	9.26e-07
13.7	9.479e-07	9.457e-07	9.443e-07	9.432e-07	9.472e-07	9.36e-07	9.363e-07	9.311e-07	9.358e-07	9.333e-07	9.3e-07	9.272e-07	9.226e-07	9.243e-07	9.219e-07
13.71	9.479e-07	9.457e-07	9.443e-07	9.432e-07	9.472e-07	9.36e-07	9.363e-07	9.311e-07	9.358e-07	9.333e-07	9.3e-07	9.272e-07	9.226e-07	9.243e-07	9.219e-07
13.72	9.479e-07	9.457e-07	9.443e-07	9.432e-07	9.472e-07	9.36e-07	9.363e-07	9.311e-07	9.358e-07	9.333e-07	9.3e-07	9.272e-07	9.226e-07	9.243e-07	9.219e-07
13.73	9.479e-07	9.457e-07	9.443e-07	9.432e-07	9.472e-07	9.36e-07	9.363e-07	9.311e-07	9.358e-07	9.333e-07	9.3e-07	9.272e-07	9.226e-07	9.243e-07	9.219e-07
13.74	9.479e-07	9.457e-07	9.443e-07	9.432e-07	9.472e-07	9.36e-07	9.363e-07	9.311e-07	9.358e-07	9.333e-07	9.3e-07	9.272e-07	9.226e-07	9.243e-07	9.219e-07
13.75	9.479e-07	9.457e-07	9.443e-07	9.432e-07	9.472e-07	9.36e-07	9.363e-07	9.311e-07	9.358e-07	9.333e-07	9.3e-07	9.272e-07	9.226e-07	9.243e-07	9.219e-07
13.76	9.479e-07	9.457e-07	9.443e-07	9.432e-07	9.472e-07	9.36e-07	9.363e-07	9.311e-07	9.358e-07	9.333e-07	9.3e-07	9.272e-07	9.226e-07	9.243e-07	9.219e-07
13.77	9.479e-07	9.457e-07	9.443e-07	9.432e-07	9.472e-07	9.36e-07	9.363e-07	9.311e-07	9.358e-07	9.333e-07	9.3e-07	9.272e-07	9.226e-07	9.243e-07	9.219e-07
13.78	9.479e-07	9.457e-07	9.443e-07	9.432e-07	9.472e-07	9.36e-07	9.363e-07	9.311e-07	9.358e-07	9.333e-07	9.3e-07	9.272e-07	9.226e-07	9.243e-07	9.219e-07
13.79	9.479e-07	9.457e-07	9.443e-07	9.432e-07	9.472e-07	9.36e-07	9.363e-07	9.311e-07	9.358e-07	9.333e-07	9.3e-07	9.272e-07	9.226e-07	9.243e-07	9.219e-07
13.8	9.472e-07	9.457e-07	9.447e-07	9.39e-07	9.461e-07	9.36e-07	9.363e-07	9.318e-07	9.427e-07	9.378e-07	9.297e-07	9.265e-07	9.263e-07	9.243e-07	9.211e-07
13.81	9.472e-07	9.457e-07	9.447e-07	9.39e-07	9.461e-07	9.36e-07	9.363e-07	9.318e-07	9.427e-07	9.378e-07	9.297e-07	9.265e-07	9.263e-07	9.243e-07	9.211e-07
13.82	9.472e-07	9.457e-07	9.447e-07	9.39e-07	9.461e-07	9.36e-07	9.363e-07	9.318e-07	9.427e-07	9.378e-07	9.297e-07	9.265e-07	9.263e-07	9.243e-07	9.211e-07
13.83	9.472e-07	9.457e-07	9.447e-07	9.39e-07	9.461e-07	9.36e-07	9.363e-07	9.318e-07	9.427e-07	9.378e-07	9.297e-07	9.265e-07	9.263e-07	9.243e-07	9.211e-07
13.84	9.472e-07	9.457e-07	9.447e-07	9.39e-07	9.461e-07	9.36e-07	9.363e-07	9.318e-07	9.427e-07	9.378e-07	9.297e-07	9.265e-07	9.263e-07	9.243e-07	9.211e-07
13.85	9.472e-07	9.457e-07	9.447e-07	9.39e-07	9.461e-07	9.36e-07	9.363e-07	9.318e-07	9.427e-07	9.378e-07	9.297e-07	9.265e-07	9.263e-07	9.243e-07	9.211e-07
13.86	9.472e-07	9.457e-07	9.447e-07	9.39e-07	9.461e-07	9.36e-07	9.363e-07	9.318e-07	9.427e-07	9.378e-07	9.297e-07	9.265e-07	9.263e-07	9.243e-07	9.211e-07
13.87	9.472e-07	9.457e-07	9.447e-07	9.39e-07	9.461e-07	9.36e-07	9.363e-07	9.318e-07	9.427e-07	9.378e-07	9.297e-07	9.265e-07	9.263e-07	9.243e-07	9.211e-07
13.88	9.472e-07	9.457e-07	9.447e-07	9.39e-07	9.461e-07	9.36e-07	9.363e-07	9.318e-07	9.427e-07	9.378e-07	9.297e-07	9.265e-07	9.263e-07	9.243e-07	9.211e-07
13.89	9.472e-07	9.457e-07	9.447e-07	9.39e-07	9.461e-07	9.36e-07	9.363e-07	9.318e-07	9.427e-07	9.378e-07	9.297e-07	9.265e-07	9.263e-07	9.243e-07	9.211e-07
13.9	9.514e-07	9.465e-07	9.45e-07	9.432e-07	9.454e-07	9.405e-07	9.356e-07	9.371e-07	9.381e-07	9.333e-07	9.338e-07	9.299e-07	9.219e-07	9.24e-07	9.208e-07
13.91	9.514e-07	9.465e-07	9.45e-07	9.432e-07	9.454e-07	9.405e-07	9.356e-07	9.371e-07	9.381e-07	9.333e-07	9.338e-07	9.299e-07	9.219e-07	9.24e-07	9.208e-07
13.92	9.514e-07	9.465e-07	9.45e-07	9.432e-07	9.454e-07	9.405e-07	9.356e-07	9.371e-07	9.381e-07	9.333e-07	9.338e-07	9.299e-07	9.219e-07	9.24e-07	9.208e-07
13.93	9.514e-07	9.465e-07	9.45e-07	9.432e-07	9.454e-07	9.405e-07	9.356e-07	9.371e-07	9.381e-07	9.333e-07	9.338e-07	9.299e-07	9.219e-07	9.24e-07	9.208e-07
13.94	9.514e-07	9.465e-07	9.45e-07	9.432e-07	9.454e-07	9.405e-07	9.356e-07	9.371e-07	9.381e-07	9.333e-07	9.338e-07	9.299e-07	9.219e-07	9.24e-07	9.208e-07
13.95	9.514e-07	9.465e-07	9.45e-07	9.432e-07	9.454e-07	9.405e-07	9.356e-07	9.371e-07	9.381e-07	9.333e-07	9.338e-07	9.299e-07	9.219e-07	9.24e-07	9.208e-07
13.96	9.514e-07	9.465e-07	9.45e-07	9.432e-07	9.454e-07	9.405e-07	9.356e-07	9.371e-07	9.381e-07	9.333e-07	9.338e-07	9.299e-07	9.219e-07	9.24e-07	9.208e-07
13.97	9.514e-07	9.465e-07	9.45e-07	9.432e-07	9.454e-07	9.405e-07	9.356e-07	9.371e-07	9.381e-07	9.333e-07	9.338e-07	9.299e-07	9.219e-07	9.24e-07	9.208e-07
13.98	9.514e-07	9.465e-07	9.45e-07	9.432e-07	9.454e-07	9.405e-07	9.356e-07	9.371e-07	9.381e-07	9.333e-07	9.338e-07	9.299e-07	9.219e-07	9.24e-07	9.208e-07
13.99	9.514e-07	9.465e-07	9.45e-07	9.432e-07	9.454e-07	9.405e-07	9.356e-07	9.371e-07	9.381e-07	9.333e-07	9.338e-07	9.299e-07	9.219e-07	9.24e-07	9.208e-07
14	9.472e-07	9.514e-07	9.454e-07	9.436e-07	9.457e-07	9.315e-07	9.356e-07	9.363e-07	9.389e-07	9.371e-07	9.297e-07	9.258e-07	9.301e-07	9.247e-07	9.235e-07
14.01	9.472e-07	9.514e-07	9.454e-07	9.436e-07	9.457e-07	9.315e-07	9.356e-07	9.363e-07	9.389e-07	9.371e-07	9.297e-07	9.258e-07	9.301e-07	9.247e-07	9.235e-07
14.02	9.472e-07	9.514e-07	9.454e-07	9.436e-07	9.457e-07	9.315e-07	9.356e-07	9.363e-07	9.389e-07	9.371e-07	9.297e-07	9.258e-07	9.301e-07	9.247e-07	9.235e-07
14.03	9.472e-07	9.514e-07	9.454e-07	9.436e-07	9.457e-07	9.315e-07	9.356e-07	9.363e-07	9.389e-07	9.371e-07	9.297e-07	9.258e-07	9.301e-07	9.247e-07	9.235e-07
14.04	9.472e-07	9.514e-07	9.454e-07	9.436e-07	9.457e-07	9.315e-07	9.356e-07	9.363e-07	9.389e-07	9.371e-07	9.297e-07	9.258e-07	9.301e-07	9.247e-07	9.235e-07
14.05	9.472e-07	9.514e-07	9.454e-07	9.436e-07	9.457e-07	9.315e-07	9.356e-07	9.363e-07	9.389e-07	9.371e-07	9.297e-07	9.258e-07	9.301e-07	9.247e-07	9.235e-07
14.06	9.472e-07	9.514e-07	9.454e-07	9.436e-07	9.457e-07	9.315e-07	9.356e-07	9.363e-07	9.389e-07	9.371e-07	9.297e-07	9.258e-07	9.301e-07	9.247e-07	9.235e-07
14.07	9.472e-07	9.514e-07	9.454e-07	9.436e-07	9.457e-07	9.315e-07	9.356e-07	9.363e-07	9.389e-07	9.371e-07	9.297e-07	9.258e-07	9.301e-07	9.247e-07	9.235e-07
14.08	9.472e-07	9.514e-07	9.454e-07	9.436e-07	9.457e-07	9.315e-07	9.356e-07	9.363e-07	9.389e-07	9.371e-07	9.297e-07	9.258e-07	9.301e-07	9.247e-07	9.235e-07
14.09	9.472e-07	9.514e-07	9.454e-07	9.436e-07	9.457e-07	9.315e-07	9.356e-07	9.363e-07	9.389e-07	9.371e-07	9.297e-07	9.258e-07	9.301e-07	9.247e-07	9.235e-07
14.1	9.472e-07	9.514e-07	9.468e-07	9.439e-07	9.461e-07	9.356e-07	9.44e-07	9.322e-07	9.385e-07	9.371e-07	9.3e-07	9.22e-07	9.263e-07	9.302e-07	9.197e-07
14.11	9.472e-07	9.514e-07	9.468e-07	9.439e-07	9.461e-07	9.356e-07	9.44e-07	9.322e-07	9.385e-07	9.371e-07	9.3e-07	9.22e-07	9.263e-07	9.302e-07	9.197e-07
14.12	9.472e-07	9.514e-07	9.468e-07	9.439e-07	9.461e-07	9.356e-07	9.44e-07	9.322e-07	9.385e-07	9.371e-07	9.3e-07	9.22e-07	9.263e-07	9.302e-07	9.197e-07
14.13	9.472e-07	9.514e-07	9.468e-07	9.439e-07	9.461e-07	9.356e-07	9.44e-07	9.322e-07	9.385e-07	9.371e-07	9.3e-07	9.22e-07	9.263e-07	9.302e-07	9.197e-07
14.14	9.472e-07	9.514e-07	9.468e-07	9.439e-07	9.461e-07	9.356e-07	9.44e-07	9.322e-07	9.385e-07	9.371e-07	9.3e-07	9.22e-07	9.263e-07	9.302e-07	9.197e-07
14.15	9.472e-07	9.514e-07	9.468e-07	9.439e-07	9.461e-07	9.356e-07	9.44e-07	9.322e-07	9.385e-07	9.371e-07	9.3e-07	9.22e-07	9.263e-07	9.302e-07	9.197e-07
14.16	9.472e-07	9.514e-07	9.468e-07	9.439e-07	9.461e-07	9.356e-07	9.44e-07	9.322e-07	9.385e-07	9.371e-07	9.3e-07	9.22e-07	9.263e-07	9.302e-07	9.197e-07
14.17	9.472e-07	9.514e-07	9.468e-07	9.439e-07	9.461e-07	9.356e-07	9.44e-07	9.322e-07	9.385e-07	9.371e-07	9.3e-07	9.22e-07	9.263e-07	9.302e-07	9.197e-07
14.18	9.472e-07	9.514e-07	9.468e-07	9.439e-07	9.461e-07	9.356e-07	9.44e-07	9.322e-07	9.385e-07	9.371e-07	9.3e-07	9.22e-07	9.263e-07	9.302e-07	9.197e-07
14.19	9.472e-07	9.514e-07	9.468e-07	9.439e-07	9.461e-07	9.356e-07	9.44e-07	9.322e-07	9.385e-07	9.371e-07	9.3e-07	9.22e-07	9.263e-07	9.302e-07	9.197e-07
14.2	9.472e-07	9.479e-07	9.476e-07	9.387e-07	9.461e-07	9.353e-07	9.315e-07	9.363e-07	9.381e-07	9.363e-07	9.304e-07	9.258e-07	9.27e-07	9.254e-07	9.194e-07
14.21	9.472e-07	9.479e-07	9.476e-07	9.387e-07	9.461e-07	9.353e-07	9.315e-07	9.363e-07	9.381e-07	9.363e-07	9.304e-07	9.258e-07	9.27e-07	9.254e-07	9.194e-07
14.22	9.472e-07	9.479e-07	9.476e-07	9.387e-07	9.461e-07	9.353e-07	9.315e-07	9.363e-07	9.381e-07	9.363e-07	9.304e-07	9.258e-07	9.27e-07	9.254e-07	9.194e-07
14.23	9.472e-07	9.479e-07	9.476e-07	9.387e-07	9.461e-07	9.353e-07	9.315e-07	9.363e-07	9.381e-07	9.363e-07	9.304e-07	9.258e-07	9.27e-07	9.254e-07	9.194e-07
14.24	9.472e-07	9.479e-07	9.476e-07	9.387e-07	9.461e-07	9.353e-07	9.315e-07	9.363e-07	9.381e-07	9.363e-07	9.304e-07	9.258e-07	9.27e-07	9.254e-07	9.194e-07
14.25	9.472e-07	9.479e-07	9.476e-07	9.387e-07	9.461e-07	9.353e-07	9.315e-07	9.363e-07	9.381e-07	9.363e-07	9.304e-07	9.258e-07	9.27e-07	9.254e-07	9.194e-07
14.26	9.472e-07	9.479e-07	9.476e-07	9.387e-07	9.461e-07	9.353e-07	9.315e-07	9.363e-07	9.381e-07	9.363e-07	9.304e-07	9.258e-07	9.27e-07	9.254e-07	9.194e-07
14.27	9.472e-07	9.479e-07	9.476e-07	9.387e-07	9.461e-07	9.353e-07	9.315e-07	9.363e-07	9.381e-07	9.363e-07	9.304e-07	9.258e-07	9.27e-07	9.254e-07	9.194e-07
14.28	9.472e-07	9.479e-07	9.476e-07	9.387e-07	9.461e-07	9.353e-07	9.315e-07	9.363e-07	9.381e-07	9.363e-07	9.304e-07	9.258e-07	9.27e-07	9.254e-07	9.194e-07
14.29	9.472e-07	9.479e-07	9.476e-07	9.387e-07	9.461e-07	9.353e-07	9.315e-07	9.363e-07	9.381e-07	9.363e-07	9.304e-07	9.258e-07	9.27e-07	9.254e-07	9.194e-07
14.3	9.479e-07	9.472e-07	9.472e-07	9.439e-07	9.461e-07	9.353e-07	9.356e-07	9.371e-07	9.371e-07	9.363e-07	9.342e-07	9.268e-07	9.233e-07	9.288e-07	9.249e-07
14.31	9.479e-07	9.472e-07	9.472e-07	9.439e-07	9.461e-07	9.353e-07	9.356e-07	9.371e-07	9.371e-07	9.363e-07	9.342e-07	9.268e-07	9.233e-07	9.288e-07	9.249e-07
14.32	9.479e-07	9.472e-07	9.472e-07	9.439e-07	9.461e-07	9.353e-07	9.356e-07	9.371e-07	9.371e-07	9.363e-07	9.342e-07	9.268e-07	9.233e-07	9.288e-07	9.249e-07
14.33	9.479e-07	9.472e-07	9.472e-07	9.439e-07	9.461e-07	9.353e-07	9.356e-07	9.371e-07	9.371e-07	9.363e-07	9.342e-07	9.268e-07	9.233e-07	9.288e-07	9.249e-07
14.34	9.479e-07	9.472e-07	9.472e-07	9.439e-07	9.461e-07	9.353e-07	9.356e-07	9.371e-07	9.371e-07	9.363e-07	9.342e-07	9.268e-07	9.233e-07	9.288e-07	9.249e-07
14.35	9.479e-07	9.472e-07	9.472e-07	9.439e-07	9.461e-07	9.353e-07	9.356e-07	9.371e-07	9.371e-07	9.363e-07	9.342e-07	9.268e-07	9.233e-07	9.288e-07	9.249e-07
14.36	9.479e-07	9.472e-07	9.472e-07	9.439e-07	9.461e-07	9.353e-07	9.356e-07	9.371e-07	9.371e-07	9.363e-07	9.342e-07	9.268e-07	9.233e-07	9.288e-07	9.249e-07
14.37	9.479e-07	9.472e-07	9.472e-07	9.439e-07	9.461e-07	9.353e-07	9.356e-07	9.371e-07	9.371e-07	9.363e-07	9.342e-07	9.268e-07	9.233e-07	9.288e-07	9.249e-07
14.38	9.479e-07	9.472e-07	9.472e-07	9.439e-07	9.461e-07	9.353e-07	9.356e-07	9.371e-07	9.371e-07	9.363e-07	9.342e-07	9.268e-07	9.233e-07	9.288e-07	9.249e-07
14.39	9.479e-07	9.472e-07	9.472e-07	9.439e-07	9.461e-07	9.353e-07	9.356e-07	9.371e-07	9.371e-07	9.363e-07	9.342e-07	9.268e-07	9.233e-07	9.288e-07	9.249e-07
14.4	9.476e-07	9.479e-07	9.476e-07	9.443e-07	9.447e-07	9.349e-07	9.363e-07	9.367e-07	9.322e-07	9.318e-07	9.293e-07	9.275e-07	9.247e-07	9.199e-07	9.208e-07
14.41	9.476e-07	9.479e-07	9.476e-07	9.443e-07	9.447e-07	9.349e-07	9.363e-07	9.367e-07	9.322e-07	9.318e-07	9.293e-07	9.275e-07	9.247e-07	9.199e-07	9.208e-07
14.42	9.476e-07	9.479e-07	9.476e-07	9.443e-07	9.447e-07	9.349e-07	9.363e-07	9.367e-07	9.322e-07	9.318e-07	9.293e-07	9.275e-07	9.247e-07	9.199e-07	9.208e-07
14.43	9.476e-07	9.479e-07	9.476e-07	9.443e-07	9.447e-07	9.349e-07	9.363e-07	9.367e-07	9.322e-07	9.318e-07	9.293e-07	9.275e-07	9.247e-07	9.199e-07	9.208e-07
14.44	9.476e-07	9.479e-07	9.476e-07	9.443e-07	9.447e-07	9.349e-07	9.363e-07	9.367e-07	9.322e-07	9.318e-07	9.293e-07	9.275e-07	9.247e-07	9.199e-07	9.208e-07
14.45	9.476e-07	9.479e-07	9.476e-07	9.443e-07	9.447e-07	9.349e-07	9.363e-07	9.367e-07	9.322e-07	9.318e-07	9.293e-07	9.275e-07	9.247e-07	9.199e-07	9.208e-07
14.46	9.476e-07	9.479e-07	9.476e-07	9.443e-07	9.447e-07	9.349e-07	9.363e-07	9.367e-07	9.322e-07	9.318e-07	9.293e-07	9.275e-07	9.247e-07	9.199e-07	9.208e-07
14.47	9.476e-07	9.479e-07	9.476e-07	9.443e-07	9.447e-07	9.349e-07	9.363e-07	9.367e-07	9.322e-07	9.318e-07	9.293e-07	9.275e-07	9.247e-07	9.199e-07	9.208e-07
14.48	9.476e-07	9.479e-07	9.476e-07	9.443e-07	9.447e-07	9.349e-07	9.363e-07	9.367e-07	9.322e-07	9.318e-07	9.293e-07	9.275e-07	9.247e-07	9.199e-07	9.208e-07
14.49	9.476e-07	9.479e-07	9.476e-07	9.443e-07	9.447e-07	9.349e-07	9.363e-07	9.367e-07	9.322e-07	9.318e-07	9.293e-07	9.275e-07	9.247e-07	9.199e-07	9.208e-07
14.5	9.468e-07	9.518e-07	9.483e-07	9.439e-07	9.439e-07	9.353e-07	9.374e-07	9.371e-07	9.414e-07	9.318e-07	9.283e-07	9.286e-07	9.295e-07	9.243e-07	9.208e-07
14.51	9.468e-07	9.518e-07	9.483e-07	9.439e-07	9.439e-07	9.353e-07	9.374e-07	9.371e-07	9.414e-07	9.318e-07	9.283e-07	9.286e-07	9.295e-07	9.243e-07	9.208e-07
14.52	9.468e-07	9.518e-07	9.483e-07	9.439e-07	9.439e-07	9.353e-07	9.374e-07	9.371e-07	9.414e-07	9.318e-07	9.283e-07	9.286e-07	9.295e-07	9.243e-07	9.208e-07
14.53	9.468e-07	9.518e-07	9.483e-07	9.439e-07	9.439e-07	9.353e-07	9.374e-07	9.371e-07	9.414e-07	9.318e-07	9.283e-07	9.286e-07	9.295e-07	9.243e-07	9.208e-07
14.54	9.468e-07	9.518e-07	9.483e-07	9.439e-07	9.439e-07	9.353e-07	9.374e-07	9.371e-07	9.414e-07	9.318e-07	9.283e-07	9.286e-07	9.295e-07	9.243e-07	9.208e-07
14.55	9.468e-07	9.518e-07	9.483e-07	9.439e-07	9.439e-07	9.353e-07	9.374e-07	9.371e-07	9.414e-07	9.318e-07	9.283e-07	9.286e-07	9.295e-07	9.243e-07	9.208e-07
14.56	9.468e-07	9.518e-07	9.483e-07	9.439e-07	9.439e-07	9.353e-07	9.374e-07	9.371e-07	9.414e-07	9.318e-07	9.283e-07	9.286e-07	9.295e-07	9.243e-07	9.208e-07
14.57	9.468e-07	9.518e-07	9.483e-07	9.439e-07	9.439e-07	9.353e-07	9.374e-07	9.371e-07	9.414e-07	9.318e-07	9.283e-07	9.286e-07	9.295e-07	9.243e-07	9.208e-07
14.58	9.468e-07	9.518e-07	9.483e-07	9.439e-07	9.439e-07	9.353e-07	9.374e-07	9.371e-07	9.414e-07	9.318e-07	9.283e-07	9.286e-07	9.295e-07	9.243e-07	9.208e-07
14.59	9.468e-07	9.518e-07	9.483e-07	9.439e-07	9.439e-07	9.353e-07	9.374e-07	9.371e-07	9.414e-07	9.318e-07	9.283e-07	9.286e-07	9.295e-07	9.243e-07	9.208e-07
14.6	9.468e-07	9.468e-07	9.525e-07	9.439e-07	9.439e-07	9.36e-07	9.363e-07	9.367e-07	9.374e-07	9.363e-07	9.279e-07	9.29e-07	9.206e-07	9.281e-07	9.208e-07
14.61	9.468e-07	9.468e-07	9.525e-07	9.439e-07	9.439e-07	9.36e-07	9.363e-07	9.367e-07	9.374e-07	9.363e-07	9.279e-07	9.29e-07	9.206e-07	9.281e-07	9.208e-07
14.62	9.468e-07	9.468e-07	9.525e-07	9.439e-07	9.439e-07	9.36e-07	9.363e-07	9.367e-07	9.374e-07	9.363e-07	9.279e-07	9.29e-07	9.206e-07	9.281e-07	9.208e-07
14.63	9.468e-07	9.468e-07	9.525e-07	9.439e-07	9.439e-07	9.36e-07	9.363e-07	9.367e-07	9.374e-07	9.363e-07	9.279e-07	9.29e-07	9.206e-07	9.281e-07	9.208e-07
14.64	9.468e-07	9.468e-07	9.525e-07	9.439e-07	9.439e-07	9.36e-07	9.363e-07	9.367e-07	9.374e-07	9.363e-07	9.279e-07	9.29e-07	9.206e-07	9.281e-07	9.208e-07
14.65	9.468e-07	9.468e-07	9.525e-07	9.439e-07	9.439e-07	9.36e-07	9.363e-07	9.367e-07	9.374e-07	9.363e-07	9.279e-07	9.29e-07	9.206e-07	9.281e-07	9.208e-07
14.66	9.468e-07	9.468e-07	9.525e-07	9.439e-07	9.439e-07	9.36e-07	9.363e-07	9.367e-07	9.374e-07	9.363e-07	9.279e-07	9.29e-07	9.206e-07	9.281e-07	9.208e-07
14.67	9.468e-07	9.468e-07	9.525e-07	9.439e-07	9.439e-07	9.36e-07	9.363e-07	9.367e-07	9.374e-07	9.363e-07	9.279e-07	9.29e-07	9.206e-07	9.281e-07	9.208e-07
14.68	9.468e-07	9.468e-07	9.525e-07	9.439e-07	9.439e-07	9.36e-07	9.363e-07	9.367e-07	9.374e-07	9.363e-07	9.279e-07	9.29e-07	9.206e-07	9.281e-07	9.208e-07
14.69	9.468e-07	9.468e-07	9.525e-07	9.439e-07	9.439e-07	9.36e-07	9.363e-07	9.367e-07	9.374e-07	9.363e-07	9.279e-07	9.29e-07	9.206e-07	9.281e-07	9.208e-07
14.7	9.507e-07	9.468e-07	9.472e-07	9.461e-07	9.432e-07	9.36e-07	9.367e-07	9.367e-07	9.378e-07	9.356e-07	9.275e-07	9.29e-07	9.247e-07	9.233e-07	9.211e-07
14.71	9.507e-07	9.468e-07	9.472e-07	9.461e-07	9.432e-07	9.36e-07	9.367e-07	9.367e-07	9.378e-07	9.356e-07	9.275e-07	9.29e-07	9.247e-07	9.233e-07	9.211e-07
14.72	9.507e-07	9.468e-07	9.472e-07	9.461e-07	9.432e-07	9.36e-07	9.367e-07	9.367e-07	9.378e-07	9.356e-07	9.275e-07	9.29e-07	9.247e-07	9.233e-07	9.211e-07
14.73	9.507e-07	9.468e-07	9.472e-07	9.461e-07	9.432e-07	9.36e-07	9.367e-07	9.367e-07	9.378e-07	9.356e-07	9.275e-07	9.29e-07	9.247e-07	9.233e-07	9.211e-07
14.74	9.507e-07	9.468e-07	9.472e-07	9.461e-07	9.432e-07	9.36e-07	9.367e-07	9.367e-07	9.378e-07	9.356e-07	9.275e-07	9.29e-07	9.247e-07	9.233e-07	9.211e-07
14.75	9.507e-07	9.468e-07	9.472e-07	9.461e-07	9.432e-07	9.36e-07	9.367e-07	9.367e-07	9.378e-07	9.356e-07	9.275e-07	9.29e-07	9.247e-07	9.233e-07	9.211e-07
14.76	9.507e-07	9.468e-07	9.472e-07	9.461e-07	9.432e-07	9.36e-07	9.367e-07	9.367e-07	9.378e-07	9.356e-07	9.275e-07	9.29e-07	9.247e-07	9.233e-07	9.211e-07
14.77	9.507e-07	9.468e-07	9.472e-07	9.461e-07	9.432e-07	9.36e-07	9.367e-07	9.367e-07	9.378e-07	9.356e-07	9.275e-07	9.29e-07	9.247e-07	9.233e-07	9.211e-07
14.78	9.507e-07	9.468e-07	9.472e-07	9.461e-07	9.432e-07	9.36e-07	9.367e-07	9.367e-07	9.378e-07	9.356e-07	9.275e-07	9.29e-07	9.247e-07	9.233e-07	9.211e-07
14.79	9.507e-07	9.468e-07	9.472e-07	9.461e-07	9.432e-07	9.36e-07	9.367e-07	9.367e-07	9.378e-07	9.356e-07	9.275e-07	9.29e-07	9.247e-07	9.233e-07	9.211e-07
14.8	9.472e-07	9.476e-07	9.465e-07	9.465e-07	9.432e-07	9.394e-07	9.329e-07	9.322e-07	9.322e-07	9.36e-07	9.32e-07	9.252e-07	9.285e-07	9.233e-07	9.256e-07
14.81	9.472e-07	9.476e-07	9.465e-07	9.465e-07	9.432e-07	9.394e-07	9.329e-07	9.322e-07	9.322e-07	9.36e-07	9.32e-07	9.252e-07	9.285e-07	9.233e-07	9.256e-07
14.82	9.472e-07	9.476e-07	9.465e-07	9.465e-07	9.432e-07	9.394e-07	9.329e-07	9.322e-07	9.322e-07	9.36e-07	9.32e-07	9.252e-07	9.285e-07	9.233e-07	9.256e-07
14.83	9.472e-07	9.476e-07	9.465e-07	9.465e-07	9.432e-07	9.394e-07	9.329e-07	9.322e-07	9.322e-07	9.36e-07	9.32e-07	9.252e-07	9.285e-07	9.233e-07	9.256e-07
14.84	9.472e-07	9.476e-07	9.465e-07	9.465e-07	9.432e-07	9.394e-07	9.329e-07	9.322e-07	9.322e-07	9.36e-07	9.32e-07	9.252e-07	9.285e-07	9.233e-07	9.256e-07
14.85	9.472e-07	9.476e-07	9.465e-07	9.465e-07	9.432e-07	9.394e-07	9.329e-07	9.322e-07	9.322e-07	9.36e-07	9.32e-07	9.252e-07	9.285e-07	9.233e-07	9.256e-07
14.86	9.472e-07	9.476e-07	9.465e-07	9.465e-07	9.432e-07	9.394e-07	9.329e-07	9.322e-07	9.322e-07	9.36e-07	9.32e-07	9.252e-07	9.285e-07	9.233e-07	9.256e-07
14.87	9.472e-07	9.476e-07	9.465e-07	9.465e-07	9.432e-07	9.394e-07	9.329e-07	9.322e-07	9.322e-07	9.36e-07	9.32e-07	9.252e-07	9.285e-07	9.233e-07	9.256e-07
14.88	9.472e-07	9.476e-07	9.465e-07	9.465e-07	9.432e-07	9.394e-07	9.329e-07	9.322e-07	9.322e-07	9.36e-07	9.32e-07	9.252e-07	9.285e-07	9.233e-07	9.256e-07
14.89	9.472e-07	9.476e-07	9.465e-07	9.465e-07	9.432e-07	9.394e-07	9.329e-07	9.322e-07	9.322e-07	9.36e-07	9.32e-07	9.252e-07	9.285e-07	9.233e-07	9.256e-07
14.9	9.479e-07	9.472e-07	9.503e-07	9.461e-07	9.439e-07	9.394e-07	9.326e-07	9.374e-07	9.36e-07	9.311e-07	9.242e-07	9.335e-07	9.236e-07	9.188e-07	9.219e-07
14.91	9.479e-07	9.472e-07	9.503e-07	9.461e-07	9.439e-07	9.394e-07	9.326e-07	9.374e-07	9.36e-07	9.311e-07	9.242e-07	9.335e-07	9.236e-07	9.188e-07	9.219e-07
14.92	9.479e-07	9.472e-07	9.503e-07	9.461e-07	9.439e-07	9.394e-07	9.326e-07	9.374e-07	9.36e-07	9.311e-07	9.242e-07	9.335e-07	9.236e-07	9.188e-07	9.219e-07
14.93	9.479e-07	9.472e-07	9.503e-07	9.461e-07	9.439e-07	9.394e-07	9.326e-07	9.374e-07	9.36e-07	9.311e-07	9.242e-07	9.335e-07	9.236e-07	9.188e-07	9.219e-07
14.94	9.479e-07	9.472e-07	9.503e-07	9.461e-07	9.439e-07	9.394e-07	9.326e-07	9.374e-07	9.36e-07	9.311e-07	9.242e-07	9.335e-07	9.236e-07	9.188e-07	9.219e-07
14.95	9.479e-07	9.472e-07	9.503e-07	9.461e-07	9.439e-07	9.394e-07	9.326e-07	9.374e-07	9.36e-07	9.311e-07	9.242e-07	9.335e-07	9.236e-07	9.188e-07	9.219e-07
14.96	9.479e-07	9.472e-07	9.503e-07	9.461e-07	9.439e-07	9.394e-07	9.326e-07	9.374e-07	9.36e-07	9.311e-07	9.242e-07	9.335e-07	9.236e-07	9.188e-07	9.219e-07
14.97	9.479e-07	9.472e-07	9.503e-07	9.461e-07	9.439e-07	9.394e-07	9.326e-07	9.374e-07	9.36e-07	9.311e-07	9.242e-07	9.335e-07	9.236e-07	9.188e-07	9.219e-07
14.98	9.479e-07	9.472e-07	9.503e-07	9.461e-07	9.439e-07	9.394e-07	9.326e-07	9.374e-07	9.36e-07	9.311e-07	9.242e-07	9.335e-07	9.236e-07	9.188e-07	9.219e-07
14.99	9.479e-07	9.472e-07	9.503e-07	9.461e-07	9.439e-07	9.394e-07	9.326e-07	9.374e-07	9.36e-07	9.311e-07	9.242e-07	9.335e-07	9.236e-07	9.188e-07	9.219e-07
15	9.479e-07	9.472e-07	9.461e-07	9.457e-07	9.439e-07	9.363e-07	9.367e-07	9.363e-07	9.363e-07	9.322e-07	9.275e-07	9.293e-07	9.247e-07	9.185e-07	9.256e-07
15.01	9.479e-07	9.472e-07	9.461e-07	9.457e-07	9.439e-07	9.363e-07	9.367e-07	9.363e-07	9.363e-07	9.322e-07	9.275e-07	9.293e-07	9.247e-07	9.185e-07	9.256e-07
15.02	9.479e-07	9.472e-07	9.461e-07	9.457e-07	9.439e-07	9.363e-07	9.367e-07	9.363e-07	9.363e-07	9.322e-07	9.275e-07	9.293e-07	9.247e-07	9.185e-07	9.256e-07
15.03	9.479e-07	9.472e-07	9.461e-07	9.457e-07	9.439e-07	9.363e-07	9.367e-07	9.363e-07	9.363e-07	9.322e-07	9.275e-07	9.293e-07	9.247e-07	9.185e-07	9.256e-07
15.04	9.479e-07	9.472e-07	9.461e-07	9.457e-07	9.439e-07	9.363e-07	9.367e-07	9.363e-07	9.363e-07	9.322e-07	9.275e-07	9.293e-07	9.247e-07	9.185e-07	9.256e-07
15.05	9.479e-07	9.472e-07	9.461e-07	9.457e-07	9.439e-07	9.363e-07	9.367e-07	9.363e-07	9.363e-07	9.322e-07	9.275e-07	9.293e-07	9.247e-07	9.185e-07	9.256e-07
15.06	9.479e-07	9.472e-07	9.461e-07	9.457e-07	9.439e-07	9.363e-07	9.367e-07	9.363e-07	9.363e-07	9.322e-07	9.275e-07	9.293e-07	9.247e-07	9.185e-07	9.256e-07
15.07	9.479e-07	9.472e-07	9.461e-07	9.457e-07	9.439e-07	9.363e-07	9.367e-07	9.363e-07	9.363e-07	9.322e-07	9.275e-07	9.293e-07	9.247e-07	9.185e-07	9.256e-07
15.08	9.479e-07	9.472e-07	9.461e-07	9.457e-07	9.439e-07	9.363e-07	9.367e-07	9.363e-07	9.363e-07	9.322e-07	9.275e-07	9.293e-07	9.247e-07	9.185e-07	9.256e-07
15.09	9.479e-07	9.472e-07	9.461e-07	9.457e-07	9.439e-07	9.363e-07	9.367e-07	9.363e-07	9.363e-07	9.322e-07	9.275e-07	9.293e-07	9.247e-07	9.185e-07	9.256e-07
15.1	9.49e-07	9.472e-07	9.419e-07	9.45e-07	9.447e-07	9.336e-07	9.326e-07	9.356e-07	9.367e-07	9.326e-07	9.279e-07	9.29e-07	9.206e-07	9.226e-07	9.211e-07
15.11	9.49e-07	9.472e-07	9.419e-07	9.45e-07	9.447e-07	9.336e-07	9.326e-07	9.356e-07	9.367e-07	9.326e-07	9.279e-07	9.29e-07	9.206e-07	9.226e-07	9.211e-07
15.12	9.49e-07	9.472e-07	9.419e-07	9.45e-07	9.447e-07	9.336e-07	9.326e-07	9.356e-07	9.367e-07	9.326e-07	9.279e-07	9.29e-07	9.206e-07	9.226e-07	9.211e-07
15.13	9.49e-07	9.472e-07	9.419e-07	9.45e-07	9.447e-07	9.336e-07	9.326e-07	9.356e-07	9.367e-07	9.326e-07	9.279e-07	9.29e-07	9.206e-07	9.226e-07	9.211e-07
15.14	9.49e-07	9.472e-07	9.419e-07	9.45e-07	9.447e-07	9.336e-07	9.326e-07	9.356e-07	9.367e-07	9.326e-07	9.279e-07	9.29e-07	9.206e-07	9.226e-07	9.211e-07
15.15	9.49e-07	9.472e-07	9.419e-07	9.45e-07	9.447e-07	9.336e-07	9.326e-07	9.356e-07	9.367e-07	9.326e-07	9.279e-07	9.29e-07	9.206e-07	9.226e-07	9.211e-07
15.16	9.49e-07	9.472e-07	9.419e-07	9.45e-07	9.447e-07	9.336e-07	9.326e-07	9.356e-07	9.367e-07	9.326e-07	9.279e-07	9.29e-07	9.206e-07	9.226e-07	9.211e-07
15.17	9.49e-07	9.472e-07	9.419e-07	9.45e-07	9.447e-07	9.336e-07	9.326e-07	9.356e-07	9.367e-07	9.326e-07	9.279e-07	9.29e-07	9.206e-07	9.226e-07	9.211e-07
15.18	9.49e-07	9.472e-07	9.419e-07	9.45e-07	9.447e-07	9.336e-07	9.326e-07	9.356e-07	9.367e-07	9.326e-07	9.279e-07	9.29e-07	9.206e-07	9.226e-07	9.211e-07
15.19	9.49e-07	9.472e-07	9.419e-07	9.45e-07	9.447e-07	9.336e-07	9.326e-07	9.356e-07	9.367e-07	9.326e-07	9.279e-07	9.29e-07	9.206e-07	9.226e-07	9.211e-07
15.2	9.547e-07	9.465e-07	9.457e-07	9.447e-07	9.527e-07	9.295e-07	9.367e-07	9.315e-07	9.374e-07	9.329e-07	9.327e-07	9.407e-07	9.251e-07	9.229e-07	9.208e-07
15.21	9.547e-07	9.465e-07	9.457e-07	9.447e-07	9.527e-07	9.295e-07	9.367e-07	9.315e-07	9.374e-07	9.329e-07	9.327e-07	9.407e-07	9.251e-07	9.229e-07	9.208e-07
15.22	9.547e-07	9.465e-07	9.457e-07	9.447e-07	9.527e-07	9.295e-07	9.367e-07	9.315e-07	9.374e-07	9.329e-07	9.327e-07	9.407e-07	9.251e-07	9.229e-07	9.208e-07
15.23	9.547e-07	9.465e-07	9.457e-07	9.447e-07	9.527e-07	9.295e-07	9.367e-07	9.315e-07	9.374e-07	9.329e-07	9.327e-07	9.407e-07	9.251e-07	9.229e-07	9.208e-07
15.24	9.547e-07	9.465e-07	9.457e-07	9.447e-07	9.527e-07	9.295e-07	9.367e-07	9.315e-07	9.374e-07	9.329e-07	9.327e-07	9.407e-07	9.251e-07	9.229e-07	9.208e-07
15.25	9.547e-07	9.465e-07	9.457e-07	9.447e-07	9.527e-07	9.295e-07	9.367e-07	9.315e-07	9.374e-07	9.329e-07	9.327e-07	9.407e-07	9.251e-07	9.229e-07	9.208e-07
15.26	9.547e-07	9.465e-07	9.457e-07	9.447e-07	9.527e-07	9.295e-07	9.367e-07	9.315e-07	9.374e-07	9.329e-07	9.327e-07	9.407e-07	9.251e-07	9.229e-07	9.208e-07
15.27	9.547e-07	9.465e-07	9.457e-07	9.447e-07	9.527e-07	9.295e-07	9.367e-07	9.315e-07	9.374e-07	9.329e-07	9.327e-07	9.407e-07	9.251e-07	9.229e-07	9.208e-07
15.28	9.547e-07	9.465e-07	9.457e-07	9.447e-07	9.527e-07	9.295e-07	9.367e-07	9.315e-07	9.374e-07	9.329e-07	9.327e-07	9.407e-07	9.251e-07	9.229e-07	9.208e-07
15.29	9.547e-07	9.465e-07	9.457e-07	9.447e-07	9.527e-07	9.295e-07	9.367e-07	9.315e-07	9.374e-07	9.329e-07	9.327e-07	9.407e-07	9.251e-07	9.229e-07	9.208e-07
15.3	9.509e-07	9.468e-07	9.461e-07	9.439e-07	9.436e-07	9.416e-07	9.378e-07	9.308e-07	9.34e-07	9.371e-07	9.327e-07	9.331e-07	9.217e-07	9.226e-07	9.242e-07
15.31	9.509e-07	9.468e-07	9.461e-07	9.439e-07	9.436e-07	9.416e-07	9.378e-07	9.308e-07	9.34e-07	9.371e-07	9.327e-07	9.331e-07	9.217e-07	9.226e-07	9.242e-07
15.32	9.509e-07	9.468e-07	9.461e-07	9.439e-07	9.436e-07	9.416e-07	9.378e-07	9.308e-07	9.34e-07	9.371e-07	9.327e-07	9.331e-07	9.217e-07	9.226e-07	9.242e-07
15.33	9.509e-07	9.468e-07	9.461e-07	9.439e-07	9.436e-07	9.416e-07	9.378e-07	9.308e-07	9.34e-07	9.371e-07	9.327e-07	9.331e-07	9.217e-07	9.226e-07	9.242e-07
15.34	9.509e-07	9.468e-07	9.461e-07	9.439e-07	9.436e-07	9.416e-07	9.378e-07	9.308e-07	9.34e-07	9.371e-07	9.327e-07	9.331e-07	9.217e-07	9.226e-07	9.242e-07
15.35	9.509e-07	9.468e-07	9.461e-07	9.439e-07	9.436e-07	9.416e-07	9.378e-07	9.308e-07	9.34e-07	9.371e-07	9.327e-07	9.331e-07	9.217e-07	9.226e-07	9.242e-07
15.36	9.509e-07	9.468e-07	9.461e-07	9.439e-07	9.436e-07	9.416e-07	9.378e-07	9.308e-07	9.34e-07	9.371e-07	9.327e-07	9.331e-07	9.217e-07	9.226e-07	9.242e-07
15.37	9.509e-07	9.468e-07	9.461e-07	9.439e-07	9.436e-07	9.416e-07	9.378e-07	9.308e-07	9.34e-07	9.371e-07	9.327e-07	9.331e-07	9.217e-07	9.226e-07	9.242e-07
15.38	9.509e-07	9.468e-07	9.461e-07	9.439e-07	9.436e-07	9.416e-07	9.378e-07	9.308e-07	9.34e-07	9.371e-07	9.327e-07	9.331e-07	9.217e-07	9.226e-07	9.242e-07
15.39	9.509e-07	9.468e-07	9.461e-07	9.439e-07	9.436e-07	9.416e-07	9.378e-07	9.308e-07	9.34e-07	9.371e-07	9.327e-07	9.331e-07	9.217e-07	9.226e-07	9.242e-07
15.4	9.523e-07	9.51e-07	9.465e-07	9.436e-07	9.432e-07	9.381e-07	9.329e-07	9.353e-07	9.381e-07	9.329e-07	9.283e-07	9.3e-07	9.265e-07	9.349e-07	9.201e-07
15.41	9.523e-07	9.51e-07	9.465e-07	9.436e-07	9.432e-07	9.381e-07	9.329e-07	9.353e-07	9.381e-07	9.329e-07	9.283e-07	9.3e-07	9.265e-07	9.349e-07	9.201e-07
15.42	9.523e-07	9.51e-07	9.465e-07	9.436e-07	9.432e-07	9.381e-07	9.329e-07	9.353e-07	9.381e-07	9.329e-07	9.283e-07	9.3e-07	9.265e-07	9.349e-07	9.201e-07
15.43	9.523e-07	9.51e-07	9.465e-07	9.436e-07	9.432e-07	9.381e-07	9.329e-07	9.353e-07	9.381e-07	9.329e-07	9.283e-07	9.3e-07	9.265e-07	9.349e-07	9.201e-07
15.44	9.523e-07	9.51e-07	9.465e-07	9.436e-07	9.432e-07	9.381e-07	9.329e-07	9.353e-07	9.381e-07	9.329e-07	9.283e-07	9.3e-07	9.265e-07	9.349e-07	9.201e-07
15.45	9.523e-07	9.51e-07	9.465e-07	9.436e-07	9.432e-07	9.381e-07	9.329e-07	9.353e-07	9.381e-07	9.329e-07	9.283e-07	9.3e-07	9.265e-07	9.349e-07	9.201e-07
15.46	9.523e-07	9.51e-07	9.465e-07	9.436e-07	9.432e-07	9.381e-07	9.329e-07	9.353e-07	9.381e-07	9.329e-07	9.283e-07	9.3e-07	9.265e-07	9.349e-07	9.201e-07
15.47	9.523e-07	9.51e-07	9.465e-07	9.436e-07	9.432e-07	9.381e-07	9.329e-07	9.353e-07	9.381e-07	9.329e-07	9.283e-07	9.3e-07	9.265e-07	9.349e-07	9.201e-07
15.48	9.523e-07	9.51e-07	9.465e-07	9.436e-07	9.432e-07	9.381e-07	9.329e-07	9.353e-07	9.381e-07	9.329e-07	9.283e-07	9.3e-07	9.265e-07	9.349e-07	9.201e-07
15.49	9.523e-07	9.51e-07	9.465e-07	9.436e-07	9.432e-07	9.381e-07	9.329e-07	9.353e-07	9.381e-07	9.329e-07	9.283e-07	9.3e-07	9.265e-07	9.349e-07	9.201e-07
15.5	9.523e-07	9.494e-07	9.461e-07	9.439e-07	9.39e-07	9.385e-07	9.367e-07	9.311e-07	9.336e-07	9.329e-07	9.293e-07	9.297e-07	9.265e-07	9.27e-07	9.153e-07
15.51	9.523e-07	9.494e-07	9.461e-07	9.439e-07	9.39e-07	9.385e-07	9.367e-07	9.311e-07	9.336e-07	9.329e-07	9.293e-07	9.297e-07	9.265e-07	9.27e-07	9.153e-07
15.52	9.523e-07	9.494e-07	9.461e-07	9.439e-07	9.39e-07	9.385e-07	9.367e-07	9.311e-07	9.336e-07	9.329e-07	9.293e-07	9.297e-07	9.265e-07	9.27e-07	9.153e-07
15.53	9.523e-07	9.494e-07	9.461e-07	9.439e-07	9.39e-07	9.385e-07	9.367e-07	9.311e-07	9.336e-07	9.329e-07	9.293e-07	9.297e-07	9.265e-07	9.27e-07	9.153e-07
15.54	9.523e-07	9.494e-07	9.461e-07	9.439e-07	9.39e-07	9.385e-07	9.367e-07	9.311e-07	9.336e-07	9.329e-07	9.293e-07	9.297e-07	9.265e-07	9.27e-07	9.153e-07
15.55	9.523e-07	9.494e-07	9.461e-07	9.439e-07	9.39e-07	9.385e-07	9.367e-07	9.311e-07	9.336e-07	9.329e-07	9.293e-07	9.297e-07	9.265e-07	9.27e-07	9.153e-07
15.56	9.523e-07	9.494e-07	9.461e-07	9.439e-07	9.39e-07	9.385e-07	9.367e-07	9.311e-07	9.336e-07	9.329e-07	9.293e-07	9.297e-07	9.265e-07	9.27e-07	9.153e-07
15.57	9.523e-07	9.494e-07	9.461e-07	9.439e-07	9.39e-07	9.385e-07	9.367e-07	9.311e-07	9.336e-07	9.329e-07	9.293e-07	9.297e-07	9.265e-07	9.27e-07	9.153e-07
15.58	9.523e-07	9.494e-07	9.461e-07	9.439e-07	9.39e-07	9.385e-07	9.367e-07	9.311e-07	9.336e-07	9.329e-07	9.293e-07	9.297e-07	9.265e-07	9.27e-07	9.153e-07
15.59	9.523e-07	9.494e-07	9.461e-07	9.439e-07	9.39e-07	9.385e-07	9.367e-07	9.311e-07	9.336e-07	9.329e-07	9.293e-07	9.297e-07	9.265e-07	9.27e-07	9.153e-07
15.6	9.562e-07	9.483e-07	9.465e-07	9.432e-07	9.428e-07	9.389e-07	9.367e-07	9.353e-07	9.378e-07	9.318e-07	9.331e-07	9.338e-07	9.272e-07	9.274e-07	9.235e-07
15.61	9.562e-07	9.483e-07	9.465e-07	9.432e-07	9.428e-07	9.389e-07	9.367e-07	9.353e-07	9.378e-07	9.318e-07	9.331e-07	9.338e-07	9.272e-07	9.274e-07	9.235e-07
15.62	9.562e-07	9.483e-07	9.465e-07	9.432e-07	9.428e-07	9.389e-07	9.367e-07	9.353e-07	9.378e-07	9.318e-07	9.331e-07	9.338e-07	9.272e-07	9.274e-07	9.235e-07
15.63	9.562e-07	9.483e-07	9.465e-07	9.432e-07	9.428e-07	9.389e-07	9.367e-07	9.353e-07	9.378e-07	9.318e-07	9.331e-07	9.338e-07	9.272e-07	9.274e-07	9.235e-07
15.64	9.562e-07	9.483e-07	9.465e-07	9.432e-07	9.428e-07	9.389e-07	9.367e-07	9.353e-07	9.378e-07	9.318e-07	9.331e-07	9.338e-07	9.272e-07	9.274e-07	9.235e-07
15.65	9.562e-07	9.483e-07	9.465e-07	9.432e-07	9.428e-07	9.389e-07	9.367e-07	9.353e-07	9.378e-07	9.318e-07	9.331e-07	9.338e-07	9.272e-07	9.274e-07	9.235e-07
15.66	9.562e-07	9.483e-07	9.465e-07	9.432e-07	9.428e-07	9.389e-07	9.367e-07	9.353e-07	9.378e-07	9.318e-07	9.331e-07	9.338e-07	9.272e-07	9.274e-07	9.235e-07
15.67	9.562e-07	9.483e-07	9.465e-07	9.432e-07	9.428e-07	9.389e-07	9.367e-07	9.353e-07	9.378e-07	9.318e-07	9.331e-07	9.338e-07	9.272e-07	9.274e-07	9.235e-07
15.68	9.562e-07	9.483e-07	9.465e-07	9.432e-07	9.428e-07	9.389e-07	9.367e-07	9.353e-07	9.378e-07	9.318e-07	9.331e-07	9.338e-07	9.272e-07	9.274e-07	9.235e-07
15.69	9.562e-07	9.483e-07	9.465e-07	9.432e-07	9.428e-07	9.389e-07	9.367e-07	9.353e-07	9.378e-07	9.318e-07	9.331e-07	9.338e-07	9.272e-07	9.274e-07	9.235e-07
15.7	9.509e-07	9.525e-07	9.465e-07	9.387e-07	9.432e-07	9.362e-07	9.371e-07	9.311e-07	9.374e-07	9.311e-07	9.304e-07	9.283e-07	9.283e-07	9.236e-07	9.194e-07
15.71	9.509e-07	9.525e-07	9.465e-07	9.387e-07	9.432e-07	9.362e-07	9.371e-07	9.311e-07	9.374e-07	9.311e-07	9.304e-07	9.283e-07	9.283e-07	9.236e-07	9.194e-07
15.72	9.509e-07	9.525e-07	9.465e-07	9.387e-07	9.432e-07	9.362e-07	9.371e-07	9.311e-07	9.374e-07	9.311e-07	9.304e-07	9.283e-07	9.283e-07	9.236e-07	9.194e-07
15.73	9.509e-07	9.525e-07	9.465e-07	9.387e-07	9.432e-07	9.362e-07	9.371e-07	9.311e-07	9.374e-07	9.311e-07	9.304e-07	9.283e-07	9.283e-07	9.236e-07	9.194e-07
15.74	9.509e-07	9.525e-07	9.465e-07	9.387e-07	9.432e-07	9.362e-07	9.371e-07	9.311e-07	9.374e-07	9.311e-07	9.304e-07	9.283e-07	9.283e-07	9.236e-07	9.194e-07
15.75	9.509e-07	9.525e-07	9.465e-07	9.387e-07	9.432e-07	9.362e-07	9.371e-07	9.311e-07	9.374e-07	9.311e-07	9.304e-07	9.283e-07	9.283e-07	9.236e-07	9.194e-07
15.76	9.509e-07	9.525e-07	9.465e-07	9.387e-07	9.432e-07	9.362e-07	9.371e-07	9.311e-07	9.374e-07	9.311e-07	9.304e-07	9.283e-07	9.283e-07	9.236e-07	9.194e-07
15.77	9.509e-07	9.525e-07	9.465e-07	9.387e-07	9.432e-07	9.362e-07	9.371e-07	9.311e-07	9.374e-07	9.311e-07	9.304e-07	9.283e-07	9.283e-07	9.236e-07	9.194e-07
15.78	9.509e-07	9.525e-07	9.465e-07	9.387e-07	9.432e-07	9.362e-07	9.371e-07	9.311e-07	9.374e-07	9.311e-07	9.304e-07	9.283e-07	9.283e-07	9.236e-07	9.194e-07
15.79	9.509e-07	9.525e-07	9.465e-07	9.387e-07	9.432e-07	9.362e-07	9.371e-07	9.311e-07	9.374e-07	9.311e-07	9.304e-07	9.283e-07	9.283e-07	9.236e-07	9.194e-07
15.8	9.509e-07	9.487e-07	9.56e-07	9.447e-07	9.418e-07	9.365e-07	9.363e-07	9.315e-07	9.329e-07	9.342e-07	9.304e-07	9.317e-07	9.324e-07	9.195e-07	9.201e-07
15.81	9.509e-07	9.487e-07	9.56e-07	9.447e-07	9.418e-07	9.365e-07	9.363e-07	9.315e-07	9.329e-07	9.342e-07	9.304e-07	9.317e-07	9.324e-07	9.195e-07	9.201e-07
15.82	9.509e-07	9.487e-07	9.56e-07	9.447e-07	9.418e-07	9.365e-07	9.363e-07	9.315e-07	9.329e-07	9.342e-07	9.304e-07	9.317e-07	9.324e-07	9.195e-07	9.201e-07
15.83	9.509e-07	9.487e-07	9.56e-07	9.447e-07	9.418e-07	9.365e-07	9.363e-07	9.315e-07	9.329e-07	9.342e-07	9.304e-07	9.317e-07	9.324e-07	9.195e-07	9.201e-07
15.84	9.509e-07	9.487e-07	9.56e-07	9.447e-07	9.418e-07	9.365e-07	9.363e-07	9.315e-07	9.329e-07	9.342e-07	9.304e-07	9.317e-07	9.324e-07	9.195e-07	9.201e-07
15.85	9.509e-07	9.487e-07	9.56e-07	9.447e-07	9.418e-07	9.365e-07	9.363e-07	9.315e-07	9.329e-07	9.342e-07	9.304e-07	9.317e-07	9.324e-07	9.195e-07	9.201e-07
15.86	9.509e-07	9.487e-07	9.56e-07	9.447e-07	9.418e-07	9.365e-07	9.363e-07	9.315e-07	9.329e-07	9.342e-07	9.304e-07	9.317e-07	9.324e-07	9.195e-07	9.201e-07
15.87	9.509e-07	9.487e-07	9.56e-07	9.447e-07	9.418e-07	9.365e-07	9.363e-07	9.315e-07	9.329e-07	9.342e-07	9.304e-07	9.317e-07	9.324e-07	9.195e-07	9.201e-07
15.88	9.509e-07	9.487e-07	9.56e-07	9.447e-07	9.418e-07	9.365e-07	9.363e-07	9.315e-07	9.329e-07	9.342e-07	9.304e-07	9.317e-07	9.324e-07	9.195e-07	9.201e-07
15.89	9.509e-07	9.487e-07	9.56e-07	9.447e-07	9.418e-07	9.365e-07	9.363e-07	9.315e-07	9.329e-07	9.342e-07	9.304e-07	9.317e-07	9.324e-07	9.195e-07	9.201e-07
15.9	9.509e-07	9.487e-07	9.483e-07	9.405e-07	9.38e-07	9.41e-07	9.345e-07	9.356e-07	9.333e-07	9.304e-07	9.345e-07	9.313e-07	9.275e-07	9.243e-07	9.204e-07
15.91	9.509e-07	9.487e-07	9.483e-07	9.405e-07	9.38e-07	9.41e-07	9.345e-07	9.356e-07	9.333e-07	9.304e-07	9.345e-07	9.313e-07	9.275e-07	9.243e-07	9.204e-07
15.92	9.509e-07	9.487e-07	9.483e-07	9.405e-07	9.38e-07	9.41e-07	9.345e-07	9.356e-07	9.333e-07	9.304e-07	9.345e-07	9.313e-07	9.275e-07	9.243e-07	9.204e-07
15.93	9.509e-07	9.487e-07	9.483e-07	9.405e-07	9.38e-07	9.41e-07	9.345e-07	9.356e-07	9.333e-07	9.304e-07	9.345e-07	9.313e-07	9.275e-07	9.243e-07	9.204e-07
15.94	9.509e-07	9.487e-07	9.483e-07	9.405e-07	9.38e-07	9.41e-07	9.345e-07	9.356e-07	9.333e-07	9.304e-07	9.345e-07	9.313e-07	9.275e-07	9.243e-07	9.204e-07
15.95	9.509e-07	9.487e-07	9.483e-07	9.405e-07	9.38e-07	9.41e-07	9.345e-07	9.356e-07	9.333e-07	9.304e-07	9.345e-07	9.313e-07	9.275e-07	9.243e-07	9.204e-07
15.96	9.509e-07	9.487e-07	9.483e-07	9.405e-07	9.38e-07	9.41e-07	9.345e-07	9.356e-07	9.333e-07	9.304e-07	9.345e-07	9.313e-07	9.275e-07	9.243e-07	9.204e-07
15.97	9.509e-07	9.487e-07	9.483e-07	9.405e-07	9.38e-07	9.41e-07	9.345e-07	9.356e-07	9.333e-07	9.304e-07	9.345e-07	9.313e-07	9.275e-07	9.243e-07	9.204e-07
15.98	9.509e-07	9.487e-07	9.483e-07	9.405e-07	9.38e-07	9.41e-07	9.345e-07	9.356e-07	9.333e-07	9.304e-07	9.345e-07	9.313e-07	9.275e-07	9.243e-07	9.204e-07
15.99	9.509e-07	9.487e-07	9.483e-07	9.405e-07	9.38e-07	9.41e-07	9.345e-07	9.356e-07	9.333e-07	9.304e-07	9.345e-07	9.313e-07	9.275e-07	9.243e-07	9.204e-07
16	9.512e-07	9.49e-07	9.487e-07	9.454e-07	9.41e-07	9.327e-07	9.342e-07	9.36e-07	9.389e-07	9.263e-07	9.398e-07	9.272e-07	9.279e-07	9.243e-07	9.208e-07
