# SCAN started at: 2019-02-13 18:44:05
# Elen_Scan Mass: 113.9 Resolution: 30
# ----------------------------------------
# 
6.5	-6.177	-6.334	-6.651	-7.328	-5.561	-7.068	-7.321	-6.72	-2.71	-5.458	-3.586	-6.67	-8.681	-7.244	-8.841	-3.785	-3.876	-4.891	-5.245	-3.457
6.51	-4.135	-5.2	-2.459	-5.819	-3.254	-5.584	-6.082	-3.029	-0.9251	-1.78	-4.297	-5.934	-4.701	-7.132	-4.625	-3.032	-1.741	-1.855	-5.238	-2.169
6.52	-4.775	-5.276	-3.163	-5.849	-3.186	-5.712	-6.289	-2.389	-1.368	-1.585	-4.755	-6.147	-4.516	-7.283	-4.404	-3.115	-1.841	-2.16	-4.541	-2.022
6.53	-4.845	-5.498	-3.225	-6.004	-3.801	-5.892	-6.443	-2.166	-1.533	-1.848	-4.997	-6.31	-4.608	-7.312	-4.738	-2.844	-1.971	-2.271	-4.269	-1.93
6.54	-4.828	-5.547	-3.13	-6.05	-3.321	-5.976	-6.476	-1.767	-1.543	-1.977	-4.872	-6.327	-4.685	-7.407	-4.679	-2.841	-2.082	-2.332	-3.998	-2.025
6.55	-4.83	-5.6	-3.152	-6.095	-3.418	-5.932	-6.503	-1.495	-1.6	-1.992	-4.98	-6.399	-5.88	-7.261	-4.766	-2.804	-2.295	-2.388	-3.72	-2.082
6.56	-4.758	-5.631	-3.188	-6.185	-3.575	-5.994	-6.456	-1.276	-1.615	-2.14	-4.927	-6.378	-4.849	-7.484	-4.878	-2.793	-2.362	-2.411	-3.377	-2.12
6.57	-4.689	-5.666	-3.236	-6.223	-3.594	-5.901	-6.456	-1.086	-1.644	-2.177	-4.746	-6.387	-4.971	-7.397	-4.986	-2.737	-2.54	-2.515	-3.153	-2.167
6.58	-4.605	-5.725	-3.216	-6.268	-3.712	-5.784	-6.354	-0.9467	-1.815	-2.38	-4.693	-6.343	-5.117	-7.495	-5.074	-2.681	-2.69	-2.535	-2.988	-2.223
6.59	-4.568	-5.738	-3.174	-6.311	-3.759	-5.673	-6.304	-0.8958	-1.684	-2.467	-4.704	-6.214	-4.938	-7.255	-5.159	-2.74	-2.924	-2.54	-2.816	-2.276
6.6	-4.396	-5.72	-3.172	-6.372	-3.896	-5.502	-6.126	-0.9931	-1.749	-2.51	-4.566	-6.169	-4.98	-7.463	-5.307	-2.73	-3.002	-2.566	-2.695	-2.333
6.61	-1.634	-0.8654	-3.417	-6.319	-3.839	-5.273	-6.129	-1.241	-2.16	-2.268	-4.972	-6.125	-4.606	-7.353	-5.093	-7.237	-5.374	-7.151	-7.715	-6.804
6.62	-1.539	-1.036	-3.02	-6.406	-4.297	-4.81	-5.657	-1.496	-1.99	-2.562	-4.587	-5.753	-5.061	-7.588	-5.739	-7.329	-5.165	-7.133	-7.669	-6.713
6.63	-1.732	-0.9572	-2.972	-6.393	-4.35	-3.941	-5.418	-1.702	-2.016	-2.625	-4.534	-5.502	-5.082	-7.453	-5.705	-7.124	-4.96	-7.061	-7.592	-6.579
6.64	-1.818	-1.093	-2.974	-6.41	-4.376	-4.339	-5.287	-2.05	-2.084	-2.634	-4.531	-5.258	-5.028	-7.534	-5.839	-7.362	-4.682	-7.184	-7.531	-6.445
6.65	-1.944	-1.205	-2.365	-6.347	-4.594	-4.064	-5.022	-2.435	-2.175	-2.709	-4.444	-4.912	-5.088	-7.538	-5.901	-7.375	-4.523	-7.038	-7.408	-6.306
6.66	-2.021	-1.237	-2.809	-6.302	-4.695	-3.816	-4.763	-2.294	-2.147	-2.584	-4.347	-4.941	-5.073	-7.499	-5.99	-7.396	-4.3	-7.128	-7.227	-6.14
6.67	-2.111	-1.364	-2.721	-6.173	-4.84	-3.53	-4.504	-3.297	-2.168	-2.67	-3.72	-4.621	-5.109	-7.517	-6.117	-7.453	-4.001	-7.052	-7.045	-5.972
6.68	-2.25	-1.558	-2.613	-6.064	-4.892	-3.211	-4.239	-3.699	-2.28	-3.169	-3.851	-4.506	-5.079	-7.617	-6.205	-7.444	-3.7	-6.97	-6.594	-5.783
6.69	-2.282	-1.624	-2.462	-5.996	-4.931	-3.101	-3.98	-4.144	-2.317	-2.512	-4.174	-4.193	-5.129	-7.576	-6.317	-7.457	-3.593	-6.968	-6.384	-5.578
6.7	-2.399	-1.676	-2.408	-5.848	-4.977	-2.977	-3.733	-4.624	-2.32	-2.515	-4.015	-4.115	-5.055	-7.592	-6.386	-7.494	-3.341	-6.945	-6.255	-5.382
6.71	-2.343	-1.645	-2.541	-5.64	-2.213	-2.955	-3.508	-5.663	-2.718	-2.025	-3.899	-3.813	-4.644	-7.423	-6.281	-2.536	-6.098	-3.044	-3.889	-3.971
6.72	-2.714	-2.089	-2.143	-5.191	-2.197	-2.403	-2.916	-5.701	-2.589	-2.276	-3.496	-3.867	-4.991	-7.561	-6.636	-2.536	-5.977	-3.084	-4.574	-4.936
6.73	-2.837	-2.398	-2.01	-4.995	-2.092	-1.859	-2.746	-5.933	-2.521	-2.185	-3.21	-3.715	-4.996	-7.632	-6.85	-2.536	-6.386	-3.137	-4.825	-5.119
6.74	-2.939	-2.307	-1.807	-4.802	-2.096	-2.037	-2.575	-6.063	-2.582	-2.095	-3.383	-3.422	-5.047	-7.668	-6.8	-2.521	-6.556	-3.254	-5.053	-5.396
6.75	-3.037	-2.383	-1.687	-4.696	-1.986	-1.922	-2.321	-6.149	-2.625	-2.087	-3.305	-3.36	-4.923	-7.663	-6.875	-2.544	-6.653	-3.284	-5.161	-5.57
6.76	-3.137	-2.41	-1.587	-4.506	-1.972	-1.777	-2.188	-6.199	-2.748	-1.932	-3.109	-3.177	-4.923	-7.656	-6.904	-2.571	-6.823	-3.406	-5.396	-5.773
6.77	-3.743	-2.425	-1.448	-4.29	-1.879	-1.662	-2.005	-6.118	-2.78	-1.971	-3.051	-3.027	-4.936	-7.754	-6.993	-2.722	-6.87	-3.428	-5.809	-5.98
6.78	-3.304	-2.8	-1.371	-4.069	-1.826	-1.687	-1.775	-6.277	-3.227	-1.821	-2.903	-2.847	-4.843	-7.763	-7.178	-2.556	-6.944	-3.526	-6.05	-6.246
6.79	-3.376	-2.644	-1.318	-3.952	-1.839	-1.495	-1.774	-5.978	-2.408	-1.734	-2.753	-2.721	-4.899	-7.76	-7.056	-2.588	-7.001	-3.598	-6	-6.443
6.8	-3.423	-2.702	-1.268	-3.788	-1.768	-1.378	-1.671	-5.717	-2.989	-1.653	-2.591	-2.518	-4.817	-7.778	-7.14	-2.572	-6.973	-3.236	-6.276	-6.625
6.81	-2.471	-2.429	-1.242	-3.683	-2.005	-1.356	-1.589	-4.739	-4.143	-1.32	-2.617	-2.42	-4.596	-7.819	-6.988	-2.517	-6.951	-6.048	-6.854	-2.572
6.82	-2.385	-2.775	-1.096	-3.327	-1.715	-1.266	-1.63	-4.817	-4.081	-1.45	-2.292	-2.203	-4.706	-7.816	-7.266	-2.66	-6.902	-5.623	-6.806	-2.462
6.83	-2.347	-2.832	-1.041	-3.189	-1.671	-1.256	-1.63	-4.409	-4.13	-1.455	-2.284	-2.181	-4.719	-7.901	-7.276	-2.68	-6.521	-6.108	-7.02	-2.704
6.84	-2.191	-2.883	-1.048	-2.99	-1.599	-1.289	-1.706	-4.111	-4.016	-1.36	-2.102	-2.119	-4.662	-7.788	-7.324	-2.738	-6.741	-5.914	-7.025	-2.317
6.85	-2.314	-2.917	-1.018	-2.443	-1.573	-1.317	-1.81	-3.725	-3.962	-1.299	-2.024	-2.144	-4.601	-7.852	-7.376	-2.932	-6.636	-5.471	-7.127	-2.263
6.86	-2.224	-2.945	-1.074	-2.874	-1.62	-1.443	-1.917	-3.439	-3.853	-1.215	-2.046	-1.994	-4.933	-7.921	-7.408	-2.851	-6.457	-5.788	-7.15	-2.203
6.87	-2.235	-3.014	-1.109	-2.692	-1.633	-1.41	-2.006	-3.141	-3.842	-1.27	-2.068	-2.177	-4.588	-7.748	-7.407	-2.956	-6.395	-5.754	-7.342	-2.245
6.88	-1.665	-3.04	-1.165	-2.703	-1.654	-1.474	-2.206	-2.889	-3.741	-1.22	-2	-1.944	-4.461	-7.803	-7.409	-2.994	-6.202	-5.646	-7.39	-2.285
6.89	-2.029	-3.273	-1.271	-2.539	-1.583	-1.507	-2.025	-2.307	-3.732	-1.181	-1.976	-2.156	-4.387	-7.762	-7.538	-3.118	-6.116	-5.545	-7.408	-2.24
6.9	-2.254	-3.131	-1.293	-2.564	-1.656	-1.695	-2.56	-2.115	-3.674	-1.156	-2.058	-2.033	-4.41	-7.885	-7.423	-3.125	-5.929	-5.509	-7.336	-2.34
6.91	-2.597	-2.845	-1.672	-5.516	-1.821	-1.737	-2.665	-1.279	-3.071	-6.061	-2.263	-2.291	-3.881	-7.96	-7.335	-6.873	-3.666	-4.834	-7.032	-7.191
6.92	-2.215	-3.292	-1.804	-5.615	-1.683	-2.232	-3.218	-1.336	-3.458	-6.096	-2.233	-2.668	-4.248	-7.862	-7.505	-6.854	-3.737	-5.001	-7.217	-7.037
6.93	-2.155	-3.342	-1.911	-5.672	-1.667	-2.384	-3.905	-1.193	-3.387	-6.094	-2.477	-2.901	-4.222	-7.662	-7.484	-6.72	-3.975	-5.054	-7.063	-6.927
6.94	-2.214	-3.414	-2.157	-5.732	-1.474	-2.573	-3.605	-1.186	-3.345	-6.116	-2.727	-3.034	-4.137	-7.409	-7.493	-6.588	-4.057	-5.176	-7.005	-6.834
6.95	-2.168	-3.545	-2.292	-5.788	-1.702	-2.727	-3.78	-1.165	-3.288	-6.106	-2.903	-3.25	-4.02	-7.373	-7.685	-6.597	-4.38	-5.226	-6.876	-6.683
6.96	-2.165	-3.471	-2.474	-5.885	-1.766	-2.92	-3.952	-1.202	-3.264	-6.186	-3.388	-3.492	-4.014	-7.366	-7.512	-6.482	-4.702	-5.318	-6.759	-6.599
6.97	-2.192	-4.124	-2.658	-5.976	-1.785	-3.188	-4.777	-1.234	-3.169	-6.159	-3.379	-3.74	-4.14	-7.354	-7.509	-6.354	-4.692	-5.385	-6.752	-6.412
6.98	-2.503	-3.588	-2.885	-6.054	-1.806	-3.442	-4.303	-1.364	-3.13	-6.173	-3.637	-3.955	-3.843	-7.319	-7.514	-6.228	-4.842	-5.449	-6.617	-6.232
6.99	-2.513	-3.612	-3.042	-6.063	-1.833	-3.632	-4.407	-1.56	-3.665	-6.155	-3.916	-4.204	-3.78	-7.275	-7.517	-6.042	-5.149	-5.532	-6.44	-5.976
7	-2.017	-3.708	-3.25	-6.195	-1.769	-3.853	-4.719	-1.681	-3.018	-6.183	-4.189	-4.512	-3.74	-7.114	-7.525	-5.949	-5.212	-5.658	-6.301	-5.799
7.01	-2.541	-3.795	-3.314	-6.066	-2.063	-3.92	-4.689	-2.567	-2.448	-6.131	-4.307	-5.174	-3.288	-2.895	-7.394	-6.056	-3.782	-4.603	-5.736	-4.943
7.02	-2.077	-3.935	-4.018	-6.328	-1.805	-4.547	-5.25	-2.51	-2.861	-6.224	-5.529	-5.842	-3.503	-2.874	-7.442	-5.59	-3.597	-4.423	-5.937	-5.027
7.03	-2.065	-4.012	-4.087	-6.389	-1.892	-4.683	-5.297	-2.82	-2.725	-6.158	-5.237	-6.059	-3.499	-2.917	-7.461	-5.413	-3.461	-4.938	-5.713	-4.732
7.04	-1.996	-4.108	-4.28	-6.462	-1.987	-4.907	-5.539	-3.101	-2.683	-6.139	-5.544	-6.257	-3.529	-2.963	-7.431	-5.209	-3.346	-4.266	-5.533	-4.608
7.05	-1.933	-4.169	-4.509	-6.579	-1.71	-5.027	-5.585	-3.519	-2.718	-6.177	-5.786	-6.526	-3.882	-3.001	-7.431	-5.104	-3.223	-4.212	-5.399	-4.253
7.06	-1.904	-4.221	-4.65	-6.583	-2.074	-5.212	-5.655	-3.874	-2.772	-6.15	-6.043	-6.662	-3.315	-3.042	-7.402	-4.836	-3.045	-3.975	-5.251	-4.062
7.07	-1.924	-4.297	-4.774	-6.614	-2.097	-5.228	-6.275	-4.267	-2.705	-6.089	-6.261	-6.908	-3.752	-3.046	-7.386	-4.65	-2.811	-3.93	-4.994	-3.806
7.08	-1.857	-4.342	-4.908	-6.606	-2.142	-5.438	-6.298	-4.589	-2.612	-6.112	-6.298	-7.111	-3.284	-3.036	-7.621	-4.561	-2.804	-3.831	-4.862	-3.66
7.09	-1.813	-4.358	-5.072	-6.594	-2.126	-5.466	-6.448	-4.884	-2.615	-6.082	-6.574	-7.241	-3.192	-3.021	-7.375	-3.855	-2.664	-3.771	-4.651	-3.378
7.1	-1.739	-4.472	-5.172	-6.502	-2.176	-5.636	-6.567	-5.192	-2.616	-6.111	-6.518	-7.421	-3.203	-3.319	-7.345	-3.534	-2.652	-3.727	-4.557	-3.083
7.11	-1.961	-4.326	-5.084	-1.934	-2.497	-5.542	-6.558	-5.898	-5.086	-5.843	-6.757	-7.484	-2.92	-6.766	-7.109	-5.912	-7.169	-6.411	-3.729	-7.146
7.12	-1.372	-4.768	-5.469	-2.098	-2.245	-5.878	-6.621	-5.932	-5.223	-6.012	-7.084	-7.788	-3.059	-6.791	-7.399	-5.927	-7.004	-6.466	-3.924	-7.086
7.13	-1.462	-4.446	-5.586	-2.269	-2.213	-5.922	-6.736	-5.798	-5.26	-5.988	-7.127	-7.932	-3.026	-6.804	-7.302	-6.564	-7.066	-6.571	-3.701	-7.342
7.14	-1.37	-4.56	-5.656	-2.519	-2.285	-5.99	-6.696	-6.162	-5.245	-5.996	-7.169	-7.983	-3.079	-6.818	-7.281	-6.999	-7.138	-6.725	-4.097	-7.382
7.15	-1.263	-4.518	-5.738	-2.773	-2.292	-6.124	-6.737	-6.199	-5.234	-5.933	-7.26	-8.065	-3.002	-6.771	-7.255	-7.4	-7.153	-6.802	-3.337	-7.463
7.16	-1.155	-4.627	-5.8	-3.001	-2.332	-6.195	-6.75	-6.255	-4.963	-5.952	-7.255	-8.169	-2.948	-6.791	-7.204	-7.371	-7.23	-6.792	-3.101	-7.479
7.17	-1.029	-4.835	-6.067	-3.303	-2.343	-6.29	-6.677	-6.231	-5.136	-5.923	-7.105	-8.201	-2.932	-6.809	-7.265	-7.464	-7.266	-6.919	-3.067	-7.512
7.18	-0.9631	-4.721	-5.958	-3.519	-2.41	-6.32	-6.827	-6.185	-5.156	-5.893	-7.038	-8.231	-2.874	-6.866	-7.174	-7.578	-7.322	-6.962	-2.868	-7.558
7.19	-0.9427	-4.781	-6.002	-3.812	-2.408	-6.311	-6.712	-6.062	-5.092	-5.92	-6.549	-8.226	-2.866	-6.805	-7.188	-7.713	-7.308	-6.937	-2.737	-7.49
7.2	-0.8061	-4.847	-6.043	-4.133	-2.385	-6.371	-6.725	-5.898	-5.037	-5.918	-6.716	-8.253	-2.792	-6.872	-7.129	-7.766	-7.292	-7.06	-2.659	-7.491
7.21	-0.857	-4.782	-6.073	-4.343	-2.676	-6.217	-6.687	-5.141	-2.762	-5.631	-3.432	-8.247	-2.705	-7.158	-6.711	-7.817	-2.304	-3.151	-2.435	-2.527
7.22	-0.7015	-5.353	-6.123	-4.942	-2.307	-6.431	-6.669	-5.238	-2.835	-5.754	-3.572	-7.915	-2.764	-6.93	-6.946	-8	-2.36	-3.126	-2.464	-2.64
7.23	-0.5727	-5.153	-6.126	-5.131	-2.28	-6.456	-6.672	-5.02	-2.841	-5.815	-3.839	-8.108	-2.718	-6.931	-6.981	-7.966	-2.389	-3.094	-2.521	-2.606
7.24	-0.6489	-5.204	-6.137	-5.368	-2.242	-6.435	-6.614	-4.671	-2.916	-5.755	-4.126	-7.863	-2.691	-6.965	-6.907	-7.458	-2.483	-3.103	-2.461	-2.79
7.25	-0.6594	-5.226	-6.137	-6.031	-2.188	-6.68	-6.573	-4.384	-2.874	-5.754	-4.339	-7.843	-2.725	-7.021	-6.904	-7.336	-2.608	-3.083	-2.499	-2.894
7.26	-0.5976	-5.293	-6.131	-5.74	-2.206	-6.478	-6.623	-3.997	-3.041	-5.727	-4.605	-7.739	-2.766	-6.993	-6.866	-7.231	-2.868	-2.976	-2.619	-3.031
7.27	-0.6016	-5.321	-6.107	-5.919	-2.185	-6.456	-6.557	-3.702	-3.073	-5.746	-4.726	-7.595	-2.786	-6.565	-6.83	-7.509	-2.936	-2.953	-2.631	-3.143
7.28	-0.6954	-5.445	-6.093	-6.08	-2.249	-6.631	-6.495	-3.346	-3.081	-5.74	-5.048	-7.3	-2.887	-7.086	-6.952	-7.353	-3.144	-2.934	-2.815	-3.142
7.29	-0.8188	-5.425	-6.023	-6.085	-2.17	-6.515	-6.456	-3.085	-3.172	-5.705	-5.281	-7.125	-2.98	-7.099	-6.752	-7.202	-3.219	-2.854	-2.904	-3.448
7.3	-5.859	-5.463	-6.037	-6.166	-2.104	-6.524	-6.377	-3.365	-3.287	-5.776	-5.68	-6.977	-3.016	-7.159	-6.705	-7.012	-3.391	-2.831	-3.025	-3.564
7.31	-5.848	-5.352	-6.003	-6.228	-2.383	-6.412	-6.416	-1.74	-3.607	-5.414	-3.898	-6.552	-3.502	-7.426	-6.237	-7.457	-5.785	-7.368	-3.744	-4.495
7.32	-5.619	-5.433	-5.767	-6.462	-2.102	-6.567	-6.226	-1.819	-3.433	-5.613	-3.813	-5.756	-3.384	-7.212	-6.636	-7.354	-5.671	-7.71	-3.629	-4.265
7.33	-5.49	-5.43	-5.653	-6.525	-2.206	-6.552	-6.164	-1.635	-3.567	-6.011	-3.642	-5.542	-3.459	-7.282	-6.486	-7.308	-5.319	-7.777	-3.858	-4.612
7.34	-5.381	-5.495	-5.602	-6.674	-2.176	-6.556	-6.347	-1.496	-3.491	-5.737	-3.48	-5.462	-3.632	-7.295	-6.502	-7.244	-5.197	-7.78	-4.141	-4.692
7.35	-5.272	-5.454	-5.446	-6.687	-2.142	-6.488	-6.043	-1.356	-3.593	-5.542	-3.286	-5.549	-3.774	-7.34	-6.438	-7.184	-4.519	-7.785	-4.343	-5.078
7.36	-5.161	-5.506	-5.239	-6.735	-2.134	-6.591	-5.962	-1.301	-3.538	-5.54	-3.118	-4.722	-3.835	-7.361	-6.368	-7.104	-4.858	-7.801	-4.434	-5.214
7.37	-4.869	-5.509	-5.33	-6.639	-2.18	-6.578	-5.921	-1.282	-3.593	-5.571	-3.083	-5.052	-4.109	-7.372	-6.343	-7.064	-4.523	-7.817	-4.861	-5.434
7.38	-4.828	-5.46	-5.161	-6.698	-2.189	-6.565	-5.892	-1.297	-3.586	-5.496	-2.967	-4.844	-4.236	-7.374	-6.313	-7.105	-4.533	-7.757	-5.1	-5.741
7.39	-4.694	-5.497	-5.106	-6.694	-2.137	-6.647	-5.931	-1.343	-3.626	-5.506	-2.88	-4.08	-4.512	-7.08	-6.297	-6.986	-4.38	-7.81	-5.367	-5.626
7.4	-4.591	-5.444	-4.978	-6.621	-2.124	-6.598	-5.832	-1.49	-3.662	-5.4	-2.803	-4.35	-4.644	-7.448	-6.279	-6.833	-4.205	-7.792	-5.745	-6.1
7.41	-2.823	-5.496	-5.142	-6.643	-2.52	-6.537	-6.113	-2.075	-3.423	-5.054	-2.77	-4.041	-5.507	-7.586	-5.726	-3.839	-5.986	-7.581	-6.567	-4.107
7.42	-2.965	-5.421	-4.622	-6.408	-2.255	-6.666	-5.846	-2.114	-4.06	-5.423	-2.658	-3.639	-5.266	-7.499	-6.019	-4.385	-6.095	-7.708	-6.576	-3.46
7.43	-3.128	-5.429	-4.58	-6.297	-2.259	-6.69	-5.737	-2.356	-3.626	-5.38	-2.624	-3.45	-5.491	-7.502	-6.048	-3.987	-6.263	-7.535	-6.882	-3.267
7.44	-3.293	-5.42	-4.452	-6.138	-2.31	-6.662	-5.609	-2.648	-3.554	-5.408	-2.649	-3.397	-5.604	-7.505	-6.119	-4.115	-6.446	-7.681	-6.969	-3.15
7.45	-3.443	-5.421	-4.333	-6.097	-2.389	-6.702	-5.153	-2.86	-3.583	-5.618	-2.669	-3.174	-5.858	-7.557	-5.983	-4.58	-6.484	-7.79	-7.191	-2.975
7.46	-3.558	-5.409	-4.194	-5.971	-2.341	-6.658	-5.575	-3.282	-3.61	-5.375	-2.673	-3.153	-6.072	-7.541	-5.956	-4.434	-6.576	-7.544	-7.321	-2.878
7.47	-3.753	-5.322	-4.19	-5.892	-2.353	-6.675	-5.573	-3.622	-3.744	-5.403	-2.67	-3.184	-6.232	-7.564	-6.444	-4.583	-6.659	-7.497	-7.516	-2.767
7.48	-3.862	-5.309	-4.057	-5.688	-2.224	-6.717	-5.583	-3.868	-3.419	-5.394	-2.855	-3.218	-6.356	-7.587	-6.036	-4.863	-6.823	-7.474	-7.617	-3.045
7.49	-4.165	-4.938	-4.009	-5.626	-2.345	-6.7	-5.596	-4.222	-3.145	-5.372	-2.861	-3.219	-6.639	-7.538	-5.921	-5.063	-6.87	-7.435	-7.7	-2.581
7.5	-4.269	-5.225	-3.835	-5.445	-2.327	-6.687	-5.604	-4.536	-3.361	-5.537	-3.001	-3.297	-6.749	-7.57	-5.973	-5.13	-6.98	-7.359	-7.66	-2.606
7.51	-4.252	-5.257	-4.165	-5.425	-2.695	-6.663	-2.684	-5.483	-2.765	-2.036	-3.008	-3.427	-7.321	-7.62	-5.568	-5.151	-2.436	-6.997	-7.947	-7.63
7.52	-4.672	-5.095	-3.623	-4.89	-2.292	-6.72	-2.522	-5.479	-3.049	-2.181	-3.402	-3.82	-7.25	-7.583	-5.65	-5.658	-2.404	-7.188	-7.977	-7.624
7.53	-5.28	-5.08	-3.516	-4.714	-2.293	-6.732	-2.497	-5.686	-2.972	-2.386	-3.482	-4.13	-7.439	-7.586	-5.717	-5.78	-2.266	-7.165	-7.924	-7.616
7.54	-4.941	-5.015	-3.498	-4.476	-2.294	-6.74	-2.968	-5.895	-2.899	-2.393	-3.705	-4.328	-7.544	-7.573	-5.656	-6.127	-2.28	-7.117	-7.862	-7.595
7.55	-5.11	-4.94	-3.451	-4.415	-2.306	-6.8	-2.878	-6.122	-2.813	-2.341	-3.837	-4.55	-7.624	-7.591	-5.622	-6.107	-2.347	-7.481	-7.732	-7.557
7.56	-5.178	-4.7	-2.817	-4.223	-2.27	-6.7	-2.882	-6.254	-2.743	-2.335	-4.036	-4.869	-7.719	-7.563	-5.78	-6.297	-2.326	-7.086	-7.289	-7.543
7.57	-5.283	-4.818	-3.35	-4.064	-1.906	-6.741	-2.825	-6.371	-2.669	-2.384	-4.157	-5.218	-7.786	-7.541	-5.479	-6.396	-2.295	-7.04	-7.109	-7.481
7.58	-5.325	-4.764	-3.34	-3.924	-2.303	-6.788	-2.894	-6.412	-2.815	-2.392	-4.389	-5.458	-7.781	-7.543	-5.306	-6.528	-2.267	-7.024	-6.973	-7.42
7.59	-5.448	-4.708	-3.314	-3.685	-1.956	-6.735	-2.827	-6.44	-2.451	-2.386	-4.565	-5.756	-7.756	-7.48	-5.283	-6.608	-2.232	-6.949	-6.725	-7.336
7.6	-5.601	-4.599	-3.318	-3.517	-2.361	-6.75	-2.763	-6.408	-2.376	-2.326	-4.811	-6.036	-7.843	-7.537	-5.235	-6.738	-2.283	-6.969	-6.542	-7.229
7.61	-5.545	-4.827	-3.735	-3.442	-2.574	-6.742	-6.512	-6.173	-1.839	-5.413	-4.871	-6.372	-7.499	-7.61	-4.734	-3.454	-7.27	-6.616	-5.731	-6.773
7.62	-5.838	-4.356	-3.353	-2.892	-2.2	-6.662	-6.157	-6.206	-2.001	-5.317	-5.372	-7.016	-7.594	-7.449	-5.01	-3.459	-7.236	-6.936	-5.817	-6.902
7.63	-5.894	-4.299	-3.336	-2.68	-2.227	-6.662	-6.688	-6.134	-1.862	-5.437	-5.548	-7.307	-7.468	-7.411	-5.021	-3.27	-7.135	-6.883	-5.575	-6.828
7.64	-5.953	-4.199	-3.365	-2.547	-2.241	-6.645	-6.761	-6.017	-2.227	-5.43	-5.72	-7.468	-7.459	-7.371	-4.906	-3.168	-7.08	-6.901	-5.366	-6.76
7.65	-6.068	-4.046	-3.455	-2.377	-2.232	-6.656	-6.73	-6.206	-1.742	-5.425	-5.89	-7.712	-7.186	-7.377	-4.939	-3.131	-7.034	-6.955	-5.111	-6.618
7.66	-6.088	-3.974	-3.453	-2.223	-2.209	-6.65	-6.86	-5.709	-2.487	-5.411	-6.095	-7.943	-7.011	-7.342	-4.867	-3	-6.955	-6.8	-4.828	-6.542
7.67	-6.098	-3.701	-3.498	-1.998	-2.165	-6.612	-6.926	-5.567	-1.57	-5.452	-6.794	-8.089	-6.853	-7.286	-4.965	-2.732	-6.98	-6.783	-5.05	-6.407
7.68	-6.108	-3.792	-3.473	-1.96	-2.184	-6.587	-6.942	-5.349	-1.48	-5.438	-6.462	-8.358	-6.643	-7.286	-4.653	-3.005	-6.939	-6.787	-4.614	-6.359
7.69	-6.158	-3.732	-3.027	-1.876	-2.156	-6.57	-6.986	-5.061	-1.435	-5.528	-6.588	-8.345	-6.382	-7.216	-4.585	-2.84	-6.822	-6.851	-4.401	-6.224
7.7	-6.194	-3.643	-3.618	-1.807	-2.136	-6.511	-7.069	-4.81	-1.385	-5.486	-6.751	-8.392	-6.673	-7.255	-4.517	-2.848	-6.68	-6.848	-4.186	-6.136
7.71	-6.175	-3.747	-4.123	-1.705	-6.08	-6.51	-7.018	-3.764	-1.34	-5.314	-7.127	-8.515	-5.165	-7.33	-4.02	-2.764	-3.12	-6.579	-7.362	-4.48
7.72	-6.215	-3.257	-3.782	-1.618	-5.933	-6.394	-7.062	-4.051	-1.329	-5.584	-7.17	-8.525	-5.281	-7.152	-4.288	-2.554	-3.255	-6.915	-7.686	-4.737
7.73	-6.197	-3.138	-3.727	-1.658	-5.885	-6.321	-7.093	-3.538	-1.361	-5.664	-7.219	-8.472	-5.137	-7.093	-4.848	-2.608	-3.381	-6.902	-7.868	-4.807
7.74	-6.176	-3.018	-3.807	-1.689	-5.889	-6.353	-7.063	-3.332	-1.384	-5.677	-7.353	-8.373	-4.851	-7.069	-4.158	-2.543	-3.454	-6.933	-8.001	-4.84
7.75	-6.067	-2.935	-3.765	-1.737	-5.921	-5.979	-6.989	-3.03	-1.386	-5.757	-7.403	-8.281	-4.818	-7.035	-4.062	-2.543	-3.628	-6.949	-7.84	-4.93
7.76	-5.974	-2.789	-3.833	-1.787	-5.91	-6.288	-7.004	-2.732	-1.497	-5.799	-7.43	-8.134	-4.437	-7.037	-4.053	-2.535	-4.219	-6.926	-8.188	-4.872
7.77	-5.971	-2.68	-3.981	-1.939	-5.912	-5.811	-6.967	-2.441	-1.469	-5.861	-7.528	-8.003	-4.285	-6.975	-4.052	-2.66	-3.699	-6.955	-7.949	-5.104
7.78	-5.892	-2.549	-3.993	-2.05	-5.91	-6.22	-6.875	-2.269	-1.529	-5.911	-7.53	-7.852	-4.025	-6.981	-3.924	-2.71	-3.883	-6.976	-8.165	-5.179
7.79	-5.761	-2.456	-3.95	-2.168	-5.964	-6.153	-6.797	-2.158	-1.603	-5.889	-7.65	-7.502	-3.907	-6.436	-3.921	-2.77	-3.702	-7.018	-8.18	-5.21
7.8	-5.634	-2.37	-3.974	-2.169	-5.997	-6.178	-6.798	-1.842	-1.643	-5.938	-7.792	-7.355	-3.957	-6.855	-3.9	-2.829	-3.822	-7.01	-8.101	-5.325
7.81	-5.386	-2.552	-4.441	-2.358	-1.954	-6.335	-6.159	-1.478	-1.827	-5.789	-7.778	-6.999	-3.182	-7.136	-3.482	-2.757	-5.776	-6.702	-7.63	-5.329
7.82	-5.188	-2.135	-3.993	-2.797	-1.907	-5.99	-6.272	-1.506	-1.861	-6.019	-7.568	-6.344	-3.314	-6.681	-3.735	-3.048	-5.746	-6.893	-7.667	-5.196
7.83	-5.048	-2.079	-4.074	-2.942	-1.74	-5.926	-6.011	-1.461	-1.639	-6.146	-7.535	-6.09	-3.212	-6.748	-3.671	-3.186	-5.809	-6.882	-7.519	-5.215
7.84	-4.981	-2.008	-4.103	-3.128	-1.844	-5.789	-5.876	-1.497	-2.027	-6.093	-7.476	-5.694	-3.143	-6.71	-3.71	-3.311	-5.641	-7.019	-7.268	-5.121
7.85	-4.769	-1.954	-4.157	-3.342	-1.822	-5.767	-5.544	-1.536	-2.057	-6.139	-7.426	-5.483	-3.08	-6.864	-3.683	-3.523	-5.749	-6.959	-7.171	-5.182
7.86	-4.538	-1.924	-4.126	-3.533	-1.835	-5.599	-5.275	-1.534	-1.657	-6.157	-7.252	-5.25	-3.057	-6.615	-3.677	-3.746	-5.813	-6.938	-6.755	-5.026
7.87	-4.395	-1.402	-4.173	-3.787	-1.784	-5.477	-5.022	-1.606	-2.215	-6.185	-6.97	-5.01	-2.977	-6.63	-3.685	-3.891	-5.234	-6.887	-6.595	-5.135
7.88	-4.242	-1.827	-4.226	-3.975	-1.715	-5.405	-4.757	-1.7	-2.34	-6.169	-6.904	-4.751	-2.951	-6.644	-3.634	-4.128	-5.662	-6.925	-6.271	-4.965
7.89	-4.03	-1.819	-4.264	-4.752	-1.74	-5.169	-4.523	-1.822	-2.356	-6.261	-6.612	-4.491	-2.959	-6.62	-3.587	-4.424	-5.408	-6.924	-5.974	-4.925
7.9	-3.828	-1.792	-4.26	-4.922	-1.757	-5.163	-4.184	-1.882	-2.458	-6.302	-6.414	-4.284	-3	-6.757	-3.632	-4.605	-5.611	-6.915	-5.651	-4.901
7.91	-3.707	-2.136	-4.697	-4.526	-1.859	-5.26	-3.067	-2.597	-2.982	-6.189	-6.263	-3.911	-3.137	-7.198	-3.381	-4.646	-5.953	-3.872	-4.511	-6.049
7.92	-3.187	-1.808	-4.33	-5.083	-1.708	-4.701	-3.245	-2.412	-2.699	-6.339	-5.545	-3.78	-3.083	-6.8	-3.629	-5.356	-5.436	-4.021	-4.558	-6.227
7.93	-2.983	-1.841	-4.389	-5.242	-1.673	-4.017	-2.933	-2.666	-2.83	-6.367	-5.283	-3.704	-3.155	-6.727	-3.591	-5.526	-5.41	-3.929	-4.262	-5.699
7.94	-2.787	-1.849	-4.356	-5.428	-1.632	-4.4	-2.64	-2.91	-2.926	-6.357	-5.049	-3.641	-3.197	-6.932	-3.635	-5.721	-5.542	-4.013	-4.042	-6.384
7.95	-2.608	-1.682	-4.351	-5.577	-1.616	-4.289	-2.457	-2.593	-2.944	-6.413	-4.83	-3.558	-3.259	-6.974	-3.667	-6.019	-5.44	-4.032	-3.744	-6.452
7.96	-2.519	-1.891	-4.4	-5.727	-1.536	-4.116	-2.275	-3.31	-2.91	-6.46	-4.551	-3.52	-3.384	-6.926	-3.628	-6.174	-5.508	-3.84	-3.524	-6.607
7.97	-2.378	-1.937	-4.4	-5.928	-1.579	-3.877	-2.448	-3.532	-2.822	-6.484	-4.346	-3.548	-3.468	-6.972	-3.635	-6.361	-5.438	-3.969	-3.36	-6.679
7.98	-2.155	-1.951	-4.313	-6.153	-1.585	-3.79	-2.072	-3.816	-3.18	-6.465	-4.229	-3.554	-3.528	-6.829	-3.585	-6.578	-5.43	-4.034	-3.278	-6.824
7.99	-2.014	-1.996	-4.412	-6.203	-1.563	-3.611	-2.075	-4.006	-3.229	-6.459	-3.999	-3.585	-3.628	-6.942	-4.063	-6.721	-5.484	-4.074	-3.228	-6.893
8	-1.917	-2.008	-4.485	-6.335	-1.563	-3.403	-2.014	-4.306	-3.229	-6.435	-3.644	-3.701	-3.625	-6.855	-3.618	-6.872	-5.494	-4.134	-3.239	-7.13
8.01	-1.917	-1.996	-4.882	-6.352	-1.643	-3.293	-2.268	-5.24	-3.761	-6.369	-3.537	-3.964	-4.255	-7.203	-3.403	-6.977	-5.877	-6.792	-3.636	-7.584
8.02	-1.57	-2.126	-4.572	-6.611	-1.537	-2.851	-2.196	-5.14	-3.386	-6.409	-3.207	-4.08	-4.089	-6.898	-3.609	-7.462	-5.511	-6.736	-3.62	-7.476
8.03	-1.486	-2.188	-4.594	-6.692	-1.584	-2.676	-2.303	-5.412	-3.434	-6.458	-3.083	-4.272	-4.055	-6.941	-3.608	-7.455	-5.534	-6.693	-3.8	-7.599
8.04	-1.303	-2.207	-4.536	-6.763	-1.558	-2.537	-2.449	-5.529	-3.426	-6.464	-2.801	-4.455	-4.398	-6.261	-3.611	-7.597	-5.475	-6.697	-3.957	-7.72
8.05	-1.325	-2.238	-4.545	-6.778	-1.554	-2.483	-2.604	-5.762	-3.275	-6.5	-2.782	-4.667	-4.51	-6.838	-3.633	-7.651	-5.473	-6.685	-4.302	-7.79
8.06	-1.292	-2.191	-4.605	-6.825	-1.635	-2.422	-2.71	-6.021	-3.503	-6.515	-2.752	-4.971	-4.65	-6.956	-3.799	-7.72	-5.513	-6.649	-4.543	-7.793
8.07	-1.225	-2.366	-4.682	-6.863	-1.574	-2.215	-2.938	-6.107	-3.574	-6.518	-2.708	-5.233	-4.776	-6.921	-3.627	-7.831	-5.483	-7.082	-4.864	-7.87
8.08	-1.202	-2.341	-4.682	-6.811	-1.607	-2.092	-3.058	-6.197	-3.611	-6.514	-2.663	-5.511	-4.877	-6.989	-3.637	-7.768	-5.474	-6.587	-5.182	-7.942
8.09	-1.169	-2.359	-4.757	-6.793	-1.605	-2.1	-3.302	-6.377	-3.519	-6.518	-2.631	-5.648	-5.036	-7.157	-3.642	-7.911	-5.626	-6.484	-5.577	-7.96
8.1	-1.153	-2.376	-4.797	-6.824	-1.592	-2.036	-3.491	-6.383	-4.02	-6.487	-2.672	-5.945	-5.14	-7.062	-3.688	-7.87	-5.684	-7.075	-5.885	-8.051
8.11	-6.281	-2.872	-5.294	-6.776	-1.568	-2.015	-4.394	-6.34	-4.045	-6.476	-2.722	-6.138	-5.466	-7.411	-3.423	-7.812	-5.377	-6.1	-6.991	-7.897
8.12	-6.251	-2.531	-4.979	-6.535	-1.593	-1.779	-4.22	-6.448	-3.672	-6.553	-2.959	-6.766	-5.635	-7.147	-3.643	-7.837	-5.342	-6.235	-6.91	-7.935
8.13	-6.173	-2.479	-5.02	-6.459	-1.64	-1.787	-4.449	-6.494	-3.657	-6.502	-3.167	-6.959	-5.738	-7.062	-3.713	-7.848	-5.393	-6.168	-7.164	-7.97
8.14	-6.106	-2.589	-5.113	-6.344	-1.662	-1.749	-4.731	-6.399	-3.704	-6.519	-3.437	-7.165	-5.657	-7.095	-3.674	-7.868	-5.483	-6.085	-7.417	-7.852
8.15	-5.994	-2.553	-5.082	-6.247	-1.74	-1.745	-4.91	-6.361	-3.808	-6.522	-3.599	-7.407	-6.05	-7.044	-3.677	-7.861	-5.465	-6	-7.674	-7.734
8.16	-5.89	-2.588	-5.16	-6.149	-1.742	-1.729	-5.154	-6.303	-3.738	-6.51	-3.766	-7.56	-6.118	-6.989	-3.672	-7.737	-5.534	-5.934	-7.901	-7.722
8.17	-5.729	-2.692	-5.321	-5.974	-1.741	-1.774	-5.344	-6.387	-3.769	-6.534	-4.032	-7.797	-6.248	-7.07	-3.707	-7.684	-5.51	-5.889	-8.092	-7.555
8.18	-5.111	-2.703	-5.402	-5.877	-1.793	-1.763	-5.636	-6.116	-3.814	-6.55	-4.284	-7.9	-6.291	-7.056	-3.75	-7.685	-5.53	-5.804	-8.199	-7.435
8.19	-5.437	-2.758	-5.541	-5.721	-1.782	-1.744	-5.798	-6.099	-3.795	-6.542	-4.604	-8.09	-6.255	-7.006	-3.716	-7.238	-5.574	-5.717	-8.275	-7.286
8.2	-5.3	-2.772	-5.578	-5.492	-1.802	-1.798	-6.093	-6.036	-3.944	-6.515	-4.845	-8.587	-6.676	-6.995	-3.765	-7.687	-5.556	-5.654	-8.393	-7.093
8.21	-2.563	-3.233	-5.337	-5.295	-1.736	-1.715	-6.758	-5.498	-4.139	-6.471	-5.015	-8.588	-7.17	-7.141	-3.579	-7.569	-5.286	-5.06	-8.296	-6.404
8.22	-2.79	-2.874	-5.76	-5.009	-2.08	-1.789	-6.655	-5.682	-4.223	-6.499	-5.638	-8.678	-7.083	-6.824	-3.863	-7.297	-5.306	-5.701	-8.304	-6.484
8.23	-3.054	-2.89	-5.822	-4.737	-2.062	-1.783	-6.82	-5.486	-3.495	-6.53	-6.415	-8.699	-7.154	-6.715	-3.876	-7.216	-5.343	-5.848	-8.201	-6.306
8.24	-3.333	-2.927	-5.811	-4.613	-2.531	-1.848	-6.983	-5.374	-3.729	-6.521	-6.174	-8.641	-7.265	-6.824	-3.966	-6.715	-5.305	-6.016	-8.104	-6.089
8.25	-3.41	-2.937	-6.104	-4.444	-2.163	-1.865	-7.049	-5.227	-2.903	-6.556	-6.36	-8.61	-7.339	-6.82	-3.956	-6.9	-5.323	-6.097	-7.982	-5.957
8.26	-3.564	-3.107	-6.32	-4.202	-2.296	-1.859	-7.165	-5.053	-3.785	-6.463	-6.546	-8.515	-7.449	-6.81	-3.995	-6.644	-5.31	-6.242	-7.788	-5.726
8.27	-3.767	-3.097	-6.374	-3.99	-2.542	-1.886	-7.045	-4.88	-3.697	-6.522	-6.742	-8.279	-7.5	-6.8	-4.032	-6.683	-5.292	-6.259	-7.958	-5.647
8.28	-3.995	-3.204	-6.304	-3.846	-2.472	-1.895	-7.192	-4.639	-3.775	-6.509	-6.862	-8.17	-7.567	-6.794	-4.037	-6.498	-5.291	-6.422	-7.347	-5.489
8.29	-4.061	-3.268	-6.504	-3.713	-2.578	-2.184	-7.266	-4.503	-3.148	-6.482	-7.234	-7.925	-7.624	-6.716	-4.08	-6.349	-5.207	-6.605	-7.047	-5.352
8.3	-4.355	-3.409	-6.599	-3.53	-2.692	-1.883	-7.213	-4.234	-3.718	-6.49	-7.393	-7.7	-7.62	-6.778	-4.126	-6.165	-5.2	-6.59	-6.808	-5.266
8.31	-2.758	-4.009	-6.903	-3.632	-2.628	-1.866	-6.87	-3.442	-4.06	-6.509	-7.321	-7.383	-7.944	-6.511	-3.85	-6.189	-6.292	-7.122	-5.561	-5.803
8.32	-2.619	-3.731	-6.805	-3.109	-3.229	-1.981	-6.894	-3.611	-3.741	-6.534	-7.806	-6.675	-7.906	-6.616	-4.222	-5.679	-6.014	-6.884	-6.046	-6.276
8.33	-2.096	-3.808	-6.799	-3.056	-3.388	-2.058	-6.762	-3.464	-3.705	-6.488	-7.639	-6.48	-7.911	-6.526	-4.283	-5.542	-5.835	-6.961	-6.158	-6.709
8.34	-2.414	-3.628	-6.586	-2.888	-3.501	-2.097	-6.78	-3.261	-3.671	-6.491	-7.804	-6.119	-7.977	-6.415	-4.603	-5.395	-5.96	-7.059	-6.622	-6.846
8.35	-2.272	-4.037	-6.634	-2.784	-3.733	-2.119	-6.667	-3.087	-3.1	-6.483	-7.885	-5.632	-7.736	-6.557	-4.389	-5.244	-5.946	-7.097	-6.928	-7.006
8.36	-2.164	-4.156	-6.78	-2.716	-3.943	-2.196	-6.475	-2.984	-3.482	-6.452	-7.911	-5.416	-8.05	-6.511	-4.457	-5.061	-5.936	-7.094	-7.217	-7.016
8.37	-1.972	-4.304	-6.803	-2.566	-4.165	-2.218	-6.175	-2.724	-3.702	-6.422	-7.929	-5.1	-8.07	-6.461	-4.577	-4.923	-6.045	-7.077	-7.476	-7.065
8.38	-1.866	-4.446	-6.662	-2.537	-4.577	-2.251	-6.044	-5.473	-3.709	-6.438	-7.979	-4.846	-8.076	-6.338	-5.233	-4.624	-6.159	-7.208	-7.738	-7.273
8.39	-1.87	-4.57	-6.672	-2.373	-4.538	-2.32	-5.736	-2.449	-3.653	-6.418	-8.025	-4.497	-8.113	-6.411	-4.718	-4.54	-6.712	-7.227	-7.938	-7.428
8.4	-1.741	-4.735	-6.735	-2.26	-4.759	-2.289	-5.536	-2.045	-3.672	-6.31	-7.966	-4.299	-8.116	-6.31	-4.785	-4.319	-6.259	-7.299	-8.149	-7.493
8.41	-1.73	-5.246	-6.75	-2.069	-5.071	-2.078	-4.402	-2.864	-4.063	-6.44	-8.011	-4.099	-8.149	-6.553	-4.598	-4.296	-4.275	-7.522	-8.416	-3.611
8.42	-1.452	-5.098	-6.76	-2.002	-5.46	-2.408	-4.524	-4.706	-3.673	-6.216	-7.92	-3.64	-8.17	-6.139	-5.038	-3.763	-4.59	-7.301	-8.45	-3.543
8.43	-1.437	-5.19	-6.718	-1.9	-5.592	-2.505	-4.246	-1.814	-3.649	-6.121	-7.815	-3.347	-8.168	-6.062	-5.136	-3.645	-4.581	-7.316	-8.47	-3.502
8.44	-1.381	-5.302	-6.813	-1.893	-5.758	-2.513	-3.977	-1.814	-3.668	-6.006	-7.681	-3.422	-8.158	-5.973	-5.261	-3.558	-4.583	-7.305	-8.479	-3.453
8.45	-1.345	-5.31	-6.792	-1.833	-6.1	-2.58	-3.704	-1.798	-3.687	-5.949	-7.492	-3.331	-8.144	-5.919	-5.534	-3.446	-4.474	-7.28	-8.396	-3.83
8.46	-1.259	-5.488	-6.794	-1.916	-6.119	-2.737	-3.351	-1.727	-3.689	-5.821	-7.506	-3.343	-8.134	-5.846	-5.443	-3.341	-4.449	-7.304	-8.333	-3.288
8.47	-1.279	-5.536	-6.786	-1.857	-6.215	-2.739	-3.159	-1.738	-3.689	-5.746	-7.309	-3.355	-8.092	-5.85	-5.556	-3.274	-4.494	-7.335	-8.234	-3.386
8.48	-1.253	-5.607	-6.793	-1.809	-6.312	-2.794	-2.926	-1.763	-3.656	-5.67	-7.168	-3.354	-8.036	-5.795	-5.636	-3.165	-4.48	-7.359	-8.137	-3.327
8.49	-1.234	-5.688	-6.758	-1.802	-6.391	-2.876	-3.188	-1.717	-3.723	-5.587	-6.503	-3.384	-7.995	-5.697	-5.783	-3.143	-4.464	-7.36	-7.931	-3.218
8.5	-1.222	-5.72	-6.79	-1.774	-6.522	-3.028	-2.566	-1.712	-3.618	-5.48	-6.218	-3.51	-7.99	-5.643	-6.045	-3.128	-4.458	-7.403	-7.794	-3.17
8.51	-1.225	-5.7	-1.721	-1.776	-6.445	-2.828	-2.384	-5.752	-4.031	-5.459	-6.854	-2.777	-7.615	-5.875	-6.204	-3.133	-6.531	-7.671	-6.984	-3.145
8.52	-1.308	-5.646	-1.736	-1.726	-6.655	-3.3	-2.384	-6.387	-3.622	-5.075	-6.307	-3.055	-7.729	-5.523	-6.294	-3.096	-6.448	-7.493	-7.045	-3.178
8.53	-1.31	-5.709	-1.717	-1.732	-6.665	-3.34	-2.39	-6.106	-3.65	-4.988	-6.16	-4.124	-7.748	-5.494	-6.416	-3.124	-6.415	-7.519	-6.679	-3.203
8.54	-1.368	-5.744	-1.74	-1.759	-6.696	-3.339	-2.409	-6.028	-3.6	-4.889	-5.92	-4.305	-7.613	-5.469	-6.539	-3.118	-6.366	-7.477	-6.398	-3.166
8.55	-1.414	-5.667	-1.744	-1.928	-6.72	-3.485	-2.585	-5.801	-3.727	-4.199	-5.797	-4.549	-7.447	-5.397	-6.656	-3.289	-6.296	-7.662	-6.072	-3.184
8.56	-1.55	-5.642	-1.728	-1.789	-6.77	-3.66	-2.623	-5.727	-3.708	-4.657	-5.626	-4.858	-7.419	-5.297	-6.756	-3.367	-6.234	-7.723	-5.773	-3.188
8.57	-1.624	-5.573	-1.677	-1.845	-6.745	-3.717	-2.788	-2.948	-3.707	-4.569	-5.43	-5.135	-7.333	-5.239	-6.907	-3.359	-6.096	-7.809	-5.5	-3.193
8.58	-1.686	-5.604	-1.729	-1.884	-6.723	-4.44	-3.029	-3.205	-3.798	-4.515	-5.263	-5.329	-7.404	-5.153	-6.992	-3.39	-5.962	-7.792	-5.2	-3.179
8.59	-1.787	-5.487	-1.75	-1.926	-6.732	-3.916	-3.269	-3.615	-3.836	-4.441	-5.083	-5.717	-7.069	-5.073	-7.08	-3.526	-5.844	-7.505	-4.876	-3.159
8.6	-1.935	-5.464	-1.718	-2.007	-6.563	-4.039	-3.504	-3.416	-3.718	-4.274	-4.878	-6.022	-6.939	-4.882	-7.307	-3.561	-5.786	-7.898	-4.626	-3.179
8.61	-1.903	-5.043	-6.802	-1.919	-6.178	-3.786	-4.518	-3.232	-4.361	-4.471	-4.879	-6.345	-6.428	-5.025	-7.037	-7.51	-5.613	-8.078	-3.851	-8.284
8.62	-2.464	-5.227	-6.783	-2.281	-6.112	-4.26	-4.445	-4.252	-3.979	-4.061	-4.373	-6.991	-6.587	-4.652	-7.409	-7.566	-5.523	-8.097	-3.936	-8.234
8.63	-2.581	-5.108	-6.791	-2.414	-6.028	-4.339	-4.645	-4.466	-4.001	-3.338	-4.115	-7.189	-6.992	-4.581	-7.498	-7.575	-5.857	-8.112	-3.742	-8.291
8.64	-2.763	-4.966	-6.805	-2.524	-5.782	-4.483	-5.034	-4.756	-3.958	-3.894	-3.969	-7.411	-6.339	-4.437	-7.586	-7.48	-6.004	-8.101	-3.634	-8.259
8.65	-2.907	-4.886	-6.807	-2.701	-5.572	-4.541	-5.352	-4.999	-4.185	-3.919	-3.731	-7.616	-6.297	-4.393	-7.646	-7.481	-6.073	-8.123	-3.556	-8.184
8.66	-3.181	-4.815	-6.771	-2.801	-5.219	-4.53	-5.732	-5.154	-4.227	-3.824	-3.709	-8.182	-6.1	-4.273	-7.697	-7.548	-6.173	-8.173	-3.485	-8.224
8.67	-3.336	-4.698	-6.777	-3.008	-5.138	-4.569	-5.831	-5.454	-4.296	-3.78	-3.549	-8.07	-5.98	-4.237	-7.79	-7.404	-6.373	-8.091	-3.506	-8.256
8.68	-3.52	-4.617	-6.773	-3.122	-4.962	-4.674	-6.224	-5.064	-4.402	-3.699	-3.464	-8.282	-5.778	-4.186	-7.786	-7.326	-6.493	-8.083	-3.467	-8.268
8.69	-3.693	-4.433	-6.745	-3.366	-4.689	-4.727	-6.551	-5.883	-4.453	-3.597	-3.339	-8.396	-5.859	-3.784	-7.906	-7.211	-6.686	-7.966	-3.538	-8.26
8.7	-3.975	-4.371	-6.771	-3.498	-4.404	-4.77	-6.842	-6.051	-4.517	-3.615	-3.215	-8.491	-5.568	-4.059	-7.938	-7.143	-6.774	-7.93	-3.629	-8.237
8.71	-3.357	-3.815	-6.817	-3.551	-4.155	-4.436	-7.419	-2.086	-5.036	-3.882	-3.082	-8.544	-4.887	-4.121	-7.841	-5.403	-7.351	-7.476	-4.192	-3.43
8.72	-3.112	-4.04	-6.68	-4.109	-3.868	-4.863	-7.488	-1.913	-4.659	-3.46	-2.972	-8.496	-5.075	-3.875	-8.039	-5.54	-7.158	-7.623	-4.115	-3.458
8.73	-2.83	-4.03	-6.349	-4.344	-3.583	-4.937	-7.601	-1.811	-4.64	-3.367	-2.999	-8.417	-4.946	-3.829	-8.15	-5.049	-7.249	-7.374	-4.22	-3.49
8.74	-2.7	-3.765	-6.703	-4.566	-2.72	-4.923	-7.659	-1.742	-4.72	-3.346	-3.013	-8.191	-4.783	-3.821	-8.096	-5.048	-7.333	-7.184	-4.488	-3.539
8.75	-2.479	-3.737	-6.693	-4.625	-2.659	-4.956	-7.65	-1.762	-4.425	-3.304	-3.265	-8.103	-4.654	-3.816	-8.182	-4.919	-7.462	-7.461	-4.729	-3.63
8.76	-2.319	-3.578	-6.623	-4.944	-2.573	-4.962	-7.609	-1.73	-4.685	-3.281	-3.104	-7.96	-4.536	-3.717	-8.132	-4.945	-7.506	-6.74	-5.01	-3.696
8.77	-2.222	-3.428	-6.599	-5.178	-2.187	-5.014	-7.515	-1.762	-4.725	-3.206	-3.308	-7.609	-4.38	-3.81	-8.212	-5.19	-7.594	-6.613	-5.247	-3.715
8.78	-2.048	-3.331	-6.649	-5.441	-2.213	-5.323	-7.337	-1.81	-4.766	-3.242	-3.417	-7.485	-4.255	-3.725	-8.243	-5.119	-7.634	-6.263	-5.397	-3.503
8.79	-1.866	-3.214	-6.647	-5.602	-2.249	-5.352	-7.178	-1.918	-4.713	-3.191	-3.638	-7.16	-4.106	-3.704	-8.3	-5.225	-7.695	-5.945	-5.115	-3.873
8.8	-1.781	-3.163	-6.594	-5.798	-2.122	-5.394	-6.933	-1.984	-4.537	-3.174	-3.86	-6.944	-4.011	-3.74	-8.31	-5.242	-7.728	-5.641	-6.021	-3.995
8.81	-1.765	-2.437	-6.737	-5.858	-6.668	-5.46	-6.022	-2.536	-4.988	-3.457	-3.956	-6.606	-3.696	-3.693	-8.191	-5.432	-7.938	-4.733	-6.962	-7.435
8.82	-1.512	-2.714	-6.51	-6.279	-6.656	-5.524	-5.954	-2.523	-4.743	-3.169	-4.65	-5.937	-3.635	-3.727	-8.317	-5.625	-7.795	-4.744	-6.806	-7.336
8.83	-1.34	-2.623	-6.545	-6.422	-6.715	-5.471	-5.61	-2.742	-4.684	-3.19	-4.863	-5.698	-3.574	-3.855	-8.289	-5.442	-7.851	-4.481	-7.054	-7.361
8.84	-1.324	-2.717	-6.525	-6.508	-6.779	-5.537	-5.314	-3.009	-4.691	-3.227	-5.106	-5.362	-3.563	-3.77	-8.277	-5.218	-7.867	-4.105	-7.284	-7.091
8.85	-1.339	-2.449	-6.626	-6.634	-6.838	-5.484	-4.985	-3.284	-4.684	-3.21	-5.412	-5.102	-3.422	-3.78	-8.319	-5.232	-7.891	-3.976	-7.444	-6.967
8.86	-1.305	-2.305	-6.117	-6.728	-6.827	-5.564	-4.676	-3.587	-4.645	-3.239	-5.63	-4.876	-3.423	-3.757	-8.265	-4.992	-7.97	-3.637	-7.703	-6.903
8.87	-1.277	-2.201	-6.513	-6.738	-6.695	-5.595	-4.34	-3.895	-4.064	-3.263	-5.958	-4.677	-3.385	-3.681	-8.223	-4.903	-8.001	-3.47	-7.904	-6.759
8.88	-1.359	-2.14	-6.548	-6.767	-6.728	-5.612	-3.958	-4.18	-4.646	-3.285	-6.177	-4.485	-3.395	-3.776	-8.263	-4.83	-7.998	-3.288	-8.11	-6.818
8.89	-1.426	-2.406	-6.519	-6.775	-6.508	-5.624	-3.596	-4.232	-4.625	-3.178	-6.458	-4.331	-3.321	-3.789	-8.207	-4.713	-8.024	-3.245	-8.232	-6.526
8.9	-1.494	-1.942	-6.556	-6.773	-6.59	-5.625	-3.344	-5.092	-4.58	-3.253	-6.687	-4.145	-3.331	-3.861	-8.17	-4.471	-8.173	-3.199	-8.36	-6.065
8.91	-1.566	-1.457	-6.714	-6.777	-2.655	-5.34	-2.582	-3.476	-4.852	-3.656	-6.832	-4.098	-3.416	-3.78	-8.255	-4.605	-8.265	-3.309	-4.033	-5.634
8.92	-1.96	-1.741	-6.55	-6.58	-2.498	-5.863	-2.882	-2.719	-4.555	-3.325	-7.351	-3.775	-3.343	-3.915	-8.1	-4.28	-8.638	-3.366	-3.762	-5.662
8.93	-2.118	-1.66	-6.576	-6.167	-2.574	-5.827	-2.486	-2.604	-4.545	-3.355	-7.487	-3.717	-3.438	-3.865	-8.038	-4.042	-8.602	-3.379	-3.689	-5.664
8.94	-2.373	-1.617	-6.538	-6.392	-2.786	-5.934	-2.386	-2.451	-3.895	-3.335	-7.663	-3.633	-3.474	-3.938	-7.961	-3.983	-8.639	-3.507	-3.619	-5.509
8.95	-2.756	-1.6	-6.583	-6.284	-2.972	-6.018	-2.36	-2.265	-4.517	-3.402	-7.724	-3.448	-3.471	-3.879	-7.942	-3.902	-8.416	-3.729	-3.635	-5.39
8.96	-2.876	-1.484	-6.581	-6.135	-3.292	-6.106	-2.472	-2.099	-4.435	-3.333	-7.822	-3.424	-3.545	-3.952	-7.894	-3.855	-8.747	-3.969	-3.603	-5.149
8.97	-3.251	-1.514	-6.605	-6.103	-3.413	-6.118	-2.569	-1.966	-4.488	-3.327	-8.056	-3.353	-3.61	-3.992	-7.786	-3.761	-8.768	-4.191	-3.615	-5.561
8.98	-3.422	-1.483	-6.562	-5.937	-3.669	-6.222	-2.667	-1.825	-4.587	-3.295	-8.015	-3.457	-3.753	-3.976	-7.734	-3.573	-8.759	-4.485	-7.978	-4.836
8.99	-3.698	-1.388	-6.575	-5.779	-3.86	-6.289	-2.836	-1.773	-4.457	-3.31	-8.06	-3.492	-3.8	-4.046	-7.693	-3.61	-8.75	-4.721	-3.749	-4.767
9	-4.261	-1.51	-6.603	-5.602	-4.157	-6.356	-3.01	-1.825	-4.57	-3.323	-8.088	-3.442	-3.557	-4.135	-7.403	-3.545	-8.686	-5.115	-3.713	-4.653
9.01	-2.958	-1.122	-6.662	-5.476	-3.363	-6.266	-3.554	-1.963	-4.978	-3.595	-8.142	-3.485	-4.334	-3.961	-7.693	-3.564	-8.278	-6.047	-8.384	-7.437
9.02	-2.991	-1.384	-6.356	-4.962	-3.31	-6.75	-3.904	-1.932	-4.556	-3.243	-8.083	-3.702	-4.233	-4.23	-7.335	-3.394	-8.204	-6.118	-8.259	-7.653
9.03	-2.691	-1.281	-6.404	-4.818	-3.42	-6.87	-4.178	-2.073	-4.266	-3.262	-7.997	-3.826	-4.392	-4.239	-6.001	-3.301	-8.197	-6.473	-8.125	-7.771
9.04	-2.393	-1.297	-6.388	-4.494	-3.134	-6.847	-4.595	-2.18	-4.517	-3.204	-7.947	-4.004	-4.528	-4.277	-7.113	-3.277	-8.19	-6.474	-8.098	-7.883
9.05	-2.276	-1.669	-6.299	-4.374	-2.655	-6.98	-4.902	-2.266	-4.547	-3.269	-7.861	-4.14	-4.721	-4.198	-7.12	-3.277	-8.126	-7.001	-7.864	-7.995
9.06	-2.069	-1.259	-6.093	-4.212	-2.643	-7.005	-5.11	-2.441	-4.549	-3.235	-7.804	-4.308	-4.799	-4.248	-7.047	-3.27	-7.9	-7.193	-7.711	-8.093
9.07	-1.881	-1.232	-6.161	-4.003	-2.461	-7.135	-5.57	-2.527	-4.635	-2.709	-7.665	-4.502	-4.758	-4.241	-6.957	-3.216	-8.031	-7.547	-7.523	-8.216
9.08	-1.74	-1.31	-6.163	-3.623	-2.25	-7.155	-5.664	-2.682	-4.622	-3.241	-7.615	-4.697	-4.944	-4.263	-6.948	-3.204	-8.067	-7.818	-7.382	-8.272
9.09	-1.612	-1.318	-6.111	-3.626	-2.028	-7.183	-5.869	-2.736	-4.699	-3.248	-7.454	-4.917	-5.31	-4.244	-6.865	-3.128	-8.082	-7.896	-7.67	-8.315
9.1	-1.547	-1.307	-5.977	-3.397	-1.838	-7.3	-6.03	-3.068	-4.766	-3.234	-7.351	-5.121	-5.319	-4.285	-6.813	-3.184	-8.034	-7.988	-6.896	-8.372
9.11	-1.462	-1.135	-6.121	-3.215	-6.57	-7.245	-6.645	-5.304	-5.272	-3.677	-7.427	-5.223	-6.204	-4.054	-7.057	-8.184	-7.561	-3.322	-5.908	-8.425
9.12	-1.447	-1.622	-5.681	-2.737	-6.846	-7.465	-6.7	-5.137	-4.997	-3.26	-7.081	-5.788	-5.955	-4.235	-6.348	-8.223	-7.68	-3.168	-6.154	-8.423
9.13	-1.34	-2.279	-5.55	-2.575	-6.629	-7.487	-6.816	-5.092	-5.06	-3.234	-6.898	-6.046	-6.2	-4.242	-6.584	-8.212	-7.657	-3.163	-5.866	-8.432
9.14	-1.36	-2.397	-5.52	-2.48	-6.797	-7.505	-7.083	-4.937	-4.973	-3.255	-6.834	-6.3	-6.342	-4.282	-6.596	-8.218	-7.627	-3.21	-5.693	-8.442
9.15	-1.431	-2.324	-5.35	-2.345	-6.516	-7.557	-7.102	-4.654	-5.215	-3.265	-6.714	-6.383	-5.944	-4.244	-6.56	-8.217	-7.628	-3.329	-5.424	-8.414
9.16	-1.478	-2.375	-5.232	-2.226	-6.292	-7.56	-7.106	-4.568	-5.5	-3.289	-6.562	-6.605	-6.673	-4.269	-6.574	-8.16	-7.547	-3.415	-5.255	-8.393
9.17	-1.583	-2.988	-5.091	-2.126	-6.354	-7.533	-7.038	-4.279	-5.545	-3.186	-6.401	-6.898	-6.777	-4.167	-6.457	-8.234	-7.498	-3.633	-5.039	-8.39
9.18	-1.646	-2.395	-5	-2.058	-4.438	-7.47	-7.008	-4.221	-5.652	-3.15	-6.351	-7.033	-6.99	-4.063	-6.449	-8.212	-7.411	-3.726	-4.791	-8.347
9.19	-1.783	-2.39	-4.987	-1.957	-5.958	-7.445	-6.778	-3.95	-5.551	-3.181	-6.255	-7.266	-7.129	-4.194	-6.383	-8.158	-7.318	-3.966	-4.611	-8.351
9.2	-1.903	-2.376	-4.783	-1.857	-5.831	-7.336	-6.689	-4.359	-5.91	-3.143	-6.102	-7.402	-7.345	-4.059	-6.351	-8.138	-7.227	-4.199	-4.445	-8.306
9.21	-5.733	-2.117	-4.989	-1.94	-5.398	-7.145	-5.821	-3.159	-6.395	-3.504	-6.143	-7.537	-7.853	-3.838	-6.562	-8.213	-6.742	-6.723	-3.849	-7.99
9.22	-5.549	-2.307	-4.307	-1.842	-4.812	-6.758	-5.821	-3.281	-6.183	-3.164	-5.736	-8	-7.712	-3.966	-6.139	-8.091	-7.025	-6.388	-3.887	-8.148
9.23	-5.373	-2.468	-4.169	-1.863	-4.563	-6.093	-5.487	-3.187	-6.32	-3.177	-5.602	-8.082	-7.819	-3.886	-5.859	-7.764	-6.935	-6.093	-3.761	-8.072
9.24	-5.189	-2.123	-4.058	-1.882	-4.254	-6.4	-5.154	-3.019	-6.418	-3.139	-5.463	-8.162	-7.869	-3.893	-6.048	-8.006	-6.911	-5.816	-3.713	-8.048
9.25	-4.957	-2.142	-3.325	-1.916	-3.734	-6.297	-4.616	-3.555	-6.521	-3.145	-5.336	-8.215	-7.976	-3.812	-6.007	-7.964	-6.771	-5.513	-3.67	-7.974
9.26	-4.752	-2.078	-3.666	-1.991	-3.926	-6.104	-4.264	-2.801	-6.569	-3.184	-5.215	-8.255	-8.067	-3.777	-5.943	-7.631	-6.687	-5.242	-3.671	-7.912
9.27	-4.588	-2.057	-3.563	-2.058	-3.8	-5.779	-3.891	-2.678	-6.641	-3.228	-4.471	-8.274	-8.155	-3.72	-5.864	-8.029	-7.013	-4.855	-3.651	-7.882
9.28	-4.447	-2.219	-3.456	-2.143	-3.627	-5.545	-3.572	-2.562	-6.711	-2.698	-5	-8.335	-8.219	-3.723	-5.676	-7.912	-6.955	-4.563	-3.683	-7.798
9.29	-4.258	-2.051	-3.348	-2.168	-3.331	-5.363	-3.145	-2.451	-6.728	-3.203	-4.826	-8.328	-8.271	-3.689	-5.745	-7.737	-6.916	-4.329	-3.78	-7.662
9.3	-4.047	-2.044	-3.114	-2.256	-3.269	-5.173	-2.82	-2.437	-6.676	-3.339	-4.771	-8.337	-8.309	-3.687	-5.723	-7.763	-6.778	-4.151	-3.716	-7.565
9.31	-3.977	-1.898	-3.209	-2.235	-3.262	-5.016	-2.097	-2.041	-6.87	-3.765	-4.762	-8.159	-8.325	-3.659	-5.913	-7.908	-6.05	-7.527	-4.322	-7.106
9.32	-3.445	-2.143	-2.948	-2.537	-2.729	-4.37	-2.082	-2.121	-6.883	-3.468	-4.321	-8.04	-8.335	-3.669	-5.432	-7.597	-6.373	-7.996	-4.263	-7.275
9.33	-3.281	-2.178	-2.844	-2.631	-2.601	-3.644	-2.067	-2.079	-6.891	-3.489	-4.179	-7.873	-8.302	-3.684	-5.364	-7.567	-6.225	-8.048	-4.35	-7.099
9.34	-3.069	-2.205	-2.779	-2.721	-2.418	-3.857	-2.037	-2.04	-6.914	-3.48	-4.04	-7.687	-8.299	-3.578	-5.289	-7.494	-6.111	-8.245	-4.533	-6.984
9.35	-2.926	-2.224	-2.687	-2.906	-2.367	-3.7	-2.057	-1.993	-6.912	-3.459	-4.018	-7.479	-8.273	-3.594	-5.21	-7.444	-6.057	-8.282	-4.794	-6.823
9.36	-2.881	-2.249	-2.693	-2.924	-1.992	-3.573	-2.165	-1.925	-6.909	-3.564	-3.868	-7.299	-8.258	-3.725	-5.084	-7.275	-5.906	-8.3	-4.695	-6.65
9.37	-2.265	-2.277	-2.363	-2.993	-1.879	-3.384	-2.341	-1.918	-6.922	-3.526	-3.768	-7.036	-8.104	-3.798	-5.035	-6.592	-5.951	-8.247	-4.822	-6.472
9.38	-2.568	-2.231	-2.56	-3.05	-1.829	-3.251	-2.489	-1.916	-6.935	-3.622	-3.742	-6.938	-8.072	-3.837	-4.986	-7.052	-5.766	-8.193	-4.978	-6.395
9.39	-2.465	-2.447	-2.545	-3.112	-1.872	-3.108	-2.729	-1.909	-6.917	-3.647	-3.587	-6.706	-7.882	-3.957	-4.766	-6.93	-5.662	-8.151	-5.198	-6.252
9.4	-2.385	-2.279	-2.428	-3.161	-1.907	-2.939	-3.048	-1.933	-6.905	-3.632	-3.465	-6.41	-7.793	-3.989	-4.847	-6.859	-5.575	-8.251	-5.436	-6.146
9.41	-5.994	-2.032	-2.726	-5.462	-6.913	-2.874	-4.459	-2.039	-6.786	-4.023	-3.5	-6.276	-7.033	-4.344	-4.987	-5.241	-4.816	-3.809	-6.243	-5.392
9.42	-5.986	-2.366	-2.408	-5.372	-5.686	-2.597	-4.442	-1.986	-6.912	-3.621	-3.248	-5.664	-7.17	-4.221	-4.612	-5.237	-5.004	-3.89	-5.768	-5.664
9.43	-6.105	-2.351	-2.375	-5.284	-6.808	-2.391	-4.951	-2.039	-6.797	-3.572	-3.12	-5.529	-6.91	-4.258	-4.497	-5.438	-5.67	-4.113	-6.059	-6.03
9.44	-6.138	-2.396	-2.411	-5.215	-6.707	-2.468	-5.252	-2.099	-6.801	-3.573	-3.097	-5.172	-6.693	-4.33	-4.443	-5.53	-4.923	-4.298	-6.771	-5.235
9.45	-6.214	-2.362	-2.414	-4.496	-6.62	-2.442	-5.715	-2.196	-6.725	-3.563	-3.094	-4.98	-6.468	-4.411	-4.41	-5.714	-4.775	-4.311	-6.923	-5.089
9.46	-6.288	-2.372	-2.5	-4.967	-6.482	-2.381	-6.068	-2.252	-6.736	-3.502	-3.006	-4.706	-6.295	-4.436	-4.36	-5.857	-4.697	-4.637	-6.684	-4.981
9.47	-6.383	-2.332	-2.448	-4.862	-6.146	-2.487	-6.455	-2.353	-6.67	-3.527	-2.944	-4.078	-6.261	-4.526	-4.316	-6.038	-4.608	-4.947	-6.918	-4.837
9.48	-6.555	-2.445	-2.749	-4.727	-6.305	-2.445	-6.842	-2.446	-6.637	-3.4	-2.967	-4.324	-5.71	-4.588	-4.288	-6.227	-4.555	-5.17	-7.017	-4.751
9.49	-6.458	-2.501	-2.747	-4.703	-6.127	-2.469	-7.073	-2.534	-6.583	-3.327	-2.953	-4.144	-5.437	-4.667	-4.202	-6.401	-4.483	-5.444	-7.216	-5.097
9.5	-6.481	-2.584	-2.42	-4.543	-6.066	-2.463	-7.1	-2.626	-6.542	-3.315	-2.981	-4.007	-5.226	-4.762	-4.213	-6.642	-4.328	-5.666	-7.449	-4.431
9.51	-6.441	-2.453	-2.397	-4.564	-3.839	-2.615	-7.331	-3.171	-6.156	-3.423	-2.974	-3.897	-4.283	-5.276	-4.255	-6.558	-3.829	-6.596	-7.798	-3.889
9.52	-6.614	-2.672	-2.42	-4.706	-3.683	-2.989	-7.156	-3.048	-6.322	-3.062	-3.238	-3.492	-4.39	-5.22	-4.113	-7.056	-3.989	-6.421	-7.703	-4.021
9.53	-6.642	-2.679	-2.362	-4.778	-3.937	-3.193	-7.221	-3.306	-6.343	-2.854	-3.246	-3.5	-4.204	-5.404	-4.066	-7.121	-3.867	-6.588	-7.796	-3.931
9.54	-6.664	-2.716	-2.417	-4.891	-4.575	-3.35	-6.869	-3.454	-6.172	-2.785	-3.314	-3.363	-3.991	-5.244	-4.061	-7.224	-3.813	-6.843	-7.892	-3.888
9.55	-6.656	-2.791	-2.429	-4.947	-4.514	-3.505	-6.691	-3.511	-6.125	-2.726	-3.404	-3.402	-3.831	-5.23	-3.827	-7.383	-3.661	-7.049	-7.923	-3.762
9.56	-6.618	-2.85	-2.446	-5.081	-4.457	-3.794	-6.424	-3.649	-6.038	-2.624	-3.562	-3.376	-3.699	-5.427	-4.047	-7.404	-3.579	-7.076	-8.001	-3.708
9.57	-6.586	-3.389	-2.409	-5.135	-6.881	-4.147	-6.534	-3.825	-5.989	-2.469	-3.689	-3.372	-3.559	-5.477	-4.038	-7.529	-3.537	-7.456	-8.145	-3.589
9.58	-6.586	-2.795	-2.434	-5.293	-5.473	-4.504	-5.688	-4.011	-6.015	-2.39	-3.873	-3.358	-3.497	-5.567	-4.035	-7.539	-3.598	-7.649	-8.174	-3.59
9.59	-6.594	-2.793	-2.493	-5.37	-5.299	-4.691	-5.289	-4.108	-6.188	-2.104	-3.961	-3.491	-3.421	-5.651	-3.993	-7.658	-3.41	-7.822	-8.255	-3.537
9.6	-6.578	-2.928	-2.486	-5.528	-5.63	-5.061	-4.869	-4.288	-5.62	-2.222	-4.135	-3.486	-3.415	-5.734	-4.018	-7.66	-3.483	-7.886	-8.304	-3.525
9.61	-1.75	-2.619	-2.662	-5.295	-6.238	-5.304	-3.489	-4.766	-5.162	-2.232	-4.153	-3.519	-3.602	-6.364	-4.271	-7.577	-3.257	-8.261	-8.332	-3.495
9.62	-1.818	-3.236	-2.471	-5.7	-6.362	-6.024	-3.52	-4.672	-5.212	-1.981	-5.401	-3.878	-3.569	-6.124	-3.929	-7.841	-3.188	-8.224	-8.537	-3.49
9.63	-1.899	-3.053	-2.461	-5.803	-6.571	-6.337	-3.095	-4.816	-5.047	-1.861	-5.074	-4.1	-3.644	-6.109	-4.054	-8.018	-3.211	-8.112	-8.542	-3.466
9.64	-2.098	-3.067	-2.48	-5.86	-6.756	-6.587	-2.807	-4.914	-4.903	-1.848	-5.032	-4.44	-3.69	-6.204	-4.072	-7.943	-3.449	-8.203	-8.551	-3.51
9.65	-2.083	-3.142	-2.449	-5.943	-6.96	-6.831	-2.506	-4.988	-4.761	-1.775	-5.183	-4.555	-3.589	-6.28	-4.079	-7.975	-3.523	-8.285	-8.59	-3.517
9.66	-1.902	-3.284	-2.5	-5.958	-7.01	-6.956	-2.283	-5.175	-4.571	-1.765	-5.319	-4.7	-3.956	-6.323	-4.086	-8.04	-3.508	-8.391	-8.538	-3.554
9.67	-2.253	-3.556	-2.49	-6.03	-7.013	-7.162	-2.149	-5.343	-4.448	-1.804	-5.449	-4.98	-3.806	-6.336	-4.071	-8.042	-3.375	-8.205	-8.455	-3.573
9.68	-2.393	-3.41	-2.5	-6.054	-7	-7.29	-2.161	-5.355	-4.365	-1.773	-5.507	-5.202	-4.281	-6.512	-3.935	-8.129	-3.5	-8.216	-8.448	-3.562
9.69	-2.577	-3.426	-2.507	-6.164	-7.009	-7.426	-2.31	-5.549	-4.354	-1.892	-5.678	-5.459	-4.382	-6.561	-4.258	-8.113	-3.344	-8.093	-8.383	-3.572
9.7	-2.639	-3.45	-2.503	-6.2	-7.022	-7.478	-2.435	-5.626	-4.017	-1.977	-5.9	-5.709	-4.614	-6.602	-4.261	-8.154	-3.427	-8.082	-8.298	-3.628
9.71	-4.852	-3.355	-2.685	-5.944	-6.9	-7.518	-3.34	-3.707	-3.252	-2.089	-5.685	-5.934	-5.358	-7.182	-4.246	-8.066	-3.541	-3.877	-7.876	-3.818
9.72	-5.185	-3.828	-2.536	-6.322	-6.815	-7.396	-3.45	-3.12	-3.467	-2.401	-6.261	-6.597	-5.219	-6.863	-4.448	-8.241	-3.982	-3.991	-8.047	-3.709
9.73	-4.966	-3.917	-2.503	-6.356	-6.505	-7.308	-3.819	-3.057	-3.308	-2.706	-6.413	-6.832	-5.447	-6.858	-4.511	-8.232	-4.062	-4.072	-7.949	-3.712
9.74	-4.883	-3.922	-2.556	-6.378	-6.386	-7.16	-4.345	-2.931	-3.116	-2.91	-6.527	-7.079	-5.608	-6.992	-4.496	-8.261	-4.122	-4.304	-8.196	-3.778
9.75	-4.796	-4	-2.598	-6.364	-6.188	-6.935	-4.776	-2.903	-3.035	-3.113	-6.613	-7.278	-5.48	-7.132	-4.736	-8.359	-4.237	-4.428	-7.697	-3.743
9.76	-4.66	-4.067	-2.573	-6.368	-4.199	-6.803	-5.308	-2.764	-2.911	-3.368	-6.757	-7.503	-5.991	-7.255	-4.836	-8.284	-4.297	-4.659	-7.488	-3.786
9.77	-4.465	-4.143	-2.314	-6.424	-5.337	-6.521	-5.642	-2.746	-2.875	-3.666	-6.964	-7.672	-6.138	-7.272	-4.999	-8.321	-4.331	-4.883	-7.377	-3.744
9.78	-4.449	-4.352	-2.545	-6.461	-5.283	-6.251	-6.058	-2.753	-2.781	-4.034	-7.008	-7.768	-6.501	-7.437	-5.009	-8.323	-4.441	-5.112	-7.022	-3.804
9.79	-4.381	-4.153	-2.54	-6.5	-5.403	-5.922	-6.547	-2.742	-2.539	-4.226	-7.505	-7.955	-6.689	-7.503	-5.392	-8.324	-4.544	-5.335	-6.896	-3.788
9.8	-4.249	-4.058	-2.605	-6.627	-4.933	-5.686	-6.842	-2.583	-2.51	-4.432	-7.241	-8.207	-6.766	-7.6	-5.603	-8.384	-4.642	-5.583	-6.71	-3.835
9.81	-4.435	-3.653	-2.807	-6.332	-4.911	-5.34	-7.15	-2.277	-2.217	-4.763	-7.203	-8.392	-7.631	-7.979	-6.424	-8.315	-5.169	-6.287	-6.271	-3.988
9.82	-3.9	-4.666	-2.599	-6.562	-4.703	-4.635	-7.113	-2.447	-2.16	-5.393	-7.561	-8.535	-7.451	-7.872	-6.24	-8.381	-4.968	-5.285	-6.161	-3.785
9.83	-3.811	-4.072	-2.538	-6.567	-4.979	-4.34	-7.058	-2.351	-2.156	-5.587	-7.647	-8.584	-7.757	-7.926	-6.515	-8.388	-5.067	-5.088	-5.89	-3.824
9.84	-3.566	-4.078	-2.547	-6.572	-5.277	-3.997	-6.966	-2.364	-2.097	-5.849	-7.748	-8.653	-7.911	-7.998	-6.755	-8.377	-5.193	-4.842	-5.663	-3.822
9.85	-3.553	-4.044	-2.549	-6.869	-5.451	-3.196	-6.827	-2.323	-2.09	-6.123	-7.838	-8.604	-8.057	-8.131	-6.956	-8.377	-5.319	-4.579	-5.445	-3.812
9.86	-3.427	-3.966	-2.542	-6.574	-5.801	-3.506	-6.548	-2.331	-2.035	-6.199	-7.887	-8.616	-8.185	-8.165	-7.191	-8.367	-5.483	-4.531	-5.32	-3.797
9.87	-3.262	-3.905	-2.511	-6.586	-6.377	-3.25	-6.342	-2.277	-2.049	-6.474	-7.936	-8.486	-8.422	-7.774	-7.405	-8.363	-5.562	-4.048	-5.054	-3.783
9.88	-3.068	-3.843	-2.577	-6.584	-6.272	-2.864	-5.98	-2.273	-1.952	-6.532	-7.99	-8.427	-8.512	-8.241	-7.622	-8.353	-5.382	-3.915	-4.896	-3.798
9.89	-2.542	-3.766	-2.649	-6.561	-6.2	-3.037	-5.605	-2.256	-1.955	-6.73	-8.024	-8.358	-8.604	-8.312	-7.829	-8.349	-5.355	-3.636	-4.735	-3.806
9.9	-2.861	-3.621	-2.641	-6.598	-6.466	-2.828	-5.143	-2.539	-1.992	-6.784	-8.066	-8.218	-8.533	-8.324	-8.038	-8.372	-5.486	-3.474	-4.524	-3.759
9.91	-5.591	-3.021	-2.913	-6.393	-6.743	-2.669	-3.688	-2.253	-1.928	-6.826	-8.094	-4.51	-8.612	-8.663	-8.529	-8.39	-6.404	-8.288	-3.86	-3.878
9.92	-5.703	-3.271	-2.66	-6.589	-6.922	-2.574	-3.665	-2.214	-1.955	-6.862	-8.018	-4.772	-8.734	-8.504	-8.519	-8.272	-6.025	-8.299	-4.005	-3.712
9.93	-5.774	-3.214	-2.671	-6.595	-6.987	-2.559	-3.207	-2.21	-2.012	-6.654	-8.006	-5.044	-8.74	-8.573	-8.57	-8.201	-6.134	-8.341	-3.84	-3.695
9.94	-5.832	-3.225	-2.608	-6.589	-6.995	-2.534	-2.798	-2.219	-2.038	-6.807	-7.926	-5.197	-8.64	-8.625	-8.618	-8.087	-6.329	-8.252	-3.762	-3.663
9.95	-5.93	-3.153	-2.713	-6.59	-7.041	-2.448	-2.466	-2.242	-2.048	-6.733	-7.828	-5.483	-8.611	-8.523	-8.674	-8.093	-5.766	-8.19	-3.561	-3.657
9.96	-6.097	-2.996	-2.725	-6.607	-7.009	-2.471	-2.208	-2.271	-2.123	-6.538	-7.672	-6.336	-8.578	-8.47	-8.654	-7.993	-6.611	-8.094	-3.515	-3.617
9.97	-6.039	-2.953	-2.72	-6.82	-7.007	-2.518	-2.019	-2.176	-2.064	-6.548	-7.489	-5.957	-8.494	-8.296	-8.612	-7.897	-6.665	-8.027	-3.441	-3.634
9.98	-6.169	-2.792	-2.748	-6.561	-6.946	-2.622	-1.97	-2.099	-2.11	-6.389	-7.379	-6.322	-8.391	-8.356	-8.623	-7.804	-6.757	-7.862	-3.428	-3.578
9.99	-6.288	-5.264	-2.723	-6.635	-6.884	-2.688	-1.949	-2.084	-2.126	-6.28	-7.172	-7.021	-8.324	-8.113	-8.482	-7.724	-6.837	-7.704	-3.377	-3.606
10	-6.303	-6.081	-2.691	-6.569	-6.803	-2.747	-2.02	-2.104	-2.165	-6.171	-6.896	-6.784	-8.232	-8.335	-8.46	-7.664	-6.946	-7.56	-3.449	-3.599
10.01	-6.256	-2.603	-2.92	-6.376	-2.936	-2.791	-2.83	-2.113	-2.371	-6.065	-6.727	-7.126	-7.498	-8.387	-8.16	-7.667	-7.52	-6.93	-3.468	-3.56
10.02	-6.506	-2.341	-2.66	-6.601	-2.888	-3.271	-2.837	-2.128	-2.201	-5.622	-6.093	-7.594	-7.623	-8.375	-8.181	-6.701	-7.273	-6.91	-3.405	-3.613
10.03	-6.546	-2.212	-2.629	-6.603	-4.117	-3.414	-3.352	-2.071	-2.254	-5.476	-5.845	-7.781	-7.433	-8.347	-8.071	-7.156	-7.469	-6.678	-3.41	-3.596
10.04	-6.601	-2.161	-2.58	-6.64	-3.854	-3.539	-3.789	-2.134	-2.285	-5.256	-5.51	-8.005	-7.336	-8.387	-7.941	-7.052	-7.509	-6.506	-3.489	-3.583
10.05	-6.565	-2.053	-2.555	-6.634	-3.756	-3.728	-3.592	-2.11	-2.346	-5.192	-5.291	-8.184	-7.169	-8.409	-7.911	-7.025	-7.767	-6.808	-3.547	-3.592
10.06	-6.61	-2.123	-2.566	-6.631	-3.348	-3.946	-4.683	-2.15	-2.356	-5.014	-4.978	-8.297	-7.004	-8.358	-7.93	-6.924	-7.609	-6.006	-3.63	-3.596
10.07	-6.648	-1.965	-2.523	-6.678	-3.953	-4.139	-5.107	-2.127	-2.407	-4.924	-4.653	-8.406	-6.878	-8.362	-8.119	-6.821	-7.78	-5.85	-3.714	-3.585
10.08	-6.707	-1.933	-2.492	-6.665	-3.788	-4.39	-5.544	-2.123	-2.359	-4.761	-4.395	-8.537	-6.715	-8.357	-7.521	-6.586	-7.858	-5.628	-3.844	-3.836
10.09	-6.702	-2.188	-2.486	-6.662	-4.45	-4.612	-5.947	-2.132	-2.51	-4.608	-4.103	-8.644	-6.597	-8.339	-7.384	-6.481	-7.958	-5.398	-3.928	-3.635
10.1	-6.687	-1.893	-2.455	-6.638	-4.346	-4.862	-6.258	-2.134	-2.487	-4.42	-3.906	-8.679	-6.539	-8.344	-7.273	-6.399	-7.709	-5.228	-4.043	-3.591
10.11	-6.661	-1.783	-2.544	-6.446	-4.014	-5.012	-2.293	-2.184	-2.779	-4.077	-3.836	-8.7	-6.03	-8.192	-6.719	-6.45	-8.14	-4.451	-4.658	-3.604
10.12	-6.751	-1.807	-2.36	-6.698	-4.252	-5.679	-2.151	-2.144	-2.669	-3.973	-3.32	-8.426	-6.277	-8.34	-6.924	-5.832	-7.97	-4.571	-4.602	-3.689
10.13	-6.678	-1.828	-2.314	-6.644	-4.005	-5.922	-2.047	-2.162	-2.611	-3.819	-3.32	-8.392	-6.184	-8.276	-6.88	-5.646	-8.002	-4.378	-4.787	-3.712
10.14	-6.722	-1.767	-2.301	-6.608	-3.851	-6.108	-2.029	-2.133	-2.655	-3.637	-3.27	-8.168	-6.234	-8.275	-6.773	-5.508	-8.035	-4.221	-5.044	-3.748
10.15	-6.777	-1.818	-2.312	-6.575	-3.604	-6.331	-2.118	-2.15	-2.7	-3.458	-3.228	-7.951	-5.944	-8.2	-6.672	-5.308	-8.072	-4.499	-5.228	-3.8
10.16	-6.794	-1.837	-2.228	-6.604	-3.567	-6.558	-2.201	-2.196	-2.622	-3.321	-3.159	-7.659	-5.833	-8.055	-6.5	-5.292	-8.566	-3.861	-5.498	-3.838
10.17	-6.795	-1.816	-2.309	-6.627	-2.923	-6.684	-2.375	-2.112	-2.692	-3.199	-3.139	-7.52	-5.67	-8.134	-6.635	-5.061	-8.619	-3.733	-5.714	-3.904
10.18	-6.743	-1.816	-2.279	-6.622	-3.275	-6.861	-2.547	-2.173	-2.73	-3.094	-3.179	-7.137	-5.544	-8.167	-6.264	-4.882	-8.64	-3.616	-6.005	-3.917
10.19	-6.718	-1.866	-2.261	-6.471	-2.844	-7.024	-2.863	-2.216	-2.681	-2.965	-3.236	-6.834	-6.055	-8.112	-6.222	-4.785	-8.381	-3.523	-6.268	-3.936
10.2	-6.742	-1.862	-2.255	-6.468	-3.007	-7.083	-3.12	-2.2	-2.77	-2.895	-3.297	-6.409	-5.405	-8.028	-6.041	-4.619	-8.329	-3.501	-6.49	-3.933
10.21	-6.726	-1.912	-2.285	-6.19	-2.746	-7.228	-4.436	-2.172	-3.076	-2.492	-3.319	-6.096	-4.742	-7.726	-5.521	-4.747	-3.269	-8.397	-7.316	-3.899
10.22	-6.561	-1.839	-2.263	-6.354	-2.68	-7.653	-3.827	-2.19	-2.803	-2.483	-3.554	-5.214	-4.959	-7.898	-5.768	-4.193	-3.316	-8.335	-7.311	-4.155
10.23	-6.607	-1.869	-2.242	-6.381	-2.532	-7.856	-4.839	-2.179	-2.848	-2.436	-3.751	-4.9	-4.904	-7.801	-5.597	-4.097	-3.672	-8.263	-7.526	-4.2
10.24	-6.558	-1.839	-2.246	-6.269	-2.579	-7.934	-5.297	-2.149	-2.541	-2.361	-4.05	-4.638	-4.793	-7.781	-5.474	-4.054	-3.523	-8.179	-7.714	-4.225
10.25	-6.533	-1.885	-2.24	-6.263	-2.333	-7.993	-5.671	-2.147	-2.839	-2.3	-4.333	-4.384	-4.822	-7.729	-5.315	-3.982	-3.657	-8.008	-7.869	-4.314
10.26	-6.465	-1.861	-2.246	-6.25	-2.334	-7.904	-5.984	-2.197	-2.906	-2.238	-4.568	-4.097	-4.598	-7.676	-5.191	-3.961	-3.82	-7.867	-8.045	-4.337
10.27	-6.353	-1.91	-2.239	-6.173	-2.294	-7.805	-6.268	-2.16	-2.861	-2.171	-5.476	-3.902	-4.457	-7.633	-5.128	-3.61	-3.809	-7.583	-8.15	-4.405
10.28	-6.353	-1.834	-2.266	-6.102	-2.256	-7.661	-6.707	-2.176	-2.847	-2.13	-4.962	-3.74	-4.418	-7.577	-5.006	-3.887	-3.728	-7.37	-8.235	-4.436
10.29	-6.293	-1.865	-2.331	-6.15	-2.202	-7.567	-6.912	-2.159	-2.851	-2.125	-5.224	-3.72	-4.309	-7.552	-4.866	-3.79	-3.835	-7.087	-8.3	-4.572
10.3	-6.214	-1.857	-2.253	-6.139	-2.253	-7.368	-7.076	-2.238	-2.898	-2.07	-5.458	-3.7	-4.872	-7.465	-4.727	-3.746	-3.816	-6.761	-8.364	-4.64
10.31	-6.304	-1.926	-2.286	-5.582	-7.133	-7.349	-7.227	-2.34	-2.91	-2.123	-6.038	-3.621	-3.87	-7.108	-4.185	-3.923	-8.513	-5.583	-3.332	-7.554
10.32	-5.979	-1.863	-2.261	-5.906	-7.099	-6.902	-7.186	-2.218	-2.861	-2.028	-6.165	-3.854	-3.948	-7.354	-4.368	-3.691	-8.259	-5.68	-3.335	-7.449
10.33	-5.898	-1.862	-2.29	-5.801	-7.124	-6.717	-7.068	-2.212	-2.844	-2.033	-6.368	-3.955	-3.887	-7.254	-4.761	-3.678	-8.312	-5.332	-3.317	-7.356
10.34	-5.789	-1.9	-2.263	-5.798	-7.014	-6.418	-6.966	-2.263	-2.879	-1.99	-6.634	-4.104	-3.87	-7.202	-4.229	-3.607	-8.298	-4.986	-3.424	-7.233
10.35	-5.69	-1.965	-2.196	-5.744	-7.064	-6.243	-6.754	-2.18	-2.801	-2	-6.665	-4.396	-3.808	-7.099	-4.125	-3.64	-8.207	-4.705	-3.43	-7.161
10.36	-5.594	-1.905	-2.238	-5.532	-7.005	-6.013	-6.535	-2.277	-2.698	-2.023	-6.805	-4.695	-3.816	-7.123	-4.079	-3.608	-8.445	-4.398	-3.501	-7.075
10.37	-5.422	-1.961	-2.24	-5.449	-7.011	-5.247	-6.356	-2.299	-2.732	-2.088	-7.025	-4.979	-3.805	-7.022	-3.986	-3.581	-8.078	-4.136	-3.58	-7.024
10.38	-5.393	-1.994	-2.247	-5.395	-6.921	-5.499	-6.122	-2.284	-2.807	-2.102	-7.097	-5.387	-3.816	-7.001	-4.03	-3.505	-8.045	-3.913	-3.675	-6.881
10.39	-5.241	-1.984	-2.227	-5.267	-6.88	-5.265	-5.72	-2.285	-2.766	-2.192	-7.14	-5.68	-3.852	-7.398	-3.773	-3.572	-8.024	-3.749	-3.493	-6.845
10.4	-5.187	-2.065	-2.23	-5.17	-3.011	-5.082	-5.388	-2.317	-2.676	-2.225	-7.395	-5.933	-3.877	-6.934	-3.76	-3.596	-7.923	-3.571	-3.902	-6.469
10.41	-4.881	-1.99	-2.166	-4.541	-6.305	-4.874	-4.075	-2.514	-2.889	-2.17	-7.01	-6.33	-3.924	-6.379	-3.738	-3.693	-7.506	-3.462	-4.4	-6.678
10.42	-4.804	-2.082	-2.383	-4.908	-6.478	-4.225	-4.165	-2.366	-2.58	-2.419	-7.368	-6.834	-3.885	-6.694	-3.763	-3.515	-7.606	-8.363	-4.063	-6.484
10.43	-4.682	-2.192	-2.356	-4.864	-6.23	-4.037	-3.829	-2.34	-2.29	-2.474	-7.589	-7.051	-3.951	-6.613	-3.719	-3.539	-7.664	-8.428	-4.451	-6.301
10.44	-4.561	-2.156	-2.371	-4.714	-6.164	-3.745	-3.507	-2.372	-2.496	-2.521	-7.517	-7.301	-4.074	-6.577	-3.75	-3.54	-7.309	-8.429	-4.588	-6.298
10.45	-4.458	-2.294	-2.403	-4.61	-6.175	-3.602	-3.259	-2.349	-2.512	-2.588	-7.461	-7.644	-4.214	-6.478	-3.64	-3.54	-7.278	-8.377	-4.751	-6.148
10.46	-4.4	-2.22	-2.37	-4.525	-5.761	-3.416	-2.871	-2.266	-2.432	-2.699	-7.559	-7.763	-4.358	-6.388	-3.762	-3.587	-7.463	-8.336	-4.824	-6.153
10.47	-4.338	-2.723	-2.35	-4.444	-5.615	-3.306	-2.646	-2.329	-2.282	-2.71	-7.222	-7.884	-4.576	-6.418	-3.798	-3.554	-7.865	-8.165	-5.082	-6.112
10.48	-4.196	-2.365	-2.307	-4.413	-5.243	-3.138	-2.4	-2.367	-2.387	-2.769	-7.045	-8.08	-4.735	-6.38	-3.839	-3.527	-7.419	-8.102	-5.232	-6.067
10.49	-4.202	-2.408	-2.332	-4.847	-5.356	-3.011	-2.232	-2.376	-2.287	-2.883	-7.005	-8.189	-4.955	-6.231	-3.84	-3.51	-7.386	-7.899	-5.39	-6.033
10.5	-4.048	-2.435	-2.336	-4.848	-5.119	-3.006	-2.131	-2.4	-2.206	-3.116	-6.678	-8.382	-5.159	-6.181	-3.85	-3.518	-7.361	-7.668	-5.583	-5.89
10.51	-4.379	-2.286	-2.508	-3.631	-4.807	-2.972	-7.152	-2.619	-2.304	-2.798	-6.572	-8.609	-6.358	-5.715	-4.081	-8.132	-6.811	-4.79	-6.372	-6.209
10.52	-3.853	-2.623	-2.332	-3.893	-4.437	-2.941	-7.115	-2.486	-2.078	-3.166	-6.178	-8.692	-6.202	-6.006	-4.011	-8.159	-7.183	-5.048	-6.095	-5.737
10.53	-3.84	-2.702	-2.362	-3.807	-4.636	-3.232	-6.899	-2.476	-2.085	-3.213	-5.822	-8.69	-6.135	-5.939	-4.027	-8.183	-6.996	-5.385	-6.33	-5.104
10.54	-3.784	-2.85	-2.322	-3.759	-3.911	-3.115	-6.74	-2.424	-2.048	-3.337	-5.538	-8.735	-6.638	-5.975	-4.114	-8.129	-6.928	-5.646	-6.625	-5.632
10.55	-3.811	-2.949	-2.28	-3.643	-4.331	-3.3	-6.486	-2.174	-2.072	-3.376	-5.472	-8.72	-6.903	-5.593	-4.144	-8.171	-6.757	-5.93	-6.882	-5.608
10.56	-3.763	-3.168	-2.462	-3.524	-4.151	-3.406	-6.239	-2.471	-2.036	-3.452	-5.253	-8.737	-7.066	-5.438	-4.111	-8.208	-6.77	-6.289	-7.012	-5.518
10.57	-3.753	-3.079	-2.384	-3.387	-3.904	-3.61	-6.287	-2.499	-2.092	-3.484	-4.956	-8.653	-7.283	-5.535	-4.2	-8.187	-6.752	-6.595	-7.19	-5.467
10.58	-3.635	-3.202	-2.467	-3.304	-3.471	-3.77	-5.451	-2.553	-2.091	-4.204	-4.778	-8.618	-7.547	-6.014	-4.291	-8.213	-6.64	-6.777	-7.478	-5.428
10.59	-3.725	-3.375	-2.474	-3.201	-3.71	-3.933	-5.036	-2.612	-2.115	-3.627	-4.547	-8.498	-7.798	-5.987	-4.026	-8.201	-6.561	-7.122	-7.676	-5.368
10.6	-3.725	-3.429	-2.517	-3.27	-3.522	-4.107	-4.529	-2.677	-2.163	-3.695	-4.308	-8.371	-7.899	-5.858	-4.411	-8.198	-6.49	-7.555	-7.884	-5.342
10.61	-4.144	-3.738	-2.763	-2.799	-6.23	-4.172	-3.191	-3.008	-2.102	-3.511	-4.303	-8	-8.565	-5.338	-4.836	-3.452	-6.095	-8.258	-8.346	-5.45
10.62	-3.731	-3.847	-2.656	-3.169	-6.143	-4.789	-3.155	-2.853	-2.197	-3.882	-3.682	-7.865	-8.485	-5.588	-4.684	-3.544	-6.338	-8.297	-8.309	-5.142
10.63	-3.748	-3.983	-2.7	-3.193	-6.471	-4.979	-2.79	-2.868	-2.225	-4.563	-3.45	-7.702	-8.535	-5.577	-4.691	-3.582	-6.215	-8.467	-8.424	-5.09
10.64	-3.761	-4.109	-2.735	-3.158	-6.409	-5.257	-2.43	-2.956	-2.243	-4.026	-3.359	-7.496	-8.587	-6.158	-4.881	-3.554	-6.245	-8.572	-8.45	-5.081
10.65	-3.806	-4.246	-2.805	-3.039	-6.725	-5.353	-2.252	-3.044	-2.35	-4.133	-3.231	-7.255	-8.793	-5.552	-5.034	-3.516	-6.238	-8.587	-8.476	-4.985
10.66	-3.767	-4.412	-2.852	-2.929	-6.656	-5.615	-2.164	-3.118	-2.324	-4.176	-3.11	-7.034	-8.838	-5.459	-5.122	-3.593	-6.265	-8.545	-8.448	-4.918
10.67	-3.926	-4.556	-2.937	-3.119	-6.702	-5.791	-2.116	-3.184	-2.467	-4.326	-2.997	-6.822	-8.878	-5.364	-5.183	-3.442	-6.211	-8.56	-8.423	-4.887
10.68	-3.947	-4.734	-2.952	-3.186	-6.867	-5.993	-2.233	-3.315	-2.497	-4.332	-2.856	-6.605	-8.861	-5.244	-5.37	-3.641	-6.278	-8.433	-8.379	-4.819
10.69	-4.048	-5.078	-2.977	-3.213	-7.15	-6.183	-2.359	-3.338	-2.577	-4.448	-2.703	-6.428	-8.908	-5.213	-5.499	-3.639	-6.112	-8.338	-8.262	-4.755
10.7	-4.038	-5.122	-3.069	-3.208	-7.109	-6.45	-2.562	-3.533	-2.652	-4.536	-2.653	-6.208	-8.86	-5.189	-5.584	-3.653	-6.167	-8.424	-8.178	-4.751
10.71	-4.678	-5.176	-3.448	-2.999	-7.097	-6.535	-3.733	-3.977	-2.582	-4.307	-2.571	-6.103	-8.777	-4.214	-6.256	-3.878	-5.703	-7.49	-7.672	-4.957
10.72	-4.348	-5.682	-3.222	-3.292	-7.193	-6.959	-3.819	-3.797	-2.883	-4.723	-2.374	-5.479	-8.708	-4.577	-5.978	-3.719	-6.023	-7.379	-7.752	-4.543
10.73	-4.389	-5.832	-3.292	-3.301	-7.182	-7.13	-4.292	-3.815	-2.961	-5.082	-2.374	-5.235	-8.633	-4.398	-6.139	-3.69	-6.093	-7.29	-7.597	-4.193
10.74	-4.583	-5.946	-3.327	-3.4	-7.245	-7.284	-4.813	-3.634	-3.144	-4.944	-2.354	-5.051	-8.627	-4.377	-6.268	-3.718	-6.146	-6.821	-7.407	-4.556
10.75	-4.674	-6.175	-3.383	-3.344	-7.147	-7.48	-5.336	-3.412	-3.327	-5.016	-2.351	-4.854	-8.51	-4.29	-6.385	-3.782	-6.101	-6.484	-7.252	-4.472
10.76	-4.76	-6.201	-3.439	-3.365	-7.174	-7.594	-5.858	-4.085	-3.16	-5.051	-2.292	-4.702	-8.36	-4.271	-6.584	-3.774	-6.022	-6.171	-6.953	-4.381
10.77	-4.946	-6.393	-3.439	-3.41	-7.119	-7.71	-6.289	-4.211	-3.328	-5.314	-2.38	-4.562	-8.316	-4.229	-6.691	-3.786	-6.022	-6.088	-6.751	-4.386
10.78	-4.441	-6.459	-3.501	-3.608	-7.06	-7.779	-6.628	-4.33	-3.362	-5.221	-2.389	-4.443	-8.187	-4.185	-6.894	-3.762	-5.996	-5.523	-6.498	-4.408
10.79	-5.122	-6.588	-3.454	-3.505	-6.989	-7.945	-7.01	-4.427	-3.449	-5.349	-2.511	-4.263	-8.035	-4.261	-7.026	-3.586	-5.937	-5.132	-6.324	-4.351
10.8	-5.237	-6.658	-3.908	-3.608	-6.981	-8.002	-7.188	-4.525	-3.583	-5.433	-2.477	-4.15	-8.064	-4.096	-7.173	-3.861	-5.98	-5.105	-6.035	-4.288
10.81	-5.884	-6.658	-7.262	-3.263	-7.112	-8.09	-7.125	-4.624	-3.725	-5.289	-2.458	-4.087	-7.34	-3.766	-7.84	-4.13	-5.497	-4.182	-5.207	-4.477
10.82	-5.646	-6.883	-6.337	-3.77	-6.727	-8.108	-7.082	-4.803	-3.785	-5.698	-2.983	-3.867	-7.57	-3.969	-7.676	-3.876	-5.842	-4.09	-5.309	-4.192
10.83	-5.713	-6.961	-6.457	-3.777	-6.702	-8.034	-6.933	-4.998	-3.865	-5.776	-3.492	-3.847	-7.457	-4.029	-7.757	-4.005	-5.838	-4.005	-5.119	-4.063
10.84	-5.783	-7.025	-6.434	-3.86	-5.992	-7.988	-6.69	-5.05	-3.949	-5.866	-3.235	-3.811	-7.331	-4.062	-7.812	-4.044	-5.799	-3.878	-4.903	-4.12
10.85	-5.964	-7.001	-6.506	-3.968	-6.382	-7.908	-6.377	-4.965	-4.017	-5.912	-3.393	-3.707	-7.202	-3.991	-8.06	-4.072	-5.769	-3.823	-5.262	-4.141
10.86	-5.982	-7.032	-6.457	-4.013	-6.184	-7.771	-5.954	-5.33	-4.288	-6.038	-3.603	-3.698	-7.092	-3.972	-8.135	-3.981	-5.709	-3.833	-4.51	-4.109
10.87	-6.117	-7.007	-6.925	-4.139	-6.098	-7.659	-6.134	-5.426	-4.165	-6.161	-3.795	-3.711	-7.045	-3.95	-8.295	-4.129	-5.709	-3.888	-4.326	-4.104
10.88	-6.244	-7.006	-6.453	-4.269	-5.962	-7.43	-5.089	-5.581	-4.201	-6.163	-4.23	-3.688	-6.928	-4.001	-8.415	-4.014	-5.683	-3.942	-4.18	-4.102
10.89	-6.101	-6.939	-6.499	-4.363	-5.827	-6.72	-4.518	-5.675	-4.865	-6.217	-4.473	-3.678	-6.814	-3.934	-8.524	-4.105	-5.635	-4.004	-3.983	-4.089
10.9	-6.329	-6.842	-6.561	-4.431	-5.686	-7.045	-4.11	-5.437	-4.337	-6.274	-4.616	-3.723	-6.71	-3.913	-8.591	-4.097	-5.656	-4.255	-3.927	-4.052
10.91	-6.618	-6.745	-6.303	-4.185	-5.711	-6.804	-2.649	-6.34	-4.042	-6.048	-4.939	-8.685	-6.039	-3.885	-8.819	-4.311	-5.193	-5.051	-8.37	-8.422
10.92	-6.509	-6.52	-6.645	-4.616	-5.16	-6.157	-2.622	-6.022	-4.433	-6.378	-6.105	-8.706	-6.692	-3.861	-8.724	-4.188	-5.519	-5.037	-8.437	-8.498
10.93	-6.297	-6.327	-6.642	-4.698	-5.014	-5.846	-2.303	-6.264	-4.485	-6.38	-6.069	-8.687	-6.268	-3.912	-8.798	-4.207	-5.522	-5.393	-8.504	-8.484
10.94	-6.675	-6.142	-6.718	-4.923	-4.873	-5.584	-2.135	-6.326	-4.671	-6.461	-6.319	-8.661	-6.174	-3.701	-8.757	-4.225	-5.406	-5.631	-8.521	-8.446
10.95	-6.73	-5.782	-6.789	-4.86	-4.715	-5.325	-2.121	-6.371	-5.115	-6.457	-6.598	-8.624	-6.581	-3.477	-8.78	-4.162	-5.396	-5.995	-8.522	-8.614
10.96	-6.723	-5.75	-6.82	-5.042	-4.544	-5.049	-2.162	-6.449	-4.578	-6.409	-6.868	-8.548	-5.886	-3.462	-8.775	-4.247	-5.309	-6.317	-8.488	-8.512
10.97	-6.704	-5.523	-6.831	-5.055	-4.385	-4.798	-2.308	-6.623	-4.611	-6.475	-7.048	-8.553	-5.83	-3.423	-8.766	-4.269	-5.301	-6.656	-8.497	-8.482
10.98	-6.751	-5.308	-7.038	-5.143	-4.176	-4.473	-2.506	-6.645	-4.576	-6.517	-7.396	-8.523	-5.634	-3.426	-8.796	-4.339	-5.198	-6.928	-8.384	-8.498
10.99	-6.779	-5.084	-6.915	-5.204	-3.985	-4.294	-2.794	-6.766	-4.506	-6.547	-7.453	-8.469	-5.516	-3.428	-8.663	-4.287	-5.858	-7.197	-8.291	-8.468
11	-6.822	-4.617	-6.914	-5.308	-3.854	-4.114	-3.096	-6.729	-4.522	-6.559	-7.612	-8.45	-5.417	-3.39	-8.718	-4.35	-5.133	-7.51	-8.17	-8.496
11.01	-6.895	-4.785	-3.073	-5.83	-3.864	-3.859	-5.277	-7.19	-4.057	-6.4	-7.792	-8.57	-4.756	-3.416	-8.306	-4.727	-5.165	-7.971	-7.626	-4.077
11.02	-6.869	-4.101	-3.019	-5.613	-3.241	-3.451	-4.846	-7.043	-4.369	-6.647	-7.701	-8.343	-4.988	-3.406	-8.443	-4.369	-5.092	-8.161	-7.669	-4.033
11.03	-6.849	-3.929	-3.003	-5.653	-3.166	-3.306	-4.344	-7.179	-4.306	-6.603	-7.782	-7.932	-5.028	-3.379	-8.154	-4.46	-5.127	-8.338	-7.483	-4.036
11.04	-6.894	-3.662	-3.01	-5.737	-3.025	-3.197	-4.088	-7.173	-4.247	-6.668	-7.599	-8.254	-4.773	-3.367	-8.342	-4.437	-5.114	-8.463	-7.718	-4.023
11.05	-6.877	-3.5	-2.974	-5.773	-2.889	-3.14	-3.449	-7.187	-4.185	-6.643	-7.432	-8.193	-4.652	-3.444	-8.233	-4.454	-5.062	-8.521	-7.014	-3.806
11.06	-6.894	-3.275	-2.944	-5.86	-2.782	-3.112	-3.017	-7.225	-4.141	-6.631	-7.364	-8.189	-4.578	-3.394	-8.104	-4.444	-5.06	-8.682	-6.749	-4.062
11.07	-6.892	-3.115	-2.927	-5.999	-2.709	-2.971	-2.634	-7.272	-4.05	-6.665	-7.073	-8.078	-4.451	-3.351	-8.154	-4.494	-4.955	-8.735	-6.47	-3.997
11.08	-6.896	-2.973	-2.915	-5.973	-2.598	-3.045	-2.379	-7.268	-3.943	-6.619	-6.783	-8.077	-4.623	-3.478	-7.96	-4.573	-5.049	-8.742	-6.231	-4.025
11.09	-6.821	-2.863	-2.837	-5.96	-2.519	-3.059	-2.455	-7.343	-3.874	-6.505	-6.517	-8.032	-4.265	-3.467	-7.848	-4.544	-4.926	-8.689	-5.873	-3.958
11.1	-6.859	-2.717	-2.805	-6.056	-2.442	-3.117	-2.104	-7.264	-3.855	-6.481	-6.193	-7.883	-4.213	-3.492	-7.862	-4.631	-4.945	-8.66	-5.592	-3.976
11.11	-6.725	-2.727	-7.335	-5.688	-2.396	-3.268	-7.021	-7.404	-3.336	-6.17	-5.908	-8.059	-3.909	-3.398	-7.616	-5.049	-4.64	-8.226	-4.62	-4.006
11.12	-6.818	-2.09	-7.408	-6.185	-2.242	-3.675	-6.918	-7.377	-3.625	-6.321	-5.342	-7.665	-4.018	-3.471	-7.394	-4.697	-4.964	-8.284	-4.674	-3.976
11.13	-6.808	-2.045	-7.425	-6.091	-2.237	-3.919	-6.712	-7.227	-3.607	-6.261	-5.097	-7.507	-4.014	-3.385	-7.413	-4.694	-4.987	-8.117	-4.423	-3.976
11.14	-6.811	-2.28	-7.425	-6.109	-2.218	-4.228	-6.409	-7.309	-3.72	-6.13	-4.587	-7.43	-3.972	-3.415	-7.286	-4.728	-5.026	-7.939	-4.165	-3.9
11.15	-6.763	-2.18	-7.462	-6.731	-2.24	-4.457	-6.121	-7.292	-3.476	-6.34	-4.286	-7.358	-3.973	-3.434	-7.142	-4.783	-4.962	-7.951	-3.962	-3.964
11.16	-6.801	-2.146	-7.492	-6.118	-2.265	-4.719	-5.719	-7.322	-3.501	-6.112	-4.033	-7.274	-3.927	-3.418	-7.077	-4.761	-5.065	-8.395	-3.81	-3.989
11.17	-6.745	-2.083	-7.521	-6.323	-2.354	-5.047	-5.195	-7.339	-3.366	-6.04	-3.75	-7.144	-3.889	-3.461	-6.927	-4.731	-5.106	-7.555	-3.649	-4.049
11.18	-6.734	-1.963	-7.545	-6.253	-2.464	-5.988	-4.776	-7.351	-3.294	-5.898	-3.59	-7.083	-3.914	-3.5	-6.813	-4.734	-5.061	-7.102	-3.532	-4.005
11.19	-6.745	-1.985	-7.597	-6.262	-2.523	-5.688	-4.308	-7.299	-3.25	-5.966	-3.433	-6.921	-3.951	-3.483	-6.727	-4.754	-5.101	-7.446	-3.454	-4.027
11.2	-6.751	-1.945	-7.595	-6.29	-2.599	-6.014	-3.908	-7.315	-3.162	-5.679	-3.249	-6.798	-4.008	-3.503	-6.568	-4.757	-5.079	-6.742	-3.454	-4.054
11.21	-6.496	-2.014	-7.637	-6.001	-6.286	-6.353	-2.69	-7.19	-2.796	-5.14	-3.111	-6.937	-4.154	-3.538	-5.988	-4.986	-4.8	-5.566	-8.438	-4.07
11.22	-6.635	-1.873	-7.675	-6.313	-6.575	-7.027	-2.722	-7.321	-3.129	-5.451	-2.816	-6.476	-4.059	-3.61	-6.272	-4.647	-5.165	-5.693	-8.379	-4.007
11.23	-6.611	-1.85	-7.672	-6.423	-6.429	-7.274	-2.453	-7.246	-3.086	-6.011	-2.719	-6.36	-3.976	-3.657	-6.376	-4.621	-5.206	-5.403	-8.281	-4.042
11.24	-6.622	-1.865	-7.666	-6.336	-6.35	-7.41	-2.31	-7.31	-3.067	-5.473	-2.668	-6.262	-4.199	-3.689	-6.14	-4.558	-5.204	-5.126	-8.141	-3.983
11.25	-6.633	-1.88	-7.671	-6.45	-6.283	-7.648	-2.236	-7.277	-3.316	-5.396	-2.632	-6.145	-4.271	-3.663	-6.301	-4.544	-5.235	-4.796	-8.021	-4.022
11.26	-6.639	-1.867	-7.554	-6.498	-6.173	-7.728	-2.187	-7.293	-3.128	-5.287	-2.607	-5.419	-4.324	-3.672	-6.058	-4.603	-5.267	-4.57	-7.857	-3.94
11.27	-6.582	-2.007	-7.674	-6.427	-5.6	-7.9	-2.222	-7.316	-3.154	-5.263	-2.626	-5.963	-4.366	-3.734	-6.11	-4.556	-5.214	-4.423	-7.653	-3.916
11.28	-6.53	-2.353	-7.671	-6.517	-5.859	-8.018	-2.346	-7.246	-3.093	-5.243	-2.706	-5.955	-4.494	-4.22	-6.042	-4.527	-5.192	-4.262	-7.461	-4.039
11.29	-6.494	-2.248	-7.648	-6.485	-5.759	-7.983	-2.542	-7.342	-3.121	-5.224	-2.839	-5.885	-4.565	-4.289	-6.059	-4.456	-5.217	-4.111	-7.189	-4.052
11.3	-6.475	-1.9	-7.648	-6.587	-5.601	-7.87	-2.929	-7.28	-3.351	-5.142	-2.923	-5.811	-4.699	-3.848	-6.106	-4.444	-5.222	-4.096	-7.021	-4.06
11.31	-6.234	-1.895	-7.677	-6.285	-5.629	-7.866	-4.153	-7.108	-2.829	-4.638	-2.898	-6	-8.066	-3.812	-5.67	-4.293	-4.815	-4.191	-6.003	-8.643
11.32	-6.479	-1.937	-7.552	-6.661	-5.05	-7.635	-4.168	-7.286	-3.151	-4.968	-3.409	-5.658	-8.066	-4.062	-6.073	-3.94	-5.141	-4.212	-6.157	-8.639
11.33	-6.486	-1.932	-7.174	-6.61	-5.032	-7.384	-4.607	-7.3	-3.204	-4.991	-3.569	-5.631	-7.93	-4.116	-6.041	-3.874	-5.17	-4.358	-5.923	-8.613
11.34	-6.411	-2.076	-7.507	-6.716	-4.755	-7.312	-5.058	-7.298	-3.176	-5.135	-3.772	-5.604	-7.851	-4.191	-6.365	-4.286	-5.094	-4.555	-5.727	-8.692
11.35	-6.431	-2.018	-7.49	-6.751	-4.759	-7.029	-5.649	-7.268	-3.179	-5.204	-4.509	-5.568	-7.76	-4.262	-6.212	-4.21	-5.079	-4.435	-5.506	-8.734
11.36	-6.36	-2.001	-7.478	-6.741	-4.531	-6.722	-6.066	-7.258	-3.137	-5.352	-4.19	-5.573	-7.685	-4.156	-6.206	-4.147	-5.004	-4.768	-5.328	-8.728
11.37	-6.336	-2.056	-7.36	-6.788	-4.219	-6.31	-6.461	-7.273	-3.249	-5.331	-4.321	-5.598	-7.556	-4.139	-6.216	-4.2	-5.051	-5.294	-5.695	-8.837
11.38	-6.284	-2.002	-7.47	-6.768	-4.29	-5.974	-6.821	-7.219	-3.201	-5.278	-4.53	-5.274	-7.505	-4.533	-6.482	-4.168	-5.018	-5.621	-4.856	-8.821
11.39	-6.319	-2.056	-7.399	-6.842	-4.344	-5.693	-6.788	-7.223	-3.326	-5.411	-4.978	-5.47	-7.4	-4.565	-6.892	-4.133	-4.961	-5.949	-4.908	-8.847
11.4	-6.215	-2.066	-7.43	-6.844	-3.587	-5.274	-7.09	-7.355	-3.384	-5.499	-4.876	-5.602	-7.273	-4.497	-6.319	-4.071	-4.959	-6.097	-4.424	-8.848
11.41	-2.511	-1.999	-7.602	-6.577	-3.638	-4.607	-7.124	-7.072	-3.232	-5.307	-4.96	-6.028	-6.631	-4.206	-5.923	-4.232	-4.54	-7.316	-3.791	-3.807
11.42	-2.501	-2.124	-7.443	-6.928	-3.293	-4.257	-7.154	-7.276	-3.597	-5.769	-5.584	-5.661	-6.917	-4.333	-6.427	-3.899	-4.857	-7.171	-3.921	-3.811
11.43	-2.204	-2.121	-7.349	-6.833	-3.075	-4.004	-6.979	-7.254	-3.664	-5.878	-5.697	-5.704	-6.809	-4.766	-6.479	-3.83	-4.886	-7.546	-3.775	-3.835
11.44	-2.508	-2.13	-7.331	-6.955	-2.969	-3.758	-6.757	-7.286	-3.855	-6.097	-5.923	-5.718	-6.731	-4.288	-6.572	-3.86	-4.899	-7.129	-3.737	-3.782
11.45	-2.179	-2.12	-7.384	-6.877	-2.673	-3.508	-6.468	-7.238	-3.86	-6.236	-6.104	-5.793	-6.533	-4.402	-6.567	-3.804	-4.857	-8.109	-3.681	-3.885
11.46	-2.497	-2.095	-6.979	-6.908	-2.652	-3.381	-6.164	-7.221	-4.055	-6.323	-6.267	-5.802	-6.503	-4.397	-6.604	-3.774	-4.782	-8.311	-3.542	-3.855
11.47	-2.565	-2.156	-7.381	-6.895	-2.497	-3.075	-5.74	-7.239	-4.667	-6.406	-6.356	-5.782	-6.312	-4.426	-6.61	-3.679	-4.804	-8.504	-3.529	-3.906
11.48	-2.508	-2.148	-7.357	-7.021	-2.395	-3.042	-5.356	-7.209	-4.26	-6.457	-6.615	-5.8	-6.19	-4.404	-6.615	-3.697	-4.764	-8.701	-3.486	-3.915
11.49	-2.414	-2.153	-7.404	-6.948	-2.236	-3.007	-5.066	-7.189	-4.494	-6.574	-6.746	-5.845	-6.1	-4.385	-6.654	-3.636	-4.739	-8.878	-3.532	-3.982
11.5	-2.344	-2.418	-7.359	-7.032	-2.321	-2.605	-4.548	-7.184	-4.568	-6.726	-6.913	-5.844	-6.061	-4.38	-6.817	-3.607	-4.693	-8.844	-3.506	-4.011
11.51	-2.546	-2.049	-7.556	-6.907	-2.38	-2.756	-3.114	-6.97	-4.375	-6.653	-6.903	-6.485	-5.359	-4.146	-6.192	-3.679	-4.651	-9.151	-3.714	-8.7
11.52	-2.195	-2.27	-7.388	-7.2	-2.258	-3.196	-3.662	-7.388	-4.969	-6.917	-7.233	-6.106	-5.725	-4.281	-6.59	-3.513	-4.558	-9.112	-3.684	-8.658
11.53	-2.291	-2.277	-7.392	-7.459	-2.255	-3.302	-2.702	-7.25	-5.253	-7.008	-7.367	-6.173	-5.599	-4.294	-6.552	-3.436	-4.512	-9.12	-3.756	-8.601
11.54	-2.18	-2.281	-7.394	-7.1	-2.293	-3.268	-2.366	-7.206	-5.75	-7.077	-7.5	-6.203	-5.559	-4.265	-6.556	-3.429	-4.469	-9.057	-3.8	-8.518
11.55	-2.123	-2.316	-7.441	-7.122	-2.487	-3.588	-2.192	-7.212	-5.28	-7.025	-7.523	-5.747	-5.355	-4.17	-6.557	-3.419	-4.468	-9.063	-3.932	-8.451
11.56	-2.018	-2.348	-7.409	-7.046	-2.415	-3.885	-2.097	-7.21	-5.345	-7.044	-7.598	-6.41	-5.219	-4.185	-6.492	-3.409	-4.41	-8.869	-3.917	-8.438
11.57	-2.009	-2.339	-7.453	-7.15	-2.536	-3.747	-2.012	-7.219	-5.422	-7.082	-7.835	-6.485	-5.094	-4.249	-6.512	-3.414	-4.4	-8.751	-4.181	-7.959
11.58	-2.007	-2.386	-7.433	-7.297	-2.593	-3.948	-2.075	-7.268	-5.938	-7.096	-7.724	-6.575	-5.02	-4.154	-6.415	-3.344	-4.274	-8.605	-4.318	-8.357
11.59	-1.963	-2.413	-7.478	-7.363	-2.713	-4.163	-2.305	-7.26	-5.623	-7.141	-7.674	-6.65	-4.87	-4.295	-6.385	-3.401	-4.305	-8.482	-4.48	-8.304
11.6	-1.923	-2.472	-7.469	-7.386	-2.898	-4.285	-2.461	-7.27	-5.824	-7.192	-7.733	-6.704	-5.316	-4.093	-6.392	-3.327	-4.211	-8.486	-4.571	-8.211
11.61	-1.885	-2.195	-7.621	-7.363	-3.024	-4.477	-3.132	-7.146	-5.634	-7.165	-7.749	-7.218	-4.306	-3.971	-5.924	-3.396	-3.877	-7.519	-5.472	-8.325
11.62	-1.864	-2.711	-7.525	-7.549	-3.531	-5.034	-3.53	-7.246	-6.082	-7.146	-7.767	-7.029	-4.463	-4.076	-6.687	-3.265	-4.031	-7.583	-5.387	-8.022
11.63	-1.885	-2.494	-7.542	-7.523	-3.84	-5.238	-3.926	-7.383	-6.106	-7.164	-7.725	-7.11	-4.361	-4.122	-7.405	-3.296	-4.029	-7.322	-5.642	-7.994
11.64	-1.894	-2.513	-7.49	-7.526	-4.24	-5.518	-4.316	-7.292	-6.365	-7.185	-7.73	-7.175	-4.254	-4.106	-6.239	-3.306	-3.986	-7.128	-5.926	-7.926
11.65	-1.929	-2.993	-7.459	-7.542	-4.311	-5.764	-4.73	-7.352	-6.26	-7.139	-7.707	-7.312	-4.27	-4.089	-6.306	-3.264	-3.927	-6.815	-6.109	-7.848
11.66	-1.975	-2.551	-7.564	-7.588	-4.748	-6.016	-5.199	-7.343	-6.3	-7.06	-7.607	-7.372	-4.2	-4.085	-6.19	-3.228	-4.251	-6.574	-6.467	-7.816
11.67	-1.986	-2.577	-7.621	-7.609	-4.852	-6.237	-5.364	-7.251	-6.352	-6.834	-7.502	-7.36	-4.12	-4.087	-6.142	-3.258	-3.858	-6.263	-6.548	-7.716
11.68	-1.998	-2.61	-7.636	-7.625	-4.977	-6.39	-5.956	-7.387	-6.37	-7.031	-7.444	-7.475	-4.066	-4.066	-6.111	-3.301	-3.825	-5.979	-6.936	-7.635
11.69	-2.062	-2.591	-7.646	-7.613	-5.167	-6.603	-6.234	-7.251	-6.525	-7.002	-7.476	-7.434	-4.069	-4.12	-6.079	-3.185	-3.813	-5.698	-6.62	-7.541
11.7	-2.081	-2.61	-7.633	-7.646	-5.337	-6.786	-6.573	-7.265	-6.516	-6.962	-7.432	-7.531	-3.967	-4.102	-6.152	-3.161	-3.76	-5.411	-7.21	-7.484
11.71	-2.074	-2.424	-7.645	-7.654	-5.506	-6.892	-7.143	-7.181	-6.211	-7.055	-7.515	-7.925	-4.048	-4.265	-5.573	-3.244	-3.691	-4.784	-8.206	-7.678
11.72	-2.346	-2.799	-7.616	-7.413	-6.042	-7.263	-7.149	-7.35	-6.673	-6.961	-7.162	-7.628	-3.994	-4.373	-5.971	-3.21	-3.752	-4.559	-8.185	-7.14
11.73	-2.54	-3.018	-7.685	-7.259	-6.634	-7.395	-7.184	-7.409	-6.618	-6.915	-7.109	-7.615	-4.034	-4.428	-6.231	-3.184	-3.724	-4.412	-8.305	-7.122
11.74	-2.637	-2.944	-7.697	-7.292	-6.411	-7.44	-7.176	-7.308	-6.654	-6.903	-6.947	-7.609	-4.075	-4.66	-5.93	-3.162	-3.77	-4.304	-8.472	-7.043
11.75	-2.832	-2.96	-7.636	-7.212	-6.662	-7.529	-7.067	-7.406	-6.629	-6.893	-6.805	-7.62	-3.981	-5.547	-6.021	-3.174	-3.723	-4.189	-8.564	-6.709
11.76	-2.901	-2.966	-7.652	-7.26	-6.771	-7.555	-6.938	-7.18	-6.668	-6.887	-6.782	-7.61	-4.1	-4.733	-5.895	-3.208	-3.696	-4.102	-8.607	-6.968
11.77	-3.071	-3.558	-7.699	-7.174	-6.931	-7.615	-6.787	-7.144	-6.762	-6.821	-6.562	-7.516	-4.205	-4.775	-5.892	-3.2	-3.701	-4.159	-8.639	-6.825
11.78	-3.203	-3.191	-7.691	-7.136	-7.017	-7.624	-6.644	-7.187	-6.703	-6.88	-6.508	-7.556	-4.238	-4.822	-6.155	-3.209	-3.719	-4.108	-8.653	-6.802
11.79	-3.352	-3.061	-7.695	-7.026	-7.09	-7.667	-6.397	-7.468	-6.831	-6.819	-6.441	-7.556	-4.268	-4.856	-5.94	-3.214	-3.71	-4.309	-8.675	-6.719
11.8	-3.416	-3.106	-7.66	-6.602	-7.173	-7.675	-6.167	-7.352	-7.15	-6.827	-6.254	-7.521	-4.24	-4.895	-6.013	-3.229	-3.69	-4.324	-8.541	-6.087
11.81	-3.457	-2.888	-2.553	-7.062	-7.229	-7.6	-4.984	-7.219	-6.678	-6.926	-6.364	-7.832	-4.466	-8.055	-5.526	-3.322	-3.773	-5.21	-8.154	-6.898
11.82	-3.952	-3.261	-2.604	-6.709	-7.314	-7.358	-4.99	-7.316	-6.854	-6.74	-5.877	-7.428	-4.326	-8.023	-5.921	-3.238	-3.716	-5.179	-8.26	-6.412
11.83	-4.051	-3.346	-2.563	-6.691	-7.319	-6.807	-4.58	-7.391	-6.902	-6.731	-5.814	-7.397	-4.16	-7.921	-5.815	-3.194	-3.73	-5.405	-8.132	-6.329
11.84	-4.103	-3.341	-2.555	-6.634	-7.276	-7.012	-4.26	-7.367	-6.896	-6.683	-5.678	-7.33	-4.3	-7.904	-5.802	-3.233	-3.722	-5.908	-8.158	-6.25
11.85	-4.464	-3.419	-2.564	-6.575	-7.19	-6.923	-3.865	-7.516	-6.892	-6.661	-5.617	-7.349	-4.327	-7.886	-5.786	-3.335	-3.717	-6.292	-7.864	-6.211
11.86	-4.485	-3.43	-2.651	-6.529	-7.113	-6.729	-3.579	-7.365	-6.942	-6.678	-5.315	-7.267	-4.365	-7.816	-5.772	-3.324	-3.73	-6.783	-7.606	-6.132
11.87	-4.565	-3.525	-2.678	-6.371	-7.034	-6.55	-3.262	-7.42	-6.984	-6.578	-4.665	-7.121	-4.367	-7.758	-5.763	-3.225	-3.724	-7.103	-7.464	-6.02
11.88	-4.678	-3.6	-2.694	-6.369	-6.853	-6.286	-2.916	-7.381	-7.086	-6.02	-5.153	-7.191	-4.362	-7.68	-5.724	-3.216	-3.743	-7.599	-7.28	-5.95
11.89	-4.862	-3.831	-2.709	-6.284	-6.764	-5.954	-2.639	-7.381	-7.186	-6.526	-5.091	-7.075	-4.332	-7.7	-5.84	-3.24	-3.748	-8.005	-7.503	-5.932
11.9	-5.064	-3.752	-2.744	-6.255	-6.469	-5.727	-2.513	-7.41	-7.118	-6.548	-4.833	-7.072	-4.382	-7.651	-5.651	-3.323	-3.742	-8.31	-6.776	-5.829
11.91	-4.904	-3.553	-2.911	-6.391	-6.397	-5.588	-2.152	-7.317	-7.214	-6.73	-4.807	-6.938	-4.485	-7.858	-5.207	-3.381	-3.821	-8.917	-5.819	-5.98
11.92	-5.468	-4.035	-2.74	-6.01	-5.699	-4.909	-2.066	-7.387	-7.211	-6.431	-4.345	-6.967	-4.337	-7.574	-5.395	-3.266	-3.762	-8.567	-5.988	-5.563
11.93	-5.633	-4.06	-2.776	-5.945	-5.394	-4.208	-2.122	-7.358	-7.118	-6.433	-4.12	-6.9	-4.319	-7.507	-5.359	-3.279	-3.756	-8.541	-5.847	-5.465
11.94	-5.728	-4.156	-2.839	-5.857	-4.923	-4.455	-2.156	-7.31	-7.045	-6.364	-4.099	-6.91	-4.357	-6.911	-5.354	-3.254	-3.749	-8.739	-5.639	-5.372
11.95	-5.783	-4.245	-2.847	-5.829	-4.864	-4.271	-2.313	-7.319	-7.051	-6.294	-3.868	-6.914	-4.395	-6.862	-5.251	-3.261	-3.769	-8.82	-5.584	-5.333
11.96	-5.869	-4.308	-2.853	-5.763	-4.522	-4.127	-2.42	-7.219	-7.08	-6.18	-3.729	-6.792	-4.404	-7.416	-5.136	-3.294	-3.81	-8.672	-5.184	-5.195
11.97	-6.376	-4.317	-2.933	-5.701	-4.229	-3.848	-2.641	-7.338	-7.041	-6.376	-3.645	-6.769	-4.432	-7.377	-5.073	-3.374	-3.74	-8.53	-4.923	-5.082
11.98	-6.073	-4.43	-2.873	-5.701	-3.902	-3.589	-2.888	-7.29	-7.001	-7.159	-3.516	-6.707	-4.328	-7.335	-4.989	-3.267	-3.768	-8.321	-4.757	-4.934
11.99	-6.246	-4.389	-2.9	-5.768	-3.661	-3.442	-3.164	-7.223	-6.603	-6.911	-3.33	-6.698	-4.351	-7.254	-4.945	-3.263	-3.762	-8.549	-4.581	-4.845
12	-6.246	-4.468	-2.888	-5.679	-3.435	-3.255	-3.474	-7.256	-6.823	-6.621	-3.147	-6.371	-4.366	-7.201	-4.852	-3.293	-3.766	-8.404	-4.469	-4.724
