# SCAN started at: 2019-02-13 13:08:14
# Elen_Scan Mass: 146 Resolution: 100
# ----------------------------------------
# 
0	1	-5.242	-5.339
0.01	-1.981	-1.521	-1.514
0.02	-1.959	-1.381	-1.85
0.03	-2.022	-1.579	-1.891
0.04	1	-1.386	-1.878
0.05	1	-1.372	-1.888
0.06	1	-1.466	-1.839
0.07	1	-1.418	-1.912
0.08	1	-1.51	-1.936
0.09	1	-1.495	-1.901
0.1	-0.2269	-1.507	-1.849
0.11	1	-1.236	1
0.12	1	-1.51	1
0.13	1	-1.51	1
0.14	-0.467	-1.606	1
0.15	1	-1.604	1
0.16	1	-2.272	1
0.17	-1.558	-1.969	1
0.18	-0.9228	-1.965	1
0.19	-0.9318	-1.671	1
0.2	-0.8688	-1.678	1
0.21	-2.299	-2.384	1
0.22	-1.987	1	1
0.23	1	1	1
0.24	1	1	1
0.25	1	1	1
0.26	1	1	1
0.27	-2.134	1	1
0.28	-2.347	1	1
0.29	-2.226	1	1
0.3	-2.427	1	1
0.31	1	1	1
0.32	-0.2815	1	1
0.33	-1.504	1	1
0.34	1	1	1
0.35	1	1	1
0.36	1	1	1
0.37	1	1	1
0.38	1	1	1
0.39	1	1	1
0.4	1	1	1
0.41	-2.352	1	1
0.42	-2.562	1	-0.2615
0.43	-2.416	1	-0.3327
0.44	-2.651	1	-0.4044
0.45	-2.637	1	-0.5147
0.46	-2.713	1	-0.5769
0.47	-0.9578	1	-0.7757
0.48	-1.03	1	-0.8648
0.49	-0.5912	1	-1.031
0.5	-0.2578	1	-1.122
0.51	-2.569	1	-1.092
0.52	-2.495	1	-1.721
0.53	-2.146	1	-1.824
0.54	-2.143	-0.03849	-2.183
0.55	-0.09091	1	-2.312
0.56	-0.8021	-0.0259	-2.712
0.57	-0.7725	-0.1967	-2.791
0.58	-1.256	-0.4424	-3.454
0.59	-1.47	-1.196	-3.219
0.6	-1.438	-0.87	-3.489
0.61	-5.172	-0.9228	-3.392
0.62	-4.866	-1.255	-3.893
0.63	-4.996	-1.401	-3.941
0.64	-5.463	-1.492	-4.169
0.65	-4.016	-1.687	-4.204
0.66	-1.562	-1.614	-4.228
0.67	-1.442	-1.672	-4.29
0.68	-3.962	-1.775	-4.35
0.69	-4.75	-1.782	-4.393
0.7	-1.687	-2.312	-4.408
0.71	-1.267	-4.535	-4.219
0.72	-0.977	-4.613	-4.578
0.73	-1.782	-4.578	-4.624
0.74	-1.061	-4.62	-4.638
0.75	-3.55	-4.643	-4.625
0.76	-3.08	-4.642	-4.608
0.77	-4.424	-4.639	-4.72
0.78	-4.4	-4.682	-4.73
0.79	-4.688	-4.679	-0.936
0.8	-4.648	-4.649	-0.9173
0.81	-1.785	-4.974	-1.03
0.82	-1.412	-4.739	-0.9031
0.83	-1.467	-4.23	-0.8428
0.84	-3.679	-4.738	-0.8747
0.85	-4.479	-4.717	-0.8735
0.86	-1.637	-4.757	-0.866
0.87	-2.117	-4.832	-0.8171
0.88	-1.553	-4.8	-0.8314
0.89	-1.585	-4.837	-0.8805
0.9	-2.138	-4.87	-0.8197
0.91	-3.669	-4.941	-0.8651
0.92	-3.169	-4.972	-0.7912
0.93	-2.628	-5.084	-0.7917
0.94	-1.669	-5.078	-0.7979
0.95	-0.9807	-5.111	-0.7919
0.96	-1.207	-5.084	-0.7737
0.97	-1.231	-5.14	-0.8728
0.98	-5.413	-5.2	-0.7854
0.99	-5.471	-5.189	-0.7997
1	-5.477	-5.214	-0.7792
1.01	-5.363	-0.8686	-0.7457
1.02	-5.418	-0.8635	-0.7538
1.03	-5.441	-0.8174	-0.7542
1.04	-5.386	-0.7781	-0.755
1.05	-4.802	-0.7982	-0.761
1.06	-4.459	-0.772	-0.727
1.07	-4.494	-0.7855	-0.7826
1.08	-3.716	-0.7053	-0.7331
1.09	-3.896	-0.7324	-0.7312
1.1	-3.353	-0.7041	-0.6988
1.11	-2.971	-5.328	-0.7449
1.12	-3.119	-5.321	-0.7216
1.13	-3.044	-5.313	-0.7073
1.14	-2.42	-5.299	-0.715
1.15	-3.082	-5.2	-0.7248
1.16	-3.232	-5.191	-0.6669
1.17	-3.27	-5.107	-0.7083
1.18	-2.479	-5.072	-4.326
1.19	-1.533	-4.866	-4.307
1.2	-1.841	-4.752	-4.335
1.21	-0.8635	-4.401	-4.488
1.22	-1.707	-4.615	-4.383
1.23	-4.769	-4.522	-4.452
1.24	-4.808	-4.537	-4.347
1.25	-2.569	-4.509	-4.429
1.26	-0.7791	-4.432	-4.468
1.27	-0.7633	-4.381	-4.461
1.28	-5.244	-4.287	-4.436
1.29	-5.332	-4.231	-4.482
1.3	-1.221	-4.121	-4.516
1.31	-3.327	-3.678	-4.761
1.32	-3.937	-3.821	-0.9806
1.33	-1.03	-3.68	-2.513
1.34	-0.7883	-3.585	-3.657
1.35	-0.9562	-3.614	-0.2908
1.36	-1.054	-3.492	-4.765
1.37	-0.972	-3.42	-0.9368
1.38	-1.06	-3.366	-2.762
1.39	-1.025	-3.355	-2.358
1.4	-1.077	-3.249	-2.431
1.41	-1.212	-3.027	-2.969
1.42	-5.331	-2.997	-2.643
1.43	-5.365	-3.026	-2.72
1.44	-5.345	-3.084	-2.71
1.45	-1.481	-3.118	-2.79
1.46	-1.38	-2.991	-2.806
1.47	-3.311	-3.071	-2.814
1.48	-3.369	-2.698	-2.854
1.49	-3.341	-3.253	-2.965
1.5	-2.843	-3.299	-2.919
1.51	-3.69	-3.796	-1.664
1.52	-2.653	-3.537	-1.67
1.53	-5.263	-3.66	-1.585
1.54	-5.192	-3.683	-1.54
1.55	-5.3	-3.693	-1.6
1.56	-5.361	-3.792	-1.449
1.57	-4.406	-3.797	-1.408
1.58	-4.171	-3.811	-1.412
1.59	-4.339	-3.943	-1.316
1.6	-4.808	-4.011	-1.382
1.61	-3.792	-1.802	-0.923
1.62	-4.138	-1.742	-1.752
1.63	-1.001	-1.792	-1.156
1.64	-5.295	-1.8	-1.202
1.65	-5.336	-1.664	-1.087
1.66	-5.243	-2.075	-1.113
1.67	-2.487	-1.55	-1.081
1.68	-2.85	-1.487	-1.206
1.69	-2.8	-1.422	-1.139
1.7	-2.861	-1.39	-1.052
1.71	-2.996	-1.109	-0.7713
1.72	-4.332	-1.35	-0.9566
1.73	-4.654	-1.313	-1.143
1.74	-4.397	-1.284	-0.9373
1.75	-0.9017	-1.268	-1.004
1.76	-0.8505	-1.287	-1.155
1.77	-5.24	-1.203	-0.7676
1.78	-1.621	-1.189	-0.6322
1.79	-1.901	-1.198	-1.131
1.8	-1.78	-1.182	-0.968
