#AEGUIFit
#view:atx=afs=24.0fiw=6.4fih=4.8lfs=15.0sfs=15.0fse=False
#data:egs=0.69seb=Trueifd=False
#meta:nts=
#fits:pyf:ffr=20.0fto=20.7deg=1.0doc=1.0wgt=True
#fits:aef:aef=20.0aet=22.0yfr=0.0yto=0.01alf=-infalt=infscf=0.0sct=infdof=20.0dot=22.0fwh=0.2mns=1.37wgt=True
20.0	0.8	0.0	0.0	0.0	0.0	2.0	0.0	2.0	0.0	8.0	0.0	0.0	0.0	4.0	0.0	2.0	0.0	0.0	0.0	0.0	0.0	0.0	0.0	6.0	0.0	0.0	0.0	0.0	0.0	8.0	0.0	0.0	0.0	0.0	0.0	0.0	0.0	0.0	0.0	0.0	0.0	0.0	0.0	0.0	4.0	0.0	2.0	0.0	2.0	0.0	0.0
20.01	0.52	0.0	0.0	2.0	0.0	0.0	0.0	0.0	0.0	2.0	0.0	0.0	0.0	0.0	0.0	0.0	2.0	0.0	0.0	0.0	0.0	0.0	0.0	0.0	0.0	4.0	0.0	2.0	0.0	0.0	0.0	0.0	0.0	0.0	2.0	4.0	0.0	0.0	0.0	0.0	0.0	0.0	2.0	0.0	0.0	0.0	0.0	4.0	2.0	0.0	0.0
20.02	0.28	0.0	0.0	0.0	0.0	0.0	0.0	0.0	0.0	0.0	0.0	0.0	0.0	2.0	0.0	0.0	0.0	0.0	0.0	0.0	0.0	0.0	0.0	0.0	0.0	0.0	0.0	0.0	0.0	2.0	0.0	0.0	2.0	0.0	0.0	0.0	2.0	0.0	0.0	0.0	2.0	0.0	2.0	0.0	0.0	0.0	0.0	0.0	2.0	0.0	0.0
20.03	0.44	0.0	0.0	0.0	0.0	0.0	0.0	0.0	0.0	0.0	2.0	6.0	2.0	0.0	0.0	2.0	0.0	2.0	0.0	0.0	0.0	2.0	0.0	0.0	0.0	0.0	0.0	0.0	0.0	0.0	0.0	0.0	0.0	0.0	2.0	0.0	2.0	0.0	0.0	0.0	2.0	0.0	0.0	0.0	0.0	0.0	0.0	0.0	0.0	0.0	0.0
20.04	0.36	0.0	0.0	0.0	0.0	0.0	0.0	0.0	0.0	0.0	0.0	0.0	0.0	4.0	0.0	0.0	0.0	0.0	4.0	0.0	0.0	0.0	0.0	0.0	0.0	0.0	0.0	0.0	0.0	2.0	0.0	0.0	0.0	0.0	0.0	0.0	0.0	0.0	0.0	0.0	0.0	0.0	0.0	2.0	0.0	0.0	4.0	2.0	0.0	0.0	0.0
20.05	0.36	0.0	0.0	0.0	0.0	0.0	0.0	0.0	2.0	0.0	0.0	0.0	0.0	0.0	0.0	0.0	0.0	0.0	0.0	0.0	0.0	0.0	0.0	0.0	0.0	0.0	0.0	0.0	4.0	0.0	0.0	0.0	2.0	0.0	0.0	0.0	0.0	2.0	0.0	4.0	0.0	0.0	0.0	0.0	0.0	0.0	0.0	0.0	0.0	4.0	0.0
20.06	0.28	0.0	2.0	0.0	0.0	0.0	0.0	0.0	2.0	0.0	0.0	0.0	0.0	0.0	0.0	0.0	0.0	2.0	0.0	0.0	0.0	0.0	0.0	0.0	0.0	0.0	0.0	0.0	0.0	0.0	0.0	0.0	0.0	0.0	0.0	0.0	0.0	0.0	2.0	0.0	0.0	4.0	0.0	0.0	2.0	0.0	0.0	0.0	0.0	0.0	0.0
20.07	0.44	0.0	0.0	0.0	0.0	2.0	0.0	0.0	4.0	0.0	0.0	0.0	0.0	2.0	0.0	0.0	0.0	0.0	0.0	0.0	0.0	2.0	0.0	0.0	0.0	2.0	0.0	0.0	0.0	2.0	0.0	0.0	0.0	2.0	0.0	0.0	0.0	0.0	4.0	0.0	0.0	0.0	0.0	0.0	0.0	0.0	0.0	2.0	0.0	0.0	0.0
20.08	0.44	0.0	0.0	0.0	2.0	0.0	0.0	2.0	0.0	0.0	2.0	2.0	0.0	0.0	0.0	2.0	2.0	0.0	0.0	0.0	0.0	0.0	0.0	4.0	0.0	0.0	0.0	0.0	0.0	0.0	0.0	0.0	0.0	0.0	0.0	0.0	0.0	0.0	0.0	2.0	0.0	2.0	0.0	0.0	0.0	0.0	0.0	0.0	0.0	2.0	0.0
20.09	0.6	0.0	0.0	0.0	4.0	0.0	0.0	2.0	0.0	0.0	0.0	0.0	2.0	4.0	0.0	2.0	0.0	0.0	2.0	0.0	8.0	0.0	0.0	0.0	2.0	0.0	0.0	0.0	0.0	0.0	0.0	0.0	0.0	0.0	0.0	0.0	2.0	0.0	0.0	0.0	0.0	0.0	0.0	0.0	0.0	0.0	0.0	0.0	0.0	0.0	2.0
20.1	0.56	0.0	0.0	0.0	0.0	2.0	0.0	0.0	0.0	2.0	0.0	0.0	0.0	0.0	4.0	2.0	0.0	0.0	2.0	0.0	0.0	0.0	0.0	0.0	2.0	0.0	0.0	0.0	0.0	0.0	0.0	0.0	0.0	0.0	0.0	0.0	0.0	0.0	2.0	0.0	0.0	4.0	0.0	6.0	0.0	2.0	0.0	0.0	0.0	0.0	0.0
20.11	0.72	0.0	8.0	0.0	2.0	2.0	0.0	0.0	2.0	0.0	0.0	0.0	0.0	0.0	0.0	0.0	0.0	2.0	0.0	0.0	2.0	4.0	2.0	0.0	0.0	0.0	0.0	0.0	0.0	0.0	0.0	0.0	2.0	0.0	0.0	0.0	0.0	0.0	0.0	0.0	0.0	6.0	4.0	0.0	0.0	0.0	0.0	0.0	0.0	0.0	0.0
20.12	0.56	0.0	0.0	0.0	0.0	0.0	0.0	2.0	0.0	4.0	0.0	2.0	2.0	0.0	0.0	0.0	0.0	0.0	0.0	4.0	0.0	2.0	0.0	0.0	0.0	0.0	2.0	0.0	0.0	4.0	0.0	0.0	0.0	0.0	0.0	2.0	0.0	0.0	0.0	0.0	0.0	0.0	0.0	0.0	0.0	2.0	0.0	0.0	0.0	0.0	2.0
20.13	0.28	0.0	2.0	0.0	0.0	0.0	0.0	0.0	0.0	0.0	0.0	0.0	0.0	0.0	0.0	0.0	0.0	0.0	0.0	0.0	0.0	0.0	0.0	0.0	2.0	0.0	0.0	0.0	0.0	0.0	0.0	0.0	4.0	0.0	0.0	0.0	0.0	2.0	0.0	0.0	0.0	0.0	0.0	0.0	0.0	0.0	2.0	2.0	0.0	0.0	0.0
20.14	0.56	0.0	0.0	0.0	0.0	0.0	0.0	0.0	0.0	6.0	2.0	0.0	0.0	0.0	2.0	0.0	0.0	0.0	0.0	2.0	0.0	0.0	0.0	0.0	2.0	0.0	0.0	2.0	4.0	0.0	0.0	0.0	0.0	0.0	0.0	0.0	0.0	2.0	0.0	0.0	2.0	0.0	0.0	0.0	2.0	0.0	0.0	0.0	0.0	2.0	0.0
20.15	0.96	2.0	0.0	2.0	0.0	0.0	4.0	2.0	0.0	0.0	0.0	0.0	6.0	0.0	0.0	0.0	0.0	0.0	4.0	0.0	0.0	0.0	0.0	0.0	0.0	0.0	2.0	2.0	4.0	0.0	0.0	2.0	0.0	2.0	4.0	2.0	0.0	0.0	2.0	4.0	2.0	0.0	0.0	2.0	0.0	0.0	0.0	0.0	0.0	0.0	0.0
20.16	0.48	0.0	0.0	0.0	2.0	0.0	0.0	0.0	0.0	0.0	0.0	0.0	0.0	0.0	0.0	0.0	0.0	0.0	0.0	2.0	2.0	0.0	0.0	2.0	0.0	0.0	0.0	4.0	0.0	0.0	6.0	0.0	0.0	0.0	0.0	2.0	0.0	0.0	0.0	0.0	2.0	0.0	0.0	2.0	0.0	0.0	0.0	0.0	0.0	0.0	0.0
20.17	0.44	0.0	0.0	0.0	0.0	0.0	0.0	0.0	2.0	2.0	0.0	0.0	0.0	0.0	0.0	0.0	0.0	0.0	0.0	0.0	0.0	4.0	0.0	0.0	0.0	0.0	4.0	0.0	2.0	0.0	0.0	0.0	2.0	0.0	0.0	0.0	0.0	2.0	0.0	0.0	0.0	0.0	0.0	2.0	0.0	0.0	0.0	0.0	0.0	0.0	2.0
20.18	0.28	0.0	0.0	0.0	0.0	0.0	0.0	0.0	0.0	0.0	0.0	0.0	0.0	0.0	0.0	0.0	2.0	0.0	0.0	0.0	0.0	0.0	0.0	0.0	0.0	0.0	0.0	0.0	0.0	0.0	0.0	0.0	4.0	0.0	0.0	2.0	0.0	0.0	0.0	0.0	0.0	0.0	4.0	0.0	0.0	0.0	0.0	0.0	0.0	2.0	0.0
20.19	0.32	4.0	0.0	0.0	2.0	2.0	0.0	0.0	0.0	0.0	0.0	0.0	0.0	0.0	0.0	0.0	0.0	0.0	0.0	0.0	0.0	0.0	0.0	0.0	0.0	0.0	4.0	2.0	0.0	0.0	0.0	0.0	0.0	0.0	0.0	0.0	0.0	0.0	0.0	0.0	0.0	0.0	0.0	0.0	0.0	0.0	0.0	0.0	0.0	0.0	2.0
20.2	0.56	0.0	2.0	2.0	0.0	0.0	0.0	0.0	0.0	0.0	2.0	2.0	0.0	0.0	0.0	0.0	0.0	0.0	0.0	0.0	0.0	0.0	0.0	6.0	0.0	0.0	2.0	0.0	0.0	0.0	0.0	0.0	2.0	0.0	4.0	0.0	0.0	0.0	0.0	0.0	0.0	0.0	2.0	0.0	0.0	0.0	0.0	0.0	4.0	0.0	0.0
20.21	0.56	0.0	0.0	0.0	4.0	0.0	0.0	0.0	0.0	2.0	0.0	0.0	0.0	0.0	0.0	2.0	0.0	0.0	2.0	0.0	0.0	0.0	0.0	0.0	0.0	0.0	0.0	0.0	0.0	2.0	0.0	0.0	0.0	0.0	0.0	2.0	0.0	0.0	0.0	0.0	2.0	0.0	0.0	0.0	0.0	0.0	0.0	6.0	0.0	4.0	2.0
20.22	0.48	0.0	0.0	0.0	0.0	0.0	0.0	0.0	0.0	4.0	0.0	0.0	0.0	0.0	0.0	0.0	0.0	0.0	0.0	0.0	2.0	0.0	6.0	2.0	0.0	2.0	0.0	0.0	0.0	0.0	0.0	0.0	4.0	0.0	0.0	2.0	0.0	0.0	0.0	0.0	0.0	0.0	0.0	0.0	0.0	0.0	0.0	0.0	2.0	0.0	0.0
20.23	0.84	0.0	0.0	0.0	0.0	0.0	10.0	0.0	2.0	0.0	0.0	0.0	0.0	2.0	0.0	0.0	0.0	0.0	2.0	0.0	0.0	0.0	6.0	0.0	0.0	0.0	0.0	0.0	0.0	0.0	0.0	0.0	0.0	2.0	0.0	2.0	6.0	2.0	2.0	0.0	0.0	0.0	0.0	0.0	0.0	4.0	0.0	0.0	0.0	0.0	2.0
20.24	0.36	2.0	0.0	0.0	0.0	0.0	0.0	0.0	0.0	0.0	0.0	0.0	0.0	0.0	0.0	0.0	0.0	2.0	0.0	0.0	0.0	0.0	2.0	0.0	0.0	0.0	0.0	0.0	0.0	0.0	0.0	0.0	6.0	0.0	0.0	2.0	0.0	0.0	0.0	0.0	0.0	0.0	0.0	0.0	0.0	0.0	0.0	0.0	0.0	4.0	0.0
20.25	0.52	0.0	0.0	0.0	0.0	0.0	0.0	0.0	0.0	0.0	0.0	0.0	0.0	0.0	0.0	0.0	0.0	0.0	4.0	0.0	0.0	4.0	0.0	0.0	2.0	0.0	0.0	0.0	0.0	0.0	0.0	0.0	0.0	0.0	0.0	0.0	0.0	2.0	0.0	0.0	0.0	0.0	0.0	0.0	0.0	8.0	2.0	0.0	4.0	0.0	0.0
20.26	0.36	0.0	0.0	0.0	0.0	0.0	0.0	0.0	0.0	0.0	0.0	0.0	0.0	0.0	2.0	0.0	0.0	0.0	0.0	0.0	4.0	0.0	0.0	0.0	0.0	0.0	0.0	4.0	0.0	0.0	0.0	0.0	0.0	0.0	0.0	0.0	0.0	0.0	0.0	0.0	0.0	0.0	2.0	2.0	0.0	0.0	2.0	0.0	2.0	0.0	0.0
20.27	0.36	0.0	2.0	0.0	0.0	0.0	0.0	0.0	4.0	0.0	0.0	0.0	0.0	0.0	0.0	0.0	0.0	0.0	0.0	2.0	0.0	0.0	2.0	2.0	0.0	0.0	0.0	0.0	2.0	4.0	0.0	0.0	0.0	0.0	0.0	0.0	0.0	0.0	0.0	0.0	0.0	0.0	0.0	0.0	0.0	0.0	0.0	0.0	0.0	0.0	0.0
20.28	0.52	2.0	0.0	0.0	0.0	0.0	2.0	0.0	0.0	0.0	0.0	0.0	2.0	0.0	0.0	0.0	0.0	4.0	0.0	0.0	0.0	0.0	2.0	0.0	0.0	4.0	0.0	0.0	0.0	2.0	0.0	0.0	0.0	0.0	0.0	0.0	0.0	0.0	0.0	0.0	0.0	0.0	0.0	4.0	0.0	0.0	0.0	0.0	2.0	2.0	0.0
20.29	0.52	0.0	0.0	0.0	2.0	0.0	0.0	0.0	0.0	0.0	0.0	0.0	0.0	0.0	0.0	0.0	0.0	0.0	0.0	0.0	0.0	0.0	0.0	4.0	0.0	0.0	4.0	0.0	0.0	0.0	2.0	0.0	4.0	0.0	0.0	0.0	4.0	0.0	0.0	0.0	0.0	0.0	2.0	0.0	2.0	0.0	0.0	0.0	0.0	2.0	0.0
20.3	0.16	0.0	0.0	0.0	0.0	0.0	0.0	0.0	0.0	2.0	2.0	0.0	0.0	0.0	0.0	0.0	0.0	0.0	0.0	2.0	0.0	0.0	0.0	0.0	0.0	0.0	0.0	0.0	0.0	0.0	0.0	0.0	0.0	0.0	0.0	0.0	0.0	0.0	0.0	0.0	0.0	0.0	0.0	0.0	0.0	0.0	0.0	2.0	0.0	0.0	0.0
20.31	0.4	0.0	0.0	0.0	0.0	0.0	0.0	2.0	0.0	2.0	0.0	2.0	4.0	0.0	0.0	0.0	0.0	0.0	0.0	2.0	0.0	0.0	0.0	2.0	0.0	0.0	2.0	0.0	0.0	0.0	0.0	0.0	0.0	0.0	0.0	0.0	0.0	4.0	0.0	0.0	0.0	0.0	0.0	0.0	0.0	0.0	0.0	0.0	0.0	0.0	0.0
20.32	0.8	0.0	4.0	0.0	0.0	0.0	0.0	0.0	0.0	2.0	0.0	2.0	0.0	0.0	0.0	0.0	0.0	0.0	0.0	0.0	2.0	0.0	0.0	0.0	0.0	0.0	0.0	0.0	2.0	6.0	0.0	0.0	0.0	0.0	0.0	4.0	0.0	0.0	2.0	0.0	2.0	0.0	4.0	6.0	0.0	0.0	0.0	0.0	4.0	0.0	0.0
20.33	0.44	4.0	0.0	0.0	0.0	0.0	0.0	0.0	0.0	0.0	0.0	0.0	4.0	0.0	0.0	0.0	6.0	0.0	2.0	0.0	0.0	2.0	0.0	0.0	0.0	0.0	0.0	0.0	0.0	2.0	2.0	0.0	0.0	0.0	0.0	0.0	0.0	0.0	0.0	0.0	0.0	0.0	0.0	0.0	0.0	0.0	0.0	0.0	0.0	0.0	0.0
20.34	0.48	0.0	0.0	0.0	2.0	0.0	0.0	0.0	0.0	0.0	0.0	0.0	0.0	0.0	4.0	4.0	0.0	0.0	0.0	0.0	0.0	2.0	0.0	0.0	0.0	0.0	0.0	6.0	0.0	0.0	0.0	0.0	0.0	0.0	0.0	0.0	0.0	0.0	0.0	2.0	0.0	0.0	2.0	2.0	0.0	0.0	0.0	0.0	0.0	0.0	0.0
20.35	0.72	0.0	0.0	2.0	0.0	0.0	2.0	2.0	0.0	2.0	0.0	2.0	2.0	0.0	6.0	0.0	0.0	0.0	0.0	0.0	0.0	0.0	0.0	0.0	2.0	2.0	2.0	0.0	0.0	0.0	0.0	0.0	0.0	0.0	0.0	0.0	0.0	0.0	0.0	2.0	2.0	0.0	0.0	0.0	0.0	4.0	0.0	4.0	0.0	0.0	0.0
20.36	0.4	0.0	0.0	2.0	0.0	0.0	0.0	0.0	2.0	0.0	0.0	0.0	0.0	0.0	0.0	0.0	2.0	0.0	0.0	2.0	6.0	0.0	0.0	0.0	0.0	0.0	0.0	2.0	0.0	0.0	0.0	0.0	0.0	0.0	0.0	0.0	0.0	0.0	0.0	0.0	0.0	2.0	0.0	0.0	0.0	0.0	2.0	0.0	0.0	0.0	0.0
20.37	0.44	0.0	0.0	0.0	4.0	0.0	0.0	2.0	4.0	0.0	0.0	0.0	2.0	0.0	0.0	0.0	0.0	0.0	0.0	0.0	0.0	0.0	2.0	0.0	0.0	0.0	0.0	0.0	0.0	2.0	0.0	0.0	0.0	0.0	0.0	0.0	0.0	0.0	0.0	0.0	0.0	0.0	4.0	0.0	2.0	0.0	0.0	0.0	0.0	0.0	0.0
20.38	0.32	0.0	0.0	0.0	0.0	0.0	2.0	0.0	0.0	0.0	0.0	0.0	4.0	2.0	0.0	0.0	0.0	0.0	0.0	0.0	0.0	0.0	0.0	0.0	0.0	0.0	0.0	6.0	0.0	0.0	0.0	0.0	0.0	0.0	0.0	0.0	0.0	0.0	0.0	0.0	0.0	0.0	2.0	0.0	0.0	0.0	0.0	0.0	0.0	0.0	0.0
20.39	0.68	0.0	2.0	0.0	0.0	0.0	0.0	0.0	0.0	2.0	2.0	0.0	0.0	4.0	0.0	0.0	4.0	0.0	2.0	0.0	0.0	4.0	0.0	0.0	2.0	2.0	0.0	0.0	0.0	0.0	0.0	0.0	4.0	0.0	0.0	2.0	0.0	0.0	0.0	0.0	0.0	0.0	0.0	0.0	0.0	0.0	2.0	0.0	2.0	0.0	0.0
20.4	0.48	0.0	2.0	4.0	0.0	0.0	0.0	0.0	0.0	0.0	2.0	0.0	4.0	0.0	0.0	0.0	0.0	0.0	0.0	0.0	0.0	0.0	6.0	0.0	0.0	0.0	0.0	0.0	0.0	0.0	0.0	0.0	0.0	0.0	0.0	0.0	0.0	4.0	2.0	0.0	0.0	0.0	0.0	0.0	0.0	0.0	0.0	0.0	0.0	0.0	0.0
20.41	0.24	0.0	0.0	0.0	0.0	0.0	0.0	0.0	0.0	0.0	0.0	0.0	0.0	0.0	2.0	0.0	0.0	0.0	0.0	0.0	0.0	0.0	0.0	0.0	0.0	0.0	0.0	0.0	0.0	0.0	2.0	0.0	2.0	0.0	0.0	0.0	0.0	0.0	0.0	2.0	0.0	0.0	0.0	0.0	0.0	0.0	4.0	0.0	0.0	0.0	0.0
20.42	0.44	0.0	0.0	0.0	0.0	2.0	0.0	0.0	0.0	0.0	0.0	0.0	0.0	0.0	0.0	0.0	0.0	0.0	0.0	2.0	2.0	0.0	0.0	0.0	0.0	2.0	0.0	0.0	0.0	0.0	0.0	0.0	4.0	0.0	4.0	0.0	0.0	4.0	0.0	0.0	0.0	0.0	0.0	0.0	0.0	0.0	0.0	0.0	0.0	2.0	0.0
20.43	0.44	4.0	0.0	0.0	0.0	0.0	0.0	0.0	0.0	0.0	0.0	0.0	0.0	0.0	0.0	0.0	0.0	0.0	0.0	4.0	0.0	0.0	0.0	0.0	0.0	0.0	0.0	2.0	0.0	0.0	0.0	0.0	0.0	0.0	4.0	0.0	0.0	0.0	0.0	0.0	4.0	0.0	0.0	0.0	0.0	0.0	4.0	0.0	0.0	0.0	0.0
20.44	0.44	0.0	0.0	0.0	4.0	2.0	0.0	0.0	0.0	0.0	0.0	0.0	0.0	2.0	0.0	0.0	0.0	0.0	0.0	0.0	0.0	0.0	2.0	0.0	0.0	0.0	2.0	0.0	0.0	4.0	0.0	0.0	4.0	0.0	0.0	0.0	0.0	0.0	0.0	0.0	0.0	0.0	2.0	0.0	0.0	0.0	0.0	0.0	0.0	0.0	0.0
20.45	0.32	0.0	0.0	0.0	0.0	2.0	0.0	0.0	0.0	0.0	0.0	0.0	0.0	0.0	0.0	0.0	2.0	0.0	0.0	0.0	0.0	2.0	0.0	0.0	0.0	0.0	2.0	0.0	0.0	0.0	0.0	0.0	0.0	0.0	2.0	0.0	0.0	0.0	0.0	0.0	0.0	0.0	2.0	0.0	0.0	0.0	0.0	0.0	0.0	2.0	2.0
20.46	0.44	2.0	2.0	0.0	0.0	0.0	0.0	0.0	0.0	2.0	0.0	4.0	0.0	4.0	0.0	0.0	2.0	0.0	0.0	0.0	0.0	0.0	0.0	0.0	0.0	2.0	0.0	0.0	2.0	0.0	0.0	0.0	0.0	0.0	0.0	2.0	0.0	0.0	0.0	0.0	0.0	0.0	0.0	0.0	0.0	0.0	0.0	0.0	0.0	0.0	0.0
20.47	0.28	0.0	0.0	0.0	0.0	0.0	0.0	0.0	0.0	0.0	0.0	0.0	0.0	8.0	0.0	0.0	0.0	0.0	0.0	0.0	4.0	0.0	0.0	0.0	0.0	0.0	0.0	0.0	0.0	0.0	0.0	0.0	0.0	0.0	0.0	0.0	0.0	0.0	0.0	0.0	0.0	0.0	0.0	0.0	0.0	0.0	0.0	2.0	0.0	0.0	0.0
20.48	0.4	0.0	4.0	0.0	0.0	0.0	0.0	0.0	0.0	2.0	0.0	0.0	0.0	0.0	0.0	0.0	0.0	0.0	0.0	0.0	2.0	0.0	0.0	0.0	0.0	0.0	0.0	0.0	0.0	0.0	0.0	0.0	0.0	0.0	0.0	0.0	0.0	0.0	0.0	0.0	4.0	0.0	2.0	0.0	0.0	6.0	0.0	0.0	0.0	0.0	0.0
20.49	0.4	0.0	0.0	0.0	0.0	0.0	0.0	0.0	0.0	0.0	2.0	0.0	0.0	0.0	0.0	0.0	0.0	0.0	0.0	0.0	0.0	0.0	0.0	6.0	0.0	0.0	4.0	4.0	0.0	0.0	0.0	0.0	0.0	0.0	0.0	0.0	0.0	0.0	2.0	0.0	0.0	0.0	0.0	0.0	0.0	2.0	0.0	0.0	0.0	0.0	0.0
20.5	0.52	0.0	0.0	0.0	0.0	0.0	0.0	0.0	0.0	0.0	0.0	0.0	0.0	2.0	0.0	0.0	0.0	0.0	6.0	2.0	0.0	0.0	0.0	0.0	0.0	0.0	2.0	0.0	0.0	0.0	0.0	0.0	0.0	4.0	0.0	0.0	0.0	0.0	0.0	2.0	4.0	0.0	2.0	0.0	2.0	0.0	0.0	0.0	0.0	0.0	0.0
20.51	0.64	0.0	0.0	0.0	0.0	0.0	2.0	0.0	2.0	0.0	2.0	0.0	4.0	0.0	0.0	0.0	0.0	0.0	0.0	0.0	4.0	0.0	2.0	0.0	0.0	0.0	2.0	0.0	4.0	0.0	0.0	0.0	0.0	0.0	4.0	0.0	0.0	2.0	0.0	0.0	0.0	4.0	0.0	0.0	0.0	0.0	0.0	0.0	0.0	0.0	0.0
20.52	0.92	0.0	0.0	0.0	0.0	2.0	2.0	0.0	4.0	0.0	0.0	0.0	2.0	2.0	0.0	4.0	0.0	0.0	0.0	2.0	0.0	0.0	0.0	0.0	4.0	0.0	0.0	0.0	0.0	4.0	0.0	4.0	0.0	0.0	0.0	0.0	0.0	2.0	0.0	0.0	0.0	4.0	2.0	0.0	0.0	0.0	4.0	0.0	4.0	0.0	0.0
20.53	0.36	0.0	4.0	0.0	0.0	0.0	0.0	0.0	0.0	0.0	0.0	0.0	0.0	0.0	0.0	0.0	2.0	0.0	0.0	0.0	0.0	0.0	4.0	0.0	0.0	0.0	0.0	0.0	0.0	0.0	0.0	0.0	2.0	0.0	2.0	0.0	0.0	0.0	0.0	0.0	0.0	0.0	0.0	0.0	0.0	0.0	0.0	0.0	0.0	0.0	4.0
20.54	0.44	0.0	0.0	0.0	0.0	0.0	0.0	0.0	0.0	0.0	0.0	0.0	2.0	0.0	0.0	0.0	0.0	2.0	0.0	0.0	0.0	2.0	0.0	0.0	2.0	0.0	0.0	0.0	0.0	0.0	0.0	0.0	0.0	0.0	4.0	0.0	0.0	0.0	0.0	6.0	0.0	0.0	0.0	2.0	0.0	0.0	0.0	0.0	2.0	0.0	0.0
20.55	0.44	2.0	0.0	4.0	0.0	0.0	0.0	0.0	0.0	0.0	2.0	0.0	0.0	0.0	0.0	0.0	0.0	0.0	2.0	0.0	0.0	0.0	0.0	0.0	0.0	0.0	0.0	2.0	0.0	4.0	0.0	0.0	0.0	0.0	0.0	0.0	0.0	0.0	0.0	0.0	0.0	0.0	0.0	0.0	0.0	0.0	0.0	0.0	4.0	0.0	2.0
20.56	0.44	0.0	6.0	0.0	4.0	0.0	0.0	0.0	0.0	0.0	0.0	0.0	0.0	0.0	4.0	0.0	0.0	0.0	0.0	0.0	0.0	2.0	0.0	0.0	0.0	2.0	0.0	0.0	0.0	0.0	0.0	0.0	0.0	0.0	2.0	0.0	0.0	0.0	0.0	0.0	0.0	2.0	0.0	0.0	0.0	0.0	0.0	0.0	0.0	0.0	0.0
20.57	0.36	0.0	0.0	0.0	0.0	0.0	0.0	0.0	0.0	0.0	0.0	2.0	0.0	2.0	0.0	2.0	0.0	0.0	0.0	0.0	0.0	0.0	0.0	0.0	2.0	0.0	0.0	0.0	0.0	0.0	0.0	2.0	0.0	0.0	0.0	0.0	0.0	0.0	0.0	0.0	0.0	0.0	0.0	0.0	0.0	0.0	2.0	0.0	4.0	2.0	0.0
20.58	0.28	2.0	0.0	0.0	0.0	0.0	0.0	0.0	0.0	0.0	0.0	0.0	0.0	0.0	0.0	0.0	0.0	0.0	4.0	0.0	0.0	0.0	0.0	0.0	0.0	0.0	0.0	0.0	0.0	0.0	0.0	0.0	0.0	0.0	0.0	2.0	0.0	0.0	0.0	0.0	0.0	0.0	0.0	0.0	2.0	0.0	0.0	0.0	0.0	4.0	0.0
20.59	0.44	0.0	0.0	0.0	2.0	0.0	0.0	0.0	0.0	0.0	4.0	0.0	0.0	2.0	2.0	2.0	0.0	2.0	0.0	0.0	0.0	2.0	0.0	0.0	0.0	0.0	0.0	2.0	0.0	0.0	0.0	0.0	2.0	0.0	0.0	0.0	0.0	0.0	0.0	0.0	0.0	0.0	0.0	0.0	0.0	0.0	0.0	0.0	2.0	0.0	0.0
20.6	0.36	0.0	0.0	0.0	4.0	0.0	0.0	0.0	2.0	0.0	0.0	0.0	0.0	0.0	0.0	0.0	0.0	0.0	0.0	0.0	0.0	0.0	0.0	0.0	0.0	0.0	0.0	0.0	0.0	0.0	0.0	0.0	0.0	0.0	0.0	4.0	0.0	2.0	0.0	2.0	0.0	0.0	0.0	0.0	0.0	0.0	2.0	0.0	0.0	2.0	0.0
20.61	0.48	0.0	0.0	2.0	0.0	0.0	0.0	4.0	0.0	0.0	0.0	0.0	0.0	0.0	2.0	0.0	0.0	2.0	0.0	0.0	0.0	0.0	0.0	0.0	2.0	0.0	0.0	0.0	0.0	0.0	0.0	0.0	0.0	0.0	0.0	0.0	0.0	4.0	0.0	0.0	0.0	0.0	0.0	2.0	0.0	0.0	0.0	0.0	0.0	2.0	4.0
20.62	0.32	2.0	0.0	0.0	0.0	2.0	0.0	0.0	0.0	0.0	0.0	0.0	0.0	0.0	0.0	0.0	2.0	0.0	0.0	2.0	0.0	0.0	0.0	0.0	0.0	2.0	0.0	0.0	0.0	4.0	0.0	0.0	0.0	0.0	0.0	0.0	2.0	0.0	0.0	0.0	0.0	0.0	0.0	0.0	0.0	0.0	0.0	0.0	0.0	0.0	0.0
20.63	1.08	0.0	0.0	2.0	0.0	0.0	6.0	2.0	4.0	0.0	0.0	0.0	0.0	0.0	2.0	0.0	0.0	2.0	0.0	0.0	4.0	4.0	0.0	0.0	0.0	0.0	0.0	0.0	0.0	0.0	0.0	2.0	4.0	2.0	0.0	4.0	0.0	6.0	0.0	2.0	0.0	0.0	0.0	0.0	0.0	0.0	0.0	4.0	4.0	0.0	0.0
20.64	0.24	0.0	0.0	0.0	0.0	0.0	0.0	4.0	0.0	0.0	0.0	2.0	0.0	0.0	0.0	0.0	0.0	0.0	0.0	0.0	0.0	0.0	0.0	0.0	0.0	2.0	0.0	0.0	0.0	0.0	0.0	0.0	0.0	0.0	0.0	0.0	0.0	0.0	0.0	0.0	2.0	0.0	0.0	0.0	0.0	2.0	0.0	0.0	0.0	0.0	0.0
20.65	0.68	0.0	0.0	0.0	0.0	0.0	0.0	2.0	0.0	2.0	0.0	0.0	0.0	4.0	0.0	0.0	0.0	0.0	0.0	0.0	0.0	0.0	0.0	0.0	0.0	6.0	4.0	2.0	0.0	0.0	0.0	0.0	0.0	0.0	0.0	0.0	0.0	2.0	0.0	0.0	4.0	0.0	4.0	0.0	0.0	0.0	2.0	0.0	0.0	2.0	0.0
20.66	0.64	2.0	0.0	0.0	0.0	0.0	0.0	0.0	0.0	6.0	0.0	0.0	0.0	0.0	0.0	0.0	0.0	2.0	0.0	4.0	0.0	0.0	0.0	0.0	0.0	0.0	0.0	0.0	6.0	0.0	0.0	0.0	0.0	0.0	0.0	0.0	2.0	0.0	2.0	0.0	2.0	2.0	0.0	0.0	0.0	0.0	0.0	0.0	2.0	0.0	2.0
20.67	0.56	0.0	0.0	2.0	0.0	0.0	0.0	2.0	0.0	0.0	0.0	0.0	0.0	0.0	0.0	2.0	0.0	0.0	6.0	0.0	0.0	0.0	0.0	0.0	0.0	0.0	0.0	0.0	0.0	4.0	0.0	0.0	0.0	0.0	2.0	2.0	0.0	0.0	0.0	0.0	0.0	0.0	0.0	0.0	4.0	0.0	0.0	0.0	2.0	0.0	2.0
20.68	0.6	0.0	0.0	0.0	0.0	0.0	0.0	0.0	0.0	0.0	0.0	0.0	0.0	0.0	0.0	0.0	0.0	0.0	0.0	8.0	2.0	0.0	0.0	0.0	0.0	0.0	0.0	0.0	0.0	0.0	0.0	2.0	2.0	0.0	0.0	0.0	0.0	2.0	0.0	0.0	0.0	0.0	0.0	2.0	0.0	6.0	2.0	0.0	4.0	0.0	0.0
20.69	0.8	0.0	2.0	4.0	0.0	0.0	4.0	2.0	0.0	0.0	0.0	0.0	2.0	0.0	2.0	0.0	0.0	0.0	0.0	0.0	4.0	0.0	0.0	2.0	0.0	0.0	0.0	0.0	4.0	0.0	2.0	0.0	0.0	2.0	0.0	0.0	0.0	8.0	2.0	0.0	0.0	0.0	0.0	0.0	0.0	0.0	0.0	0.0	0.0	0.0	0.0
20.7	0.48	0.0	0.0	0.0	0.0	0.0	2.0	0.0	0.0	0.0	0.0	0.0	0.0	0.0	0.0	0.0	0.0	0.0	0.0	0.0	0.0	0.0	0.0	0.0	0.0	2.0	0.0	0.0	0.0	0.0	2.0	0.0	6.0	6.0	0.0	0.0	0.0	0.0	0.0	0.0	0.0	0.0	0.0	0.0	0.0	0.0	2.0	0.0	4.0	0.0	0.0
20.71	0.96	0.0	0.0	0.0	0.0	0.0	0.0	4.0	0.0	0.0	0.0	2.0	0.0	2.0	4.0	2.0	0.0	0.0	4.0	0.0	0.0	0.0	0.0	2.0	0.0	0.0	0.0	0.0	2.0	2.0	0.0	4.0	0.0	0.0	0.0	0.0	0.0	0.0	4.0	6.0	2.0	0.0	0.0	4.0	0.0	0.0	0.0	0.0	2.0	0.0	2.0
20.72	0.52	2.0	0.0	0.0	2.0	0.0	0.0	0.0	2.0	0.0	0.0	2.0	0.0	0.0	0.0	0.0	0.0	0.0	2.0	0.0	0.0	0.0	2.0	0.0	0.0	0.0	0.0	0.0	0.0	0.0	4.0	0.0	0.0	0.0	0.0	0.0	0.0	0.0	0.0	0.0	0.0	4.0	0.0	4.0	0.0	0.0	0.0	0.0	2.0	0.0	0.0
20.73	0.8	0.0	0.0	0.0	2.0	0.0	0.0	0.0	0.0	0.0	0.0	4.0	0.0	0.0	2.0	0.0	0.0	8.0	2.0	0.0	0.0	4.0	0.0	0.0	0.0	0.0	0.0	2.0	0.0	0.0	0.0	0.0	0.0	0.0	0.0	0.0	0.0	0.0	0.0	6.0	0.0	0.0	0.0	2.0	0.0	2.0	4.0	0.0	0.0	2.0	0.0
20.74	0.72	0.0	0.0	0.0	0.0	2.0	2.0	0.0	0.0	0.0	0.0	0.0	10.0	0.0	0.0	2.0	0.0	0.0	4.0	0.0	0.0	0.0	0.0	0.0	0.0	0.0	0.0	4.0	0.0	0.0	0.0	0.0	0.0	2.0	0.0	0.0	0.0	0.0	2.0	2.0	0.0	0.0	0.0	0.0	2.0	2.0	0.0	0.0	0.0	0.0	2.0
20.75	0.92	4.0	0.0	2.0	0.0	0.0	2.0	0.0	0.0	4.0	0.0	0.0	2.0	2.0	0.0	2.0	0.0	0.0	2.0	0.0	0.0	0.0	0.0	0.0	2.0	2.0	2.0	0.0	0.0	0.0	2.0	0.0	2.0	0.0	2.0	0.0	6.0	4.0	0.0	0.0	0.0	0.0	0.0	0.0	0.0	2.0	0.0	0.0	0.0	0.0	2.0
20.76	1.2	2.0	0.0	0.0	2.0	2.0	0.0	2.0	2.0	6.0	0.0	0.0	2.0	0.0	0.0	2.0	0.0	2.0	0.0	0.0	0.0	0.0	0.0	0.0	0.0	2.0	0.0	2.0	0.0	2.0	2.0	4.0	0.0	4.0	2.0	0.0	0.0	0.0	2.0	2.0	0.0	0.0	4.0	0.0	0.0	8.0	0.0	0.0	0.0	2.0	2.0
20.77	1.08	2.0	2.0	0.0	0.0	0.0	4.0	4.0	2.0	0.0	2.0	0.0	0.0	0.0	2.0	0.0	0.0	4.0	0.0	4.0	2.0	0.0	2.0	0.0	0.0	0.0	2.0	0.0	0.0	2.0	0.0	0.0	0.0	0.0	0.0	0.0	0.0	0.0	0.0	0.0	0.0	0.0	2.0	2.0	2.0	0.0	0.0	6.0	2.0	4.0	2.0
20.78	0.88	0.0	0.0	0.0	0.0	0.0	0.0	0.0	0.0	0.0	0.0	0.0	0.0	0.0	0.0	0.0	2.0	0.0	0.0	0.0	2.0	0.0	0.0	0.0	0.0	2.0	0.0	0.0	0.0	0.0	6.0	4.0	2.0	2.0	6.0	0.0	0.0	4.0	0.0	4.0	4.0	0.0	2.0	0.0	2.0	2.0	0.0	0.0	0.0	0.0	0.0
20.79	1.64	4.0	0.0	6.0	2.0	0.0	0.0	0.0	0.0	0.0	0.0	0.0	2.0	0.0	6.0	0.0	2.0	2.0	2.0	2.0	0.0	6.0	0.0	0.0	6.0	2.0	2.0	2.0	2.0	0.0	0.0	0.0	2.0	0.0	0.0	8.0	4.0	0.0	6.0	0.0	0.0	2.0	0.0	0.0	2.0	4.0	0.0	0.0	6.0	0.0	0.0
20.8	1.44	0.0	0.0	4.0	0.0	2.0	2.0	0.0	0.0	6.0	4.0	0.0	2.0	0.0	0.0	2.0	0.0	4.0	0.0	0.0	2.0	2.0	0.0	0.0	0.0	2.0	0.0	0.0	2.0	6.0	2.0	0.0	4.0	2.0	2.0	0.0	0.0	4.0	6.0	0.0	2.0	2.0	0.0	0.0	0.0	0.0	0.0	0.0	6.0	2.0	0.0
20.81	1.28	2.0	0.0	0.0	4.0	0.0	0.0	0.0	0.0	2.0	0.0	2.0	4.0	0.0	2.0	0.0	0.0	0.0	0.0	2.0	0.0	0.0	2.0	0.0	0.0	2.0	0.0	10.0	0.0	2.0	2.0	4.0	4.0	0.0	0.0	2.0	2.0	0.0	2.0	0.0	4.0	4.0	6.0	0.0	0.0	0.0	0.0	0.0	0.0	0.0	0.0
20.82	1.84	0.0	0.0	0.0	2.0	4.0	0.0	2.0	4.0	0.0	0.0	0.0	0.0	2.0	8.0	2.0	2.0	6.0	0.0	4.0	0.0	2.0	0.0	6.0	0.0	0.0	10.0	4.0	2.0	0.0	0.0	0.0	4.0	2.0	0.0	2.0	4.0	2.0	0.0	0.0	4.0	0.0	2.0	2.0	0.0	6.0	0.0	4.0	0.0	0.0	0.0
20.83	2.24	2.0	0.0	2.0	4.0	0.0	8.0	2.0	4.0	8.0	4.0	2.0	6.0	0.0	2.0	4.0	0.0	0.0	6.0	0.0	0.0	0.0	0.0	4.0	0.0	6.0	0.0	10.0	0.0	0.0	2.0	0.0	6.0	0.0	4.0	4.0	0.0	2.0	0.0	4.0	2.0	0.0	0.0	0.0	0.0	10.0	0.0	4.0	0.0	0.0	0.0
20.84	2.08	0.0	4.0	0.0	0.0	4.0	2.0	0.0	0.0	0.0	0.0	0.0	2.0	2.0	0.0	8.0	0.0	2.0	4.0	0.0	6.0	0.0	8.0	0.0	2.0	8.0	2.0	0.0	4.0	0.0	4.0	0.0	2.0	2.0	4.0	0.0	4.0	0.0	4.0	2.0	2.0	4.0	4.0	0.0	2.0	4.0	2.0	2.0	2.0	0.0	2.0
20.85	2.24	2.0	4.0	4.0	2.0	0.0	4.0	0.0	6.0	8.0	0.0	2.0	4.0	2.0	0.0	0.0	0.0	2.0	4.0	0.0	0.0	0.0	0.0	6.0	2.0	0.0	0.0	2.0	2.0	2.0	2.0	0.0	0.0	0.0	0.0	10.0	2.0	2.0	4.0	4.0	2.0	4.0	0.0	4.0	14.0	0.0	0.0	4.0	0.0	0.0	2.0
20.86	2.76	2.0	2.0	6.0	2.0	2.0	4.0	0.0	0.0	6.0	0.0	0.0	4.0	0.0	0.0	6.0	8.0	2.0	0.0	2.0	2.0	8.0	4.0	4.0	2.0	6.0	4.0	0.0	0.0	6.0	6.0	6.0	0.0	0.0	0.0	2.0	6.0	4.0	0.0	0.0	4.0	0.0	0.0	2.0	4.0	2.0	0.0	12.0	2.0	6.0	0.0
20.87	2.76	2.0	0.0	6.0	2.0	2.0	0.0	2.0	4.0	2.0	2.0	8.0	2.0	4.0	0.0	8.0	4.0	4.0	0.0	2.0	6.0	2.0	0.0	10.0	6.0	2.0	4.0	2.0	0.0	0.0	0.0	6.0	4.0	2.0	0.0	0.0	6.0	2.0	0.0	0.0	4.0	2.0	0.0	2.0	2.0	4.0	0.0	4.0	6.0	4.0	4.0
20.88	3.44	2.0	2.0	4.0	2.0	2.0	0.0	0.0	2.0	6.0	6.0	8.0	4.0	0.0	2.0	2.0	4.0	6.0	4.0	0.0	4.0	6.0	8.0	4.0	0.0	0.0	4.0	0.0	2.0	8.0	6.0	6.0	6.0	6.0	4.0	0.0	4.0	8.0	6.0	6.0	0.0	6.0	0.0	0.0	0.0	4.0	6.0	2.0	2.0	2.0	6.0
20.89	4.84	6.0	12.0	0.0	0.0	10.0	4.0	0.0	0.0	12.0	6.0	8.0	12.0	4.0	2.0	8.0	4.0	0.0	2.0	12.0	10.0	2.0	8.0	8.0	6.0	4.0	4.0	6.0	0.0	0.0	4.0	6.0	0.0	4.0	4.0	6.0	2.0	2.0	0.0	6.0	0.0	2.0	0.0	8.0	10.0	16.0	8.0	0.0	4.0	8.0	2.0
20.9	5.36	6.0	2.0	20.0	10.0	4.0	2.0	12.0	6.0	6.0	2.0	4.0	2.0	6.0	12.0	2.0	4.0	2.0	4.0	0.0	0.0	12.0	2.0	2.0	2.0	0.0	6.0	4.0	0.0	0.0	4.0	10.0	2.0	4.0	6.0	2.0	4.0	6.0	8.0	2.0	10.0	6.0	10.0	16.0	12.0	12.0	2.0	2.0	6.0	4.0	6.0
20.91	6.0	4.0	6.0	0.0	2.0	4.0	4.0	6.0	0.0	6.0	2.0	6.0	6.0	8.0	4.0	8.0	6.0	6.0	2.0	8.0	18.0	6.0	22.0	4.0	2.0	6.0	6.0	4.0	6.0	10.0	2.0	12.0	4.0	16.0	4.0	8.0	0.0	2.0	10.0	4.0	6.0	12.0	12.0	4.0	12.0	2.0	10.0	0.0	6.0	0.0	2.0
20.92	6.96	4.0	4.0	6.0	12.0	12.0	4.0	6.0	0.0	14.0	24.0	4.0	4.0	12.0	8.0	8.0	12.0	6.0	10.0	12.0	2.0	2.0	14.0	12.0	4.0	6.0	10.0	2.0	6.0	0.0	0.0	0.0	4.0	4.0	6.0	4.0	4.0	18.0	8.0	2.0	6.0	8.0	8.0	10.0	0.0	6.0	12.0	8.0	2.0	10.0	8.0
20.93	8.76	2.0	2.0	8.0	10.0	10.0	2.0	10.0	2.0	12.0	2.0	12.0	12.0	4.0	12.0	16.0	18.0	12.0	4.0	14.0	8.0	10.0	6.0	4.0	12.0	12.0	20.0	2.0	4.0	10.0	10.0	10.0	10.0	4.0	8.0	8.0	12.0	10.0	2.0	2.0	16.0	12.0	14.0	4.0	12.0	12.0	8.0	12.0	2.0	14.0	4.0
20.94	6.68	6.0	16.0	0.0	4.0	6.0	0.0	6.0	8.0	4.0	2.0	2.0	4.0	6.0	12.0	2.0	8.0	8.0	4.0	6.0	10.0	2.0	6.0	6.0	8.0	10.0	10.0	2.0	10.0	4.0	12.0	8.0	12.0	4.0	8.0	6.0	4.0	2.0	6.0	10.0	10.0	4.0	12.0	10.0	6.0	6.0	16.0	8.0	4.0	12.0	2.0
20.95	10.88	4.0	4.0	8.0	12.0	14.0	8.0	12.0	14.0	18.0	8.0	6.0	12.0	10.0	12.0	18.0	4.0	8.0	20.0	10.0	8.0	10.0	20.0	10.0	8.0	18.0	4.0	22.0	10.0	20.0	10.0	8.0	6.0	16.0	6.0	6.0	8.0	4.0	18.0	24.0	2.0	6.0	20.0	10.0	12.0	8.0	2.0	14.0	2.0	12.0	18.0
20.96	11.4	6.0	6.0	6.0	10.0	10.0	18.0	8.0	4.0	26.0	8.0	12.0	10.0	14.0	12.0	8.0	4.0	14.0	10.0	28.0	14.0	4.0	14.0	14.0	16.0	12.0	14.0	16.0	12.0	4.0	16.0	18.0	2.0	4.0	14.0	16.0	12.0	14.0	12.0	20.0	2.0	16.0	6.0	10.0	12.0	8.0	6.0	16.0	12.0	16.0	4.0
20.97	13.56	18.0	0.0	8.0	16.0	14.0	8.0	6.0	6.0	22.0	10.0	12.0	18.0	16.0	16.0	22.0	8.0	4.0	16.0	10.0	16.0	10.0	18.0	16.0	18.0	2.0	26.0	20.0	12.0	20.0	10.0	6.0	10.0	20.0	16.0	22.0	14.0	0.0	12.0	12.0	14.0	18.0	16.0	26.0	14.0	12.0	16.0	10.0	12.0	24.0	6.0
20.98	12.6	8.0	16.0	12.0	4.0	8.0	24.0	18.0	18.0	20.0	14.0	4.0	8.0	18.0	10.0	6.0	20.0	12.0	16.0	12.0	8.0	36.0	8.0	14.0	6.0	16.0	6.0	6.0	14.0	16.0	4.0	2.0	2.0	26.0	8.0	14.0	8.0	12.0	18.0	16.0	6.0	14.0	2.0	4.0	16.0	18.0	14.0	16.0	12.0	18.0	22.0
20.99	13.0	6.0	10.0	14.0	14.0	18.0	6.0	6.0	8.0	12.0	12.0	16.0	16.0	8.0	16.0	20.0	14.0	16.0	6.0	18.0	8.0	14.0	10.0	20.0	8.0	16.0	26.0	10.0	14.0	28.0	12.0	20.0	16.0	10.0	8.0	8.0	12.0	12.0	14.0	14.0	8.0	14.0	14.0	10.0	4.0	28.0	12.0	8.0	16.0	12.0	8.0
21.0	16.2	0.0	8.0	14.0	12.0	12.0	18.0	36.0	18.0	18.0	10.0	12.0	8.0	22.0	6.0	16.0	22.0	14.0	8.0	20.0	12.0	14.0	10.0	14.0	28.0	16.0	8.0	18.0	14.0	28.0	16.0	24.0	12.0	30.0	14.0	20.0	14.0	18.0	28.0	20.0	14.0	16.0	12.0	24.0	12.0	26.0	12.0	12.0	8.0	18.0	24.0
21.01	16.12	14.0	14.0	4.0	30.0	14.0	8.0	20.0	22.0	14.0	10.0	18.0	12.0	6.0	16.0	16.0	16.0	14.0	20.0	14.0	18.0	18.0	16.0	30.0	6.0	4.0	8.0	6.0	20.0	16.0	8.0	12.0	16.0	12.0	22.0	24.0	24.0	20.0	20.0	26.0	6.0	22.0	14.0	2.0	22.0	22.0	14.0	36.0	22.0	22.0	16.0
21.02	16.96	14.0	28.0	28.0	4.0	10.0	22.0	26.0	30.0	10.0	18.0	22.0	20.0	4.0	12.0	18.0	8.0	16.0	16.0	22.0	10.0	18.0	24.0	20.0	26.0	24.0	10.0	18.0	24.0	4.0	18.0	20.0	20.0	18.0	24.0	6.0	18.0	14.0	18.0	20.0	14.0	8.0	22.0	14.0	18.0	8.0	12.0	16.0	20.0	10.0	24.0
21.03	17.48	12.0	14.0	20.0	14.0	22.0	22.0	14.0	28.0	14.0	8.0	12.0	8.0	18.0	20.0	18.0	18.0	12.0	12.0	26.0	18.0	18.0	12.0	26.0	20.0	22.0	28.0	8.0	16.0	16.0	8.0	20.0	12.0	20.0	30.0	16.0	4.0	14.0	18.0	22.0	12.0	28.0	32.0	22.0	22.0	22.0	30.0	8.0	18.0	8.0	12.0
21.04	20.48	8.0	8.0	18.0	22.0	26.0	24.0	18.0	22.0	16.0	20.0	28.0	10.0	20.0	26.0	24.0	26.0	18.0	28.0	8.0	28.0	22.0	26.0	24.0	30.0	4.0	24.0	24.0	22.0	20.0	22.0	14.0	32.0	14.0	20.0	20.0	14.0	14.0	18.0	10.0	14.0	18.0	10.0	40.0	14.0	40.0	26.0	26.0	18.0	12.0	34.0
21.05	20.08	20.0	20.0	10.0	16.0	12.0	22.0	14.0	20.0	30.0	16.0	10.0	20.0	22.0	22.0	32.0	22.0	20.0	24.0	22.0	20.0	10.0	26.0	18.0	18.0	20.0	20.0	16.0	18.0	12.0	10.0	16.0	24.0	32.0	46.0	20.0	30.0	20.0	14.0	10.0	10.0	16.0	32.0	18.0	28.0	22.0	22.0	18.0	22.0	14.0	28.0
21.06	19.4	26.0	26.0	24.0	20.0	10.0	24.0	26.0	38.0	34.0	26.0	24.0	22.0	18.0	18.0	18.0	18.0	16.0	14.0	20.0	20.0	14.0	22.0	12.0	24.0	10.0	34.0	22.0	16.0	12.0	14.0	18.0	24.0	4.0	24.0	16.0	24.0	10.0	16.0	24.0	4.0	16.0	20.0	16.0	32.0	18.0	18.0	10.0	12.0	26.0	16.0
21.07	21.56	28.0	28.0	28.0	22.0	16.0	16.0	16.0	12.0	16.0	26.0	16.0	18.0	16.0	12.0	20.0	36.0	14.0	22.0	30.0	16.0	14.0	10.0	38.0	26.0	20.0	18.0	30.0	16.0	40.0	12.0	18.0	6.0	16.0	26.0	16.0	38.0	38.0	22.0	18.0	22.0	20.0	26.0	26.0	22.0	26.0	22.0	10.0	24.0	30.0	20.0
21.08	22.6	20.0	26.0	28.0	16.0	14.0	14.0	34.0	32.0	20.0	16.0	40.0	20.0	10.0	22.0	38.0	32.0	18.0	30.0	12.0	28.0	28.0	12.0	20.0	22.0	14.0	20.0	30.0	16.0	16.0	28.0	18.0	30.0	16.0	34.0	16.0	28.0	20.0	20.0	24.0	12.0	30.0	14.0	22.0	38.0	18.0	32.0	28.0	26.0	14.0	14.0
21.09	26.92	26.0	16.0	34.0	22.0	26.0	26.0	36.0	22.0	16.0	28.0	24.0	46.0	20.0	26.0	24.0	24.0	18.0	32.0	26.0	52.0	18.0	10.0	36.0	28.0	26.0	24.0	20.0	18.0	52.0	16.0	22.0	12.0	30.0	48.0	26.0	34.0	42.0	38.0	18.0	34.0	24.0	32.0	30.0	28.0	10.0	14.0	24.0	34.0	16.0	38.0
21.1	24.96	28.0	30.0	14.0	24.0	32.0	32.0	26.0	28.0	22.0	24.0	38.0	26.0	18.0	32.0	28.0	22.0	22.0	8.0	14.0	18.0	22.0	28.0	20.0	42.0	26.0	28.0	50.0	22.0	22.0	22.0	28.0	24.0	18.0	30.0	32.0	28.0	26.0	20.0	28.0	28.0	20.0	18.0	30.0	30.0	26.0	16.0	14.0	22.0	16.0	26.0
21.11	28.92	58.0	46.0	28.0	22.0	24.0	38.0	16.0	40.0	18.0	32.0	24.0	34.0	30.0	32.0	16.0	14.0	14.0	20.0	38.0	40.0	20.0	18.0	28.0	18.0	40.0	24.0	40.0	28.0	26.0	22.0	48.0	30.0	30.0	34.0	26.0	40.0	28.0	22.0	26.0	24.0	24.0	38.0	28.0	40.0	26.0	28.0	40.0	24.0	26.0	16.0
21.12	28.88	26.0	46.0	28.0	30.0	32.0	22.0	20.0	18.0	40.0	28.0	38.0	24.0	26.0	16.0	24.0	34.0	32.0	18.0	26.0	24.0	30.0	40.0	18.0	28.0	38.0	36.0	38.0	32.0	20.0	14.0	30.0	26.0	30.0	44.0	36.0	46.0	20.0	34.0	22.0	32.0	24.0	24.0	20.0	32.0	28.0	22.0	32.0	32.0	40.0	24.0
21.13	27.56	26.0	26.0	18.0	34.0	32.0	12.0	34.0	22.0	36.0	16.0	26.0	28.0	48.0	24.0	22.0	40.0	18.0	16.0	12.0	26.0	34.0	24.0	20.0	24.0	22.0	34.0	24.0	30.0	28.0	28.0	18.0	12.0	36.0	30.0	28.0	8.0	36.0	36.0	24.0	46.0	34.0	42.0	24.0	34.0	20.0	42.0	22.0	28.0	48.0	26.0
21.14	31.04	22.0	34.0	22.0	20.0	36.0	28.0	18.0	50.0	36.0	50.0	32.0	40.0	20.0	26.0	58.0	34.0	28.0	36.0	26.0	22.0	22.0	38.0	30.0	36.0	32.0	24.0	40.0	44.0	26.0	32.0	26.0	34.0	14.0	42.0	32.0	22.0	20.0	18.0	38.0	34.0	22.0	8.0	40.0	46.0	28.0	26.0	28.0	44.0	26.0	42.0
21.15	31.28	34.0	46.0	14.0	16.0	28.0	32.0	20.0	46.0	20.0	24.0	34.0	40.0	30.0	34.0	22.0	32.0	44.0	28.0	16.0	24.0	26.0	40.0	30.0	34.0	26.0	22.0	20.0	40.0	42.0	16.0	42.0	32.0	52.0	44.0	38.0	44.0	32.0	14.0	24.0	56.0	42.0	32.0	30.0	36.0	32.0	34.0	20.0	30.0	28.0	22.0
21.16	35.04	40.0	52.0	42.0	38.0	22.0	54.0	30.0	52.0	34.0	38.0	32.0	32.0	34.0	40.0	22.0	48.0	28.0	40.0	26.0	34.0	32.0	42.0	36.0	28.0	30.0	20.0	42.0	36.0	24.0	50.0	32.0	34.0	32.0	26.0	30.0	44.0	48.0	20.0	56.0	28.0	20.0	34.0	30.0	38.0	28.0	34.0	42.0	44.0	30.0	24.0
21.17	36.08	22.0	34.0	76.0	42.0	40.0	40.0	36.0	38.0	36.0	32.0	26.0	38.0	24.0	36.0	28.0	34.0	30.0	30.0	30.0	20.0	36.0	46.0	42.0	42.0	62.0	32.0	22.0	50.0	18.0	42.0	20.0	32.0	44.0	38.0	28.0	44.0	44.0	32.0	30.0	42.0	34.0	44.0	42.0	30.0	24.0	44.0	38.0	52.0	22.0	36.0
21.18	39.72	42.0	42.0	28.0	28.0	54.0	36.0	40.0	42.0	30.0	46.0	28.0	34.0	44.0	38.0	30.0	46.0	40.0	44.0	34.0	26.0	40.0	56.0	44.0	58.0	38.0	32.0	38.0	48.0	40.0	46.0	52.0	54.0	50.0	36.0	38.0	34.0	20.0	44.0	30.0	42.0	54.0	44.0	28.0	24.0	36.0	38.0	48.0	46.0	48.0	28.0
21.19	38.36	48.0	32.0	34.0	36.0	46.0	36.0	38.0	42.0	26.0	36.0	54.0	36.0	38.0	42.0	32.0	38.0	34.0	22.0	54.0	26.0	50.0	26.0	48.0	36.0	30.0	28.0	48.0	52.0	50.0	42.0	68.0	18.0	64.0	48.0	48.0	36.0	38.0	20.0	34.0	16.0	28.0	54.0	26.0	30.0	32.0	42.0	32.0	40.0	40.0	44.0
21.2	39.68	46.0	30.0	28.0	64.0	32.0	60.0	48.0	36.0	50.0	42.0	26.0	44.0	50.0	34.0	34.0	36.0	44.0	42.0	56.0	48.0	38.0	46.0	42.0	24.0	26.0	42.0	38.0	28.0	32.0	26.0	26.0	14.0	44.0	44.0	48.0	48.0	52.0	48.0	62.0	62.0	26.0	36.0	32.0	48.0	34.0	18.0	44.0	24.0	48.0	34.0
21.21	41.36	36.0	30.0	38.0	50.0	36.0	54.0	38.0	20.0	38.0	58.0	38.0	30.0	34.0	32.0	54.0	40.0	34.0	42.0	40.0	52.0	44.0	60.0	52.0	26.0	42.0	12.0	42.0	20.0	44.0	40.0	42.0	30.0	40.0	56.0	28.0	52.0	48.0	36.0	80.0	62.0	28.0	46.0	40.0	54.0	42.0	46.0	54.0	46.0	40.0	22.0
21.22	42.24	34.0	30.0	52.0	34.0	58.0	50.0	42.0	38.0	42.0	26.0	60.0	34.0	28.0	44.0	48.0	56.0	38.0	18.0	36.0	38.0	44.0	44.0	30.0	48.0	44.0	50.0	56.0	46.0	40.0	38.0	40.0	48.0	34.0	30.0	28.0	58.0	26.0	66.0	54.0	42.0	48.0	26.0	48.0	38.0	34.0	40.0	52.0	64.0	46.0	44.0
21.23	43.32	54.0	36.0	32.0	58.0	48.0	52.0	42.0	46.0	50.0	28.0	46.0	36.0	54.0	50.0	62.0	40.0	62.0	34.0	40.0	44.0	32.0	44.0	28.0	50.0	52.0	54.0	54.0	40.0	46.0	30.0	40.0	38.0	44.0	46.0	42.0	46.0	32.0	34.0	44.0	38.0	32.0	42.0	36.0	54.0	28.0	50.0	28.0	46.0	66.0	36.0
21.24	46.44	54.0	34.0	36.0	52.0	50.0	32.0	44.0	38.0	42.0	60.0	58.0	30.0	56.0	48.0	42.0	40.0	54.0	16.0	64.0	52.0	54.0	38.0	40.0	46.0	46.0	74.0	42.0	50.0	48.0	40.0	52.0	28.0	54.0	52.0	34.0	36.0	38.0	50.0	46.0	66.0	50.0	52.0	40.0	42.0	58.0	36.0	58.0	44.0	42.0	64.0
21.25	44.6	36.0	46.0	62.0	60.0	36.0	50.0	46.0	46.0	40.0	42.0	42.0	46.0	70.0	40.0	50.0	42.0	42.0	28.0	40.0	40.0	40.0	74.0	42.0	46.0	44.0	26.0	54.0	34.0	34.0	34.0	56.0	56.0	22.0	44.0	58.0	72.0	52.0	28.0	32.0	66.0	34.0	44.0	32.0	48.0	38.0	42.0	52.0	30.0	40.0	52.0
21.26	46.2	36.0	34.0	44.0	62.0	38.0	64.0	34.0	42.0	46.0	64.0	46.0	40.0	46.0	36.0	56.0	58.0	42.0	46.0	42.0	42.0	40.0	40.0	44.0	58.0	54.0	70.0	38.0	62.0	66.0	40.0	26.0	52.0	42.0	36.0	40.0	38.0	44.0	52.0	50.0	52.0	52.0	34.0	46.0	44.0	32.0	42.0	42.0	60.0	44.0	52.0
21.27	49.36	64.0	40.0	34.0	60.0	50.0	36.0	28.0	44.0	44.0	48.0	54.0	36.0	50.0	66.0	66.0	40.0	56.0	32.0	52.0	44.0	52.0	60.0	24.0	74.0	40.0	50.0	58.0	50.0	68.0	46.0	42.0	56.0	48.0	48.0	68.0	30.0	40.0	44.0	56.0	56.0	44.0	50.0	46.0	56.0	66.0	44.0	72.0	34.0	48.0	54.0
21.28	46.12	70.0	50.0	34.0	40.0	38.0	56.0	28.0	36.0	48.0	50.0	56.0	38.0	52.0	44.0	52.0	38.0	64.0	48.0	50.0	60.0	56.0	34.0	44.0	38.0	54.0	48.0	56.0	42.0	40.0	56.0	52.0	38.0	22.0	32.0	54.0	46.0	58.0	48.0	58.0	52.0	60.0	46.0	36.0	46.0	40.0	44.0	18.0	62.0	30.0	44.0
21.29	52.48	56.0	50.0	60.0	48.0	60.0	38.0	40.0	48.0	46.0	58.0	44.0	52.0	62.0	44.0	48.0	52.0	32.0	56.0	60.0	38.0	46.0	48.0	66.0	38.0	62.0	42.0	48.0	48.0	80.0	80.0	50.0	58.0	42.0	42.0	66.0	34.0	44.0	48.0	58.0	54.0	36.0	64.0	46.0	74.0	50.0	62.0	54.0	72.0	62.0	58.0
21.3	53.12	62.0	46.0	58.0	48.0	58.0	58.0	52.0	44.0	82.0	58.0	60.0	48.0	48.0	52.0	42.0	62.0	38.0	42.0	54.0	54.0	62.0	64.0	62.0	56.0	42.0	60.0	50.0	38.0	50.0	62.0	64.0	50.0	82.0	58.0	42.0	64.0	48.0	48.0	32.0	36.0	68.0	20.0	66.0	44.0	48.0	72.0	54.0	46.0	34.0	68.0
21.31	53.04	52.0	62.0	56.0	40.0	48.0	44.0	42.0	72.0	38.0	52.0	40.0	66.0	76.0	44.0	60.0	54.0	40.0	46.0	86.0	56.0	66.0	72.0	46.0	34.0	50.0	46.0	54.0	32.0	48.0	76.0	32.0	44.0	44.0	40.0	44.0	54.0	72.0	62.0	48.0	64.0	40.0	78.0	54.0	32.0	46.0	42.0	52.0	58.0	90.0	58.0
21.32	53.88	52.0	48.0	50.0	58.0	70.0	54.0	58.0	44.0	56.0	54.0	58.0	66.0	54.0	68.0	48.0	80.0	60.0	50.0	66.0	44.0	52.0	66.0	48.0	62.0	62.0	48.0	42.0	60.0	42.0	48.0	66.0	72.0	72.0	46.0	46.0	58.0	46.0	42.0	54.0	52.0	20.0	36.0	42.0	42.0	44.0	42.0	60.0	58.0	48.0	80.0
21.33	54.64	42.0	62.0	36.0	64.0	66.0	72.0	68.0	44.0	68.0	50.0	54.0	52.0	70.0	70.0	32.0	40.0	46.0	70.0	50.0	74.0	34.0	50.0	60.0	72.0	38.0	50.0	62.0	62.0	44.0	32.0	62.0	32.0	60.0	48.0	62.0	62.0	66.0	28.0	74.0	50.0	50.0	52.0	66.0	60.0	56.0	40.0	52.0	64.0	50.0	64.0
21.34	56.72	56.0	48.0	50.0	44.0	58.0	48.0	48.0	54.0	50.0	92.0	56.0	52.0	66.0	84.0	52.0	70.0	58.0	36.0	78.0	58.0	48.0	66.0	58.0	62.0	66.0	68.0	70.0	54.0	56.0	54.0	44.0	66.0	48.0	74.0	60.0	52.0	58.0	52.0	40.0	52.0	52.0	72.0	50.0	58.0	70.0	38.0	34.0	34.0	52.0	70.0
21.35	56.76	42.0	32.0	54.0	58.0	44.0	64.0	74.0	66.0	74.0	64.0	52.0	58.0	58.0	50.0	56.0	70.0	42.0	70.0	58.0	72.0	58.0	74.0	52.0	50.0	54.0	64.0	36.0	56.0	58.0	58.0	72.0	60.0	50.0	56.0	64.0	48.0	52.0	48.0	66.0	58.0	46.0	54.0	62.0	72.0	52.0	64.0	54.0	50.0	58.0	34.0
21.36	61.24	92.0	50.0	54.0	54.0	42.0	40.0	58.0	54.0	80.0	66.0	62.0	66.0	74.0	58.0	54.0	46.0	60.0	58.0	50.0	54.0	70.0	66.0	48.0	64.0	84.0	58.0	92.0	76.0	52.0	48.0	40.0	46.0	50.0	72.0	82.0	78.0	72.0	48.0	52.0	58.0	60.0	36.0	70.0	70.0	46.0	42.0	82.0	74.0	58.0	96.0
21.37	59.24	58.0	56.0	42.0	48.0	56.0	62.0	54.0	66.0	64.0	56.0	56.0	66.0	44.0	54.0	30.0	64.0	58.0	40.0	56.0	64.0	64.0	76.0	68.0	60.0	58.0	76.0	50.0	74.0	44.0	66.0	36.0	54.0	60.0	60.0	62.0	52.0	70.0	68.0	58.0	72.0	70.0	68.0	48.0	70.0	60.0	68.0	80.0	62.0	54.0	60.0
21.38	60.72	66.0	20.0	56.0	64.0	70.0	44.0	72.0	60.0	48.0	42.0	50.0	42.0	74.0	46.0	86.0	80.0	68.0	66.0	60.0	54.0	54.0	64.0	78.0	50.0	78.0	52.0	68.0	62.0	34.0	64.0	96.0	42.0	52.0	96.0	62.0	56.0	66.0	60.0	70.0	44.0	62.0	48.0	52.0	56.0	78.0	54.0	62.0	80.0	62.0	66.0
21.39	65.12	62.0	80.0	74.0	64.0	74.0	66.0	78.0	68.0	68.0	50.0	62.0	76.0	72.0	56.0	70.0	74.0	60.0	66.0	60.0	58.0	52.0	70.0	62.0	62.0	60.0	64.0	48.0	78.0	60.0	64.0	80.0	74.0	60.0	52.0	84.0	68.0	68.0	36.0	84.0	42.0	64.0	60.0	68.0	58.0	80.0	62.0	56.0	58.0	82.0	62.0
21.4	68.2	62.0	80.0	58.0	54.0	88.0	62.0	86.0	106.0	94.0	68.0	64.0	78.0	78.0	52.0	82.0	78.0	54.0	80.0	78.0	52.0	60.0	58.0	58.0	76.0	80.0	56.0	98.0	74.0	56.0	64.0	76.0	82.0	54.0	54.0	44.0	48.0	68.0	66.0	66.0	68.0	52.0	66.0	64.0	46.0	64.0	88.0	60.0	58.0	96.0	56.0
21.41	67.6	68.0	54.0	72.0	64.0	68.0	80.0	66.0	82.0	68.0	56.0	74.0	78.0	60.0	74.0	66.0	42.0	56.0	68.0	70.0	70.0	52.0	72.0	56.0	66.0	78.0	82.0	78.0	86.0	54.0	64.0	62.0	68.0	62.0	60.0	48.0	88.0	74.0	68.0	46.0	80.0	70.0	76.0	56.0	60.0	52.0	80.0	84.0	74.0	94.0	54.0
21.42	70.24	64.0	56.0	90.0	46.0	60.0	64.0	54.0	58.0	70.0	84.0	72.0	54.0	60.0	94.0	80.0	88.0	60.0	78.0	100.0	70.0	50.0	74.0	92.0	76.0	70.0	90.0	84.0	70.0	72.0	76.0	64.0	66.0	68.0	68.0	64.0	68.0	78.0	54.0	72.0	106.0	78.0	38.0	66.0	76.0	50.0	56.0	86.0	68.0	78.0	52.0
21.43	70.76	74.0	102.0	86.0	74.0	70.0	52.0	70.0	80.0	58.0	78.0	52.0	64.0	68.0	48.0	86.0	80.0	56.0	90.0	46.0	70.0	68.0	66.0	56.0	76.0	52.0	70.0	56.0	72.0	90.0	70.0	100.0	80.0	62.0	82.0	72.0	74.0	76.0	58.0	66.0	80.0	66.0	86.0	52.0	72.0	78.0	76.0	48.0	78.0	86.0	66.0
21.44	73.76	78.0	76.0	96.0	86.0	64.0	98.0	62.0	72.0	42.0	74.0	72.0	70.0	96.0	68.0	56.0	84.0	70.0	44.0	88.0	106.0	74.0	72.0	52.0	72.0	78.0	102.0	70.0	94.0	84.0	66.0	60.0	80.0	58.0	46.0	52.0	128.0	66.0	74.0	58.0	84.0	84.0	62.0	88.0	88.0	60.0	78.0	60.0	64.0	84.0	48.0
21.45	74.08	92.0	60.0	92.0	98.0	78.0	72.0	60.0	74.0	64.0	60.0	62.0	68.0	52.0	52.0	86.0	54.0	86.0	100.0	66.0	86.0	84.0	78.0	82.0	96.0	70.0	76.0	78.0	74.0	64.0	96.0	50.0	72.0	66.0	82.0	82.0	74.0	62.0	72.0	100.0	70.0	74.0	54.0	76.0	70.0	96.0	62.0	84.0	82.0	62.0	54.0
21.46	74.4	50.0	94.0	68.0	70.0	74.0	94.0	66.0	88.0	74.0	76.0	76.0	70.0	58.0	68.0	66.0	72.0	94.0	58.0	74.0	72.0	108.0	68.0	78.0	64.0	74.0	76.0	72.0	60.0	76.0	64.0	74.0	80.0	80.0	98.0	86.0	70.0	74.0	54.0	62.0	74.0	52.0	84.0	68.0	84.0	82.0	78.0	74.0	76.0	104.0	64.0
21.47	77.92	62.0	76.0	78.0	62.0	104.0	72.0	86.0	102.0	82.0	68.0	84.0	84.0	104.0	66.0	62.0	102.0	82.0	84.0	94.0	74.0	84.0	88.0	68.0	88.0	88.0	96.0	56.0	76.0	58.0	88.0	96.0	70.0	54.0	66.0	58.0	74.0	74.0	78.0	82.0	52.0	66.0	96.0	74.0	60.0	86.0	106.0	62.0	98.0	74.0	52.0
21.48	78.76	82.0	64.0	66.0	106.0	78.0	70.0	76.0	94.0	80.0	76.0	74.0	82.0	74.0	74.0	122.0	98.0	88.0	66.0	88.0	90.0	42.0	60.0	62.0	100.0	90.0	112.0	64.0	88.0	70.0	110.0	90.0	58.0	72.0	86.0	64.0	80.0	58.0	78.0	58.0	84.0	86.0	58.0	80.0	98.0	82.0	68.0	64.0	84.0	74.0	70.0
21.49	79.6	74.0	78.0	78.0	76.0	96.0	64.0	74.0	86.0	100.0	100.0	80.0	74.0	84.0	78.0	66.0	64.0	84.0	86.0	82.0	60.0	102.0	78.0	58.0	46.0	82.0	74.0	66.0	80.0	88.0	66.0	94.0	90.0	80.0	90.0	56.0	70.0	70.0	90.0	84.0	96.0	96.0	90.0	86.0	80.0	70.0	72.0	96.0	78.0	84.0	84.0
21.5	78.04	80.0	74.0	50.0	102.0	72.0	50.0	62.0	80.0	60.0	86.0	90.0	58.0	62.0	88.0	80.0	98.0	80.0	102.0	80.0	54.0	62.0	74.0	68.0	46.0	100.0	74.0	70.0	100.0	76.0	80.0	94.0	76.0	92.0	118.0	56.0	48.0	100.0	90.0	68.0	84.0	88.0	82.0	78.0	74.0	72.0	112.0	80.0	92.0	76.0	64.0
21.51	79.4	42.0	90.0	72.0	74.0	90.0	94.0	76.0	70.0	60.0	84.0	76.0	56.0	72.0	102.0	66.0	90.0	52.0	88.0	66.0	78.0	72.0	90.0	98.0	62.0	84.0	112.0	98.0	68.0	82.0	84.0	92.0	58.0	46.0	96.0	102.0	64.0	86.0	82.0	96.0	84.0	86.0	88.0	82.0	82.0	84.0	82.0	74.0	54.0	102.0	82.0
21.52	82.64	74.0	76.0	90.0	78.0	70.0	64.0	64.0	72.0	100.0	82.0	100.0	94.0	118.0	100.0	116.0	68.0	98.0	76.0	104.0	52.0	74.0	90.0	94.0	70.0	98.0	104.0	78.0	100.0	76.0	74.0	76.0	80.0	80.0	58.0	66.0	82.0	76.0	74.0	52.0	80.0	60.0	102.0	94.0	108.0	72.0	82.0	60.0	70.0	112.0	94.0
21.53	85.04	68.0	88.0	88.0	102.0	112.0	104.0	94.0	72.0	70.0	80.0	78.0	82.0	86.0	100.0	112.0	98.0	114.0	92.0	76.0	74.0	70.0	74.0	112.0	80.0	82.0	84.0	62.0	94.0	76.0	68.0	72.0	104.0	104.0	82.0	74.0	84.0	68.0	68.0	82.0	60.0	84.0	112.0	98.0	92.0	84.0	82.0	66.0	76.0	78.0	90.0
21.54	86.0	90.0	124.0	108.0	116.0	94.0	108.0	92.0	40.0	64.0	104.0	62.0	88.0	68.0	106.0	74.0	80.0	80.0	84.0	70.0	76.0	84.0	92.0	66.0	84.0	86.0	68.0	62.0	80.0	88.0	72.0	108.0	106.0	72.0	96.0	86.0	74.0	70.0	82.0	112.0	90.0	78.0	96.0	104.0	86.0	100.0	96.0	92.0	70.0	80.0	92.0
21.55	88.76	96.0	90.0	80.0	80.0	78.0	96.0	86.0	66.0	114.0	112.0	70.0	94.0	78.0	72.0	78.0	114.0	60.0	96.0	76.0	104.0	106.0	84.0	110.0	100.0	82.0	84.0	118.0	78.0	116.0	74.0	98.0	84.0	82.0	66.0	86.0	62.0	78.0	96.0	84.0	132.0	76.0	110.0	88.0	84.0	66.0	72.0	122.0	84.0	80.0	96.0
21.56	90.72	92.0	120.0	90.0	90.0	86.0	96.0	110.0	98.0	124.0	94.0	116.0	100.0	64.0	128.0	80.0	84.0	102.0	64.0	112.0	94.0	114.0	78.0	82.0	66.0	90.0	82.0	66.0	112.0	102.0	66.0	114.0	64.0	84.0	74.0	82.0	102.0	102.0	76.0	68.0	74.0	68.0	90.0	128.0	106.0	62.0	84.0	84.0	92.0	102.0	78.0
21.57	89.6	92.0	96.0	88.0	76.0	102.0	60.0	64.0	92.0	86.0	82.0	98.0	72.0	74.0	84.0	90.0	76.0	108.0	108.0	86.0	90.0	96.0	126.0	82.0	84.0	102.0	74.0	78.0	102.0	122.0	72.0	94.0	106.0	116.0	58.0	78.0	96.0	92.0	102.0	108.0	96.0	72.0	68.0	68.0	76.0	102.0	116.0	78.0	84.0	132.0	76.0
21.58	96.32	100.0	120.0	98.0	94.0	130.0	112.0	108.0	92.0	106.0	88.0	66.0	96.0	70.0	120.0	88.0	86.0	84.0	104.0	74.0	134.0	76.0	104.0	92.0	68.0	122.0	102.0	88.0	104.0	80.0	104.0	126.0	70.0	82.0	112.0	86.0	86.0	80.0	86.0	100.0	86.0	84.0	114.0	84.0	98.0	84.0	112.0	106.0	88.0	116.0	106.0
21.59	97.92	98.0	98.0	80.0	82.0	76.0	104.0	110.0	108.0	130.0	102.0	92.0	92.0	76.0	102.0	98.0	98.0	100.0	100.0	76.0	96.0	110.0	106.0	94.0	94.0	102.0	82.0	122.0	106.0	88.0	88.0	100.0	114.0	104.0	122.0	76.0	82.0	80.0	110.0	112.0	112.0	96.0	90.0	82.0	100.0	90.0	96.0	94.0	134.0	108.0	84.0
21.6	91.96	98.0	96.0	86.0	104.0	76.0	70.0	92.0	122.0	96.0	90.0	114.0	116.0	74.0	76.0	92.0	90.0	86.0	76.0	56.0	96.0	106.0	90.0	114.0	102.0	62.0	98.0	84.0	100.0	104.0	58.0	82.0	68.0	88.0	106.0	70.0	136.0	120.0	96.0	76.0	78.0	86.0	66.0	92.0	88.0	98.0	112.0	88.0	110.0	96.0	118.0
21.61	99.56	50.0	122.0	108.0	88.0	76.0	128.0	92.0	86.0	116.0	104.0	104.0	88.0	56.0	100.0	90.0	90.0	132.0	132.0	88.0	96.0	100.0	92.0	96.0	102.0	84.0	88.0	110.0	106.0	130.0	124.0	108.0	82.0	86.0	86.0	110.0	134.0	86.0	116.0	114.0	102.0	104.0	126.0	86.0	102.0	90.0	108.0	92.0	96.0	84.0	88.0
21.62	95.52	74.0	104.0	82.0	78.0	118.0	86.0	114.0	98.0	152.0	88.0	124.0	88.0	108.0	86.0	110.0	92.0	106.0	84.0	80.0	78.0	72.0	98.0	104.0	92.0	92.0	106.0	68.0	96.0	88.0	92.0	100.0	96.0	142.0	86.0	76.0	86.0	100.0	102.0	76.0	104.0	132.0	120.0	96.0	72.0	74.0	92.0	84.0	86.0	102.0	92.0
21.63	100.0	88.0	100.0	98.0	88.0	116.0	126.0	92.0	76.0	120.0	80.0	96.0	114.0	98.0	132.0	100.0	106.0	76.0	100.0	66.0	84.0	108.0	106.0	102.0	108.0	138.0	92.0	116.0	124.0	104.0	94.0	98.0	82.0	96.0	112.0	100.0	128.0	126.0	82.0	80.0	90.0	78.0	98.0	110.0	102.0	104.0	82.0	108.0	82.0	116.0	78.0
21.64	103.8	128.0	108.0	122.0	94.0	86.0	72.0	98.0	114.0	90.0	140.0	88.0	102.0	110.0	78.0	68.0	112.0	108.0	108.0	106.0	90.0	106.0	118.0	130.0	134.0	126.0	104.0	72.0	96.0	106.0	80.0	108.0	84.0	114.0	108.0	98.0	94.0	126.0	114.0	94.0	118.0	110.0	98.0	112.0	120.0	120.0	82.0	84.0	106.0	102.0	104.0
21.65	99.0	104.0	82.0	124.0	106.0	100.0	90.0	106.0	130.0	62.0	98.0	134.0	108.0	70.0	114.0	106.0	132.0	142.0	70.0	108.0	92.0	118.0	100.0	116.0	98.0	76.0	82.0	96.0	76.0	116.0	76.0	80.0	98.0	98.0	72.0	100.0	66.0	78.0	110.0	110.0	118.0	84.0	126.0	96.0	82.0	96.0	92.0	118.0	114.0	100.0	80.0
21.66	103.6	72.0	126.0	80.0	128.0	78.0	122.0	106.0	112.0	134.0	90.0	84.0	130.0	106.0	108.0	108.0	98.0	120.0	106.0	80.0	112.0	88.0	96.0	94.0	102.0	96.0	112.0	104.0	134.0	108.0	90.0	106.0	90.0	100.0	104.0	130.0	110.0	98.0	116.0	104.0	104.0	102.0	84.0	110.0	86.0	130.0	78.0	126.0	78.0	92.0	108.0
21.67	112.4	102.0	156.0	136.0	86.0	114.0	66.0	80.0	112.0	118.0	100.0	136.0	110.0	100.0	114.0	104.0	80.0	126.0	80.0	136.0	104.0	62.0	124.0	106.0	98.0	146.0	116.0	122.0	82.0	110.0	128.0	104.0	124.0	126.0	122.0	122.0	98.0	116.0	98.0	112.0	158.0	100.0	116.0	120.0	114.0	138.0	106.0	124.0	132.0	128.0	110.0
21.68	110.6	98.0	122.0	102.0	66.0	112.0	138.0	104.0	124.0	106.0	88.0	90.0	132.0	98.0	146.0	108.0	92.0	144.0	90.0	92.0	120.0	106.0	134.0	108.0	74.0	116.0	78.0	122.0	120.0	132.0	128.0	104.0	88.0	120.0	98.0	70.0	94.0	120.0	108.0	134.0	82.0	112.0	102.0	120.0	132.0	102.0	108.0	126.0	150.0	120.0	148.0
21.69	109.4	112.0	116.0	86.0	120.0	132.0	116.0	118.0	94.0	106.0	116.0	94.0	76.0	90.0	102.0	82.0	126.0	114.0	104.0	118.0	108.0	100.0	146.0	98.0	92.0	122.0	106.0	86.0	86.0	132.0	122.0	118.0	86.0	134.0	104.0	112.0	130.0	96.0	116.0	124.0	102.0	128.0	108.0	90.0	96.0	128.0	122.0	104.0	126.0	118.0	110.0
21.7	113.5	112.0	98.0	80.0	106.0	78.0	102.0	128.0	118.0	124.0	108.0	130.0	116.0	100.0	144.0	102.0	116.0	118.0	90.0	120.0	120.0	108.0	92.0	106.0	114.0	128.0	96.0	122.0	90.0	136.0	110.0	144.0	116.0	118.0	126.0	106.0	96.0	164.0	138.0	100.0	114.0	100.0	102.0	114.0	98.0	140.0	152.0	130.0	96.0	90.0	120.0
21.71	112.9	118.0	98.0	110.0	104.0	94.0	130.0	102.0	122.0	122.0	98.0	106.0	104.0	98.0	102.0	118.0	92.0	114.0	114.0	78.0	136.0	108.0	124.0	122.0	102.0	104.0	118.0	98.0	112.0	116.0	92.0	110.0	110.0	130.0	124.0	94.0	130.0	130.0	98.0	146.0	104.0	104.0	112.0	108.0	134.0	128.0	136.0	128.0	124.0	120.0	118.0
21.72	116.5	118.0	130.0	136.0	120.0	138.0	112.0	106.0	142.0	100.0	134.0	106.0	116.0	134.0	86.0	114.0	150.0	98.0	114.0	128.0	108.0	114.0	118.0	136.0	88.0	122.0	126.0	110.0	134.0	114.0	112.0	144.0	126.0	112.0	96.0	122.0	128.0	120.0	106.0	98.0	94.0	108.0	100.0	76.0	156.0	122.0	118.0	96.0	98.0	118.0	122.0
21.73	113.6	136.0	88.0	130.0	90.0	108.0	126.0	126.0	130.0	122.0	106.0	122.0	74.0	136.0	132.0	92.0	122.0	100.0	126.0	134.0	118.0	114.0	112.0	126.0	82.0	124.0	96.0	96.0	146.0	112.0	112.0	132.0	144.0	100.0	126.0	132.0	86.0	104.0	108.0	94.0	146.0	72.0	98.0	118.0	90.0	110.0	120.0	110.0	134.0	108.0	108.0
21.74	115.8	98.0	104.0	122.0	106.0	112.0	118.0	144.0	128.0	164.0	108.0	112.0	92.0	116.0	114.0	116.0	138.0	114.0	116.0	134.0	100.0	98.0	120.0	112.0	106.0	114.0	90.0	132.0	104.0	116.0	114.0	102.0	110.0	146.0	128.0	134.0	106.0	120.0	136.0	84.0	118.0	106.0	114.0	138.0	100.0	144.0	118.0	100.0	92.0	116.0	118.0
21.75	118.9	118.0	104.0	124.0	122.0	102.0	124.0	148.0	104.0	130.0	116.0	98.0	116.0	108.0	164.0	144.0	124.0	114.0	94.0	130.0	118.0	124.0	104.0	134.0	124.0	86.0	132.0	144.0	116.0	118.0	122.0	136.0	130.0	134.0	112.0	84.0	104.0	128.0	128.0	110.0	102.0	98.0	128.0	94.0	138.0	142.0	118.0	118.0	116.0	90.0	130.0
21.76	119.6	104.0	106.0	118.0	140.0	94.0	76.0	86.0	134.0	140.0	116.0	130.0	100.0	120.0	136.0	100.0	112.0	98.0	142.0	136.0	128.0	120.0	102.0	142.0	136.0	102.0	106.0	132.0	122.0	108.0	126.0	126.0	118.0	150.0	146.0	140.0	94.0	126.0	126.0	80.0	104.0	122.0	82.0	128.0	140.0	130.0	116.0	118.0	146.0	148.0	130.0
21.77	123.2	94.0	156.0	102.0	114.0	138.0	136.0	158.0	118.0	108.0	142.0	126.0	120.0	118.0	116.0	136.0	124.0	128.0	114.0	126.0	112.0	98.0	148.0	140.0	130.0	110.0	120.0	104.0	124.0	152.0	114.0	150.0	156.0	104.0	130.0	146.0	120.0	112.0	120.0	116.0	96.0	128.0	126.0	118.0	100.0	80.0	134.0	118.0	150.0	108.0	120.0
21.78	126.2	164.0	122.0	102.0	126.0	148.0	136.0	170.0	118.0	130.0	126.0	98.0	106.0	108.0	142.0	98.0	140.0	132.0	112.0	118.0	132.0	124.0	124.0	92.0	126.0	124.0	156.0	124.0	152.0	138.0	148.0	140.0	130.0	128.0	164.0	110.0	132.0	140.0	72.0	106.0	126.0	126.0	112.0	116.0	96.0	160.0	150.0	146.0	114.0	108.0	96.0
21.79	120.4	150.0	124.0	136.0	158.0	124.0	132.0	114.0	150.0	140.0	118.0	114.0	88.0	124.0	92.0	116.0	134.0	112.0	110.0	78.0	116.0	86.0	122.0	108.0	146.0	120.0	136.0	130.0	120.0	86.0	110.0	140.0	102.0	82.0	182.0	116.0	116.0	120.0	104.0	126.0	118.0	106.0	126.0	124.0	118.0	126.0	142.0	96.0	142.0	132.0	110.0
21.8	121.4	126.0	140.0	146.0	90.0	134.0	112.0	108.0	92.0	112.0	104.0	118.0	104.0	108.0	110.0	160.0	118.0	108.0	108.0	96.0	132.0	114.0	108.0	120.0	124.0	98.0	148.0	126.0	126.0	118.0	132.0	110.0	134.0	150.0	134.0	122.0	128.0	122.0	142.0	130.0	110.0	160.0	88.0	98.0	142.0	142.0	152.0	110.0	136.0	100.0	120.0
21.81	127.7	112.0	106.0	118.0	154.0	126.0	110.0	98.0	120.0	98.0	128.0	150.0	138.0	120.0	132.0	152.0	116.0	104.0	122.0	140.0	130.0	146.0	132.0	138.0	138.0	164.0	124.0	132.0	100.0	130.0	148.0	130.0	132.0	152.0	124.0	148.0	104.0	108.0	110.0	110.0	140.0	128.0	106.0	154.0	144.0	142.0	128.0	138.0	114.0	126.0	120.0
21.82	132.4	92.0	120.0	146.0	144.0	142.0	108.0	156.0	116.0	100.0	104.0	110.0	130.0	100.0	134.0	142.0	150.0	92.0	152.0	182.0	124.0	146.0	142.0	140.0	140.0	144.0	122.0	132.0	146.0	142.0	162.0	154.0	154.0	166.0	114.0	152.0	136.0	114.0	142.0	138.0	132.0	116.0	124.0	134.0	144.0	136.0	96.0	136.0	132.0	142.0	100.0
21.83	134.3	144.0	138.0	134.0	162.0	138.0	134.0	142.0	98.0	188.0	130.0	146.0	144.0	128.0	138.0	124.0	138.0	128.0	124.0	166.0	120.0	124.0	160.0	136.0	134.0	120.0	132.0	128.0	116.0	156.0	142.0	122.0	138.0	130.0	102.0	118.0	138.0	168.0	150.0	118.0	148.0	104.0	118.0	126.0	152.0	128.0	106.0	126.0	146.0	140.0	124.0
21.84	138.2	102.0	172.0	128.0	168.0	98.0	148.0	130.0	130.0	146.0	140.0	140.0	144.0	134.0	120.0	136.0	104.0	152.0	138.0	128.0	110.0	134.0	100.0	126.0	134.0	170.0	148.0	152.0	148.0	172.0	142.0	104.0	176.0	130.0	122.0	136.0	134.0	174.0	138.0	140.0	138.0	130.0	154.0	124.0	148.0	150.0	156.0	152.0	130.0	140.0	138.0
21.85	131.6	110.0	136.0	114.0	144.0	138.0	120.0	132.0	110.0	154.0	172.0	138.0	152.0	116.0	118.0	118.0	142.0	120.0	110.0	168.0	126.0	118.0	122.0	160.0	164.0	116.0	122.0	114.0	110.0	106.0	92.0	162.0	176.0	144.0	114.0	146.0	124.0	106.0	148.0	128.0	128.0	138.0	140.0	122.0	124.0	162.0	126.0	120.0	134.0	118.0	158.0
21.86	140.4	182.0	150.0	120.0	142.0	134.0	160.0	142.0	136.0	120.0	138.0	122.0	142.0	138.0	130.0	150.0	104.0	178.0	132.0	132.0	110.0	124.0	188.0	146.0	140.0	154.0	178.0	128.0	148.0	124.0	144.0	102.0	130.0	138.0	148.0	138.0	128.0	122.0	136.0	120.0	162.0	154.0	140.0	160.0	142.0	160.0	138.0	154.0	144.0	140.0	130.0
21.87	136.2	134.0	108.0	170.0	124.0	188.0	166.0	176.0	146.0	152.0	122.0	158.0	146.0	152.0	140.0	144.0	132.0	132.0	130.0	118.0	108.0	158.0	162.0	152.0	138.0	128.0	122.0	148.0	126.0	108.0	126.0	128.0	100.0	128.0	118.0	150.0	128.0	144.0	138.0	136.0	94.0	116.0	130.0	138.0	128.0	126.0	130.0	148.0	130.0	158.0	130.0
21.88	138.4	94.0	164.0	122.0	168.0	146.0	164.0	120.0	96.0	128.0	140.0	128.0	146.0	178.0	158.0	124.0	154.0	178.0	118.0	154.0	130.0	154.0	128.0	144.0	142.0	116.0	134.0	122.0	150.0	116.0	136.0	164.0	118.0	122.0	140.0	138.0	90.0	162.0	142.0	140.0	154.0	120.0	150.0	108.0	144.0	140.0	142.0	150.0	156.0	146.0	144.0
21.89	140.3	142.0	168.0	162.0	132.0	164.0	146.0	136.0	138.0	142.0	142.0	128.0	124.0	148.0	124.0	142.0	154.0	176.0	116.0	146.0	132.0	148.0	174.0	128.0	110.0	124.0	114.0	126.0	140.0	170.0	164.0	162.0	142.0	146.0	146.0	140.0	130.0	134.0	112.0	148.0	130.0	136.0	126.0	136.0	144.0	152.0	140.0	112.0	138.0	156.0	126.0
21.9	146.6	150.0	144.0	150.0	156.0	140.0	176.0	180.0	138.0	132.0	130.0	160.0	170.0	130.0	146.0	154.0	174.0	166.0	128.0	138.0	140.0	116.0	126.0	136.0	132.0	132.0	154.0	138.0	126.0	128.0	130.0	142.0	148.0	136.0	130.0	160.0	150.0	100.0	138.0	132.0	184.0	142.0	166.0	142.0	180.0	156.0	162.0	152.0	180.0	186.0	124.0
21.91	145.2	186.0	160.0	154.0	140.0	150.0	152.0	148.0	162.0	148.0	160.0	168.0	140.0	130.0	134.0	144.0	128.0	132.0	144.0	150.0	138.0	106.0	128.0	118.0	118.0	138.0	118.0	170.0	142.0	154.0	142.0	124.0	128.0	172.0	168.0	172.0	124.0	156.0	126.0	128.0	166.0	168.0	122.0	136.0	158.0	166.0	170.0	146.0	142.0	138.0	148.0
21.92	143.1	150.0	116.0	174.0	152.0	136.0	134.0	158.0	118.0	136.0	174.0	76.0	142.0	154.0	142.0	182.0	140.0	134.0	122.0	104.0	138.0	104.0	152.0	148.0	176.0	164.0	182.0	120.0	130.0	164.0	156.0	146.0	144.0	126.0	138.0	116.0	108.0	210.0	164.0	130.0	116.0	128.0	164.0	156.0	130.0	174.0	156.0	148.0	140.0	130.0	152.0
21.93	148.1	146.0	178.0	132.0	138.0	176.0	188.0	132.0	178.0	142.0	140.0	160.0	128.0	176.0	166.0	134.0	160.0	148.0	122.0	154.0	126.0	178.0	156.0	134.0	144.0	168.0	150.0	146.0	166.0	146.0	198.0	130.0	134.0	164.0	150.0	162.0	120.0	130.0	144.0	100.0	88.0	142.0	176.0	148.0	162.0	124.0	152.0	128.0	176.0	134.0	132.0
21.94	148.6	132.0	134.0	134.0	120.0	118.0	170.0	144.0	142.0	120.0	128.0	156.0	174.0	176.0	142.0	130.0	128.0	146.0	184.0	166.0	184.0	144.0	154.0	170.0	146.0	130.0	114.0	160.0	108.0	142.0	146.0	156.0	146.0	136.0	150.0	132.0	156.0	170.0	140.0	172.0	172.0	164.0	182.0	162.0	116.0	168.0	152.0	150.0	168.0	172.0	124.0
21.95	148.6	138.0	162.0	112.0	156.0	182.0	142.0	182.0	126.0	156.0	162.0	134.0	176.0	140.0	128.0	136.0	134.0	132.0	154.0	196.0	116.0	150.0	162.0	134.0	138.0	150.0	158.0	148.0	158.0	156.0	106.0	128.0	144.0	118.0	158.0	130.0	144.0	170.0	146.0	162.0	142.0	138.0	160.0	160.0	160.0	136.0	166.0	156.0	154.0	160.0	172.0
21.96	155.4	164.0	166.0	174.0	180.0	146.0	140.0	152.0	124.0	124.0	184.0	148.0	148.0	174.0	114.0	136.0	134.0	152.0	160.0	134.0	128.0	162.0	156.0	200.0	148.0	160.0	138.0	136.0	176.0	186.0	188.0	146.0	146.0	216.0	148.0	138.0	196.0	172.0	150.0	148.0	180.0	150.0	142.0	146.0	164.0	150.0	142.0	152.0	136.0	156.0	158.0
21.97	155.4	150.0	152.0	160.0	210.0	168.0	172.0	150.0	128.0	154.0	102.0	152.0	198.0	154.0	170.0	132.0	160.0	132.0	172.0	162.0	130.0	142.0	148.0	192.0	146.0	142.0	196.0	160.0	134.0	166.0	156.0	136.0	178.0	144.0	182.0	154.0	174.0	158.0	148.0	154.0	166.0	178.0	162.0	144.0	168.0	130.0	136.0	148.0	158.0	130.0	130.0
21.98	152.6	178.0	174.0	152.0	152.0	148.0	148.0	162.0	178.0	150.0	138.0	178.0	148.0	138.0	144.0	148.0	162.0	144.0	166.0	108.0	148.0	144.0	158.0	164.0	136.0	150.0	162.0	152.0	130.0	122.0	176.0	138.0	170.0	150.0	130.0	172.0	148.0	158.0	150.0	148.0	124.0	136.0	158.0	212.0	178.0	156.0	180.0	132.0	124.0	132.0	174.0
21.99	158.7	210.0	162.0	182.0	172.0	176.0	162.0	134.0	150.0	188.0	184.0	188.0	124.0	184.0	104.0	144.0	120.0	132.0	170.0	106.0	176.0	152.0	168.0	128.0	172.0	150.0	154.0	172.0	140.0	194.0	182.0	156.0	148.0	134.0	174.0	164.0	136.0	188.0	162.0	146.0	162.0	154.0	134.0	164.0	178.0	142.0	138.0	180.0	166.0	156.0	174.0
22.0	158.4	148.0	140.0	130.0	190.0	178.0	116.0	140.0	150.0	130.0	164.0	180.0	154.0	134.0	214.0	220.0	204.0	132.0	142.0	174.0	142.0	154.0	148.0	138.0	148.0	170.0	158.0	146.0	188.0	162.0	122.0	136.0	158.0	132.0	132.0	142.0	166.0	162.0	178.0	168.0	166.0	188.0	156.0	172.0	172.0	170.0	196.0	158.0	166.0	152.0	136.0
