# SCAN started at: 2017-03-22 12:56:21																																																																																																					
# Elen_Scan Mass: 110.7 Resolution: 30																																																																																																					
# ----------------------------------------	22.03.2017/160C/110.7																																																																																																				
5	3.037	0	6	6	2	0	0	0	0	0	6	0	0	6	2	2	2	2	0	10	0	0	10	10	0	4	6	8	2	2	4	8	2	6	6	6	4	4	2	2	2	4	0	2	2	4	4	0	0	4	0	2	2	4	8	0	6	0	0	6	2	0	0	6	10	0	0	8	0	6	4	0	0	6	0	4	8	2	0	10	0	0	0	0	0	0	0	0	0	0	0	0	0	0	0	0	0	0	0	0	0
5.03	0	0	0	0	0	0	0	0	0	0	0	0	0	0	0	0	0	0	0	0	0	0	0	0	0	0	0	0	0	0	0	0	0	0	0	0	0	0	0	0	0	0	0	0	0	0	0	0	0	0	0	0	0	0	0	0	0	0	0	0	0	0	0	0	0	0	0	0	0	0	0	0	0	0	0	0	0	0	0	0	0	0	0	0	0	0	0	0	0	0	0	0	0	0	0	0	0	0	0	0	0
5.06	0.02469	0	0	0	0	0	0	0	0	0	0	0	0	0	0	0	0	0	0	0	0	0	0	0	0	0	0	0	0	0	0	0	0	0	0	0	0	0	0	0	0	2	0	0	0	0	0	0	0	0	0	0	0	0	0	0	0	0	0	0	0	0	0	0	0	0	0	0	0	0	0	0	0	0	0	0	0	0	0	0	0	0	0	0	0	0	0	0	0	0	0	0	0	0	0	0	0	0	0	0	0
5.09	0	0	0	0	0	0	0	0	0	0	0	0	0	0	0	0	0	0	0	0	0	0	0	0	0	0	0	0	0	0	0	0	0	0	0	0	0	0	0	0	0	0	0	0	0	0	0	0	0	0	0	0	0	0	0	0	0	0	0	0	0	0	0	0	0	0	0	0	0	0	0	0	0	0	0	0	0	0	0	0	0	0	0	0	0	0	0	0	0	0	0	0	0	0	0	0	0	0	0	0	0
5.12	0	0	0	0	0	0	0	0	0	0	0	0	0	0	0	0	0	0	0	0	0	0	0	0	0	0	0	0	0	0	0	0	0	0	0	0	0	0	0	0	0	0	0	0	0	0	0	0	0	0	0	0	0	0	0	0	0	0	0	0	0	0	0	0	0	0	0	0	0	0	0	0	0	0	0	0	0	0	0	0	0	0	0	0	0	0	0	0	0	0	0	0	0	0	0	0	0	0	0	0	0
5.15	0	0	0	0	0	0	0	0	0	0	0	0	0	0	0	0	0	0	0	0	0	0	0	0	0	0	0	0	0	0	0	0	0	0	0	0	0	0	0	0	0	0	0	0	0	0	0	0	0	0	0	0	0	0	0	0	0	0	0	0	0	0	0	0	0	0	0	0	0	0	0	0	0	0	0	0	0	0	0	0	0	0	0	0	0	0	0	0	0	0	0	0	0	0	0	0	0	0	0	0	0
5.18	0	0	0	0	0	0	0	0	0	0	0	0	0	0	0	0	0	0	0	0	0	0	0	0	0	0	0	0	0	0	0	0	0	0	0	0	0	0	0	0	0	0	0	0	0	0	0	0	0	0	0	0	0	0	0	0	0	0	0	0	0	0	0	0	0	0	0	0	0	0	0	0	0	0	0	0	0	0	0	0	0	0	0	0	0	0	0	0	0	0	0	0	0	0	0	0	0	0	0	0	0
5.21	0	0	0	0	0	0	0	0	0	0	0	0	0	0	0	0	0	0	0	0	0	0	0	0	0	0	0	0	0	0	0	0	0	0	0	0	0	0	0	0	0	0	0	0	0	0	0	0	0	0	0	0	0	0	0	0	0	0	0	0	0	0	0	0	0	0	0	0	0	0	0	0	0	0	0	0	0	0	0	0	0	0	0	0	0	0	0	0	0	0	0	0	0	0	0	0	0	0	0	0	0
5.24	0	0	0	0	0	0	0	0	0	0	0	0	0	0	0	0	0	0	0	0	0	0	0	0	0	0	0	0	0	0	0	0	0	0	0	0	0	0	0	0	0	0	0	0	0	0	0	0	0	0	0	0	0	0	0	0	0	0	0	0	0	0	0	0	0	0	0	0	0	0	0	0	0	0	0	0	0	0	0	0	0	0	0	0	0	0	0	0	0	0	0	0	0	0	0	0	0	0	0	0	0
5.27	0	0	0	0	0	0	0	0	0	0	0	0	0	0	0	0	0	0	0	0	0	0	0	0	0	0	0	0	0	0	0	0	0	0	0	0	0	0	0	0	0	0	0	0	0	0	0	0	0	0	0	0	0	0	0	0	0	0	0	0	0	0	0	0	0	0	0	0	0	0	0	0	0	0	0	0	0	0	0	0	0	0	0	0	0	0	0	0	0	0	0	0	0	0	0	0	0	0	0	0	0
5.3	0	0	0	0	0	0	0	0	0	0	0	0	0	0	0	0	0	0	0	0	0	0	0	0	0	0	0	0	0	0	0	0	0	0	0	0	0	0	0	0	0	0	0	0	0	0	0	0	0	0	0	0	0	0	0	0	0	0	0	0	0	0	0	0	0	0	0	0	0	0	0	0	0	0	0	0	0	0	0	0	0	0	0	0	0	0	0	0	0	0	0	0	0	0	0	0	0	0	0	0	0
5.33	0	0	0	0	0	0	0	0	0	0	0	0	0	0	0	0	0	0	0	0	0	0	0	0	0	0	0	0	0	0	0	0	0	0	0	0	0	0	0	0	0	0	0	0	0	0	0	0	0	0	0	0	0	0	0	0	0	0	0	0	0	0	0	0	0	0	0	0	0	0	0	0	0	0	0	0	0	0	0	0	0	0	0	0	0	0	0	0	0	0	0	0	0	0	0	0	0	0	0	0	0
5.36	0	0	0	0	0	0	0	0	0	0	0	0	0	0	0	0	0	0	0	0	0	0	0	0	0	0	0	0	0	0	0	0	0	0	0	0	0	0	0	0	0	0	0	0	0	0	0	0	0	0	0	0	0	0	0	0	0	0	0	0	0	0	0	0	0	0	0	0	0	0	0	0	0	0	0	0	0	0	0	0	0	0	0	0	0	0	0	0	0	0	0	0	0	0	0	0	0	0	0	0	0
5.39	0.025	0	0	0	0	0	0	0	0	0	0	0	0	0	0	0	0	0	0	0	0	0	0	0	0	0	0	0	0	0	0	0	0	0	0	0	0	0	0	0	0	0	0	0	0	0	0	0	0	0	0	0	0	0	0	0	0	0	0	0	0	0	0	0	0	0	0	0	0	0	0	2	0	0	0	0	0	0	0	0	0	0	0	0	0	0	0	0	0	0	0	0	0	0	0	0	0	0	0	0	0
5.42	0	0	0	0	0	0	0	0	0	0	0	0	0	0	0	0	0	0	0	0	0	0	0	0	0	0	0	0	0	0	0	0	0	0	0	0	0	0	0	0	0	0	0	0	0	0	0	0	0	0	0	0	0	0	0	0	0	0	0	0	0	0	0	0	0	0	0	0	0	0	0	0	0	0	0	0	0	0	0	0	0	0	0	0	0	0	0	0	0	0	0	0	0	0	0	0	0	0	0	0	0
5.45	0	0	0	0	0	0	0	0	0	0	0	0	0	0	0	0	0	0	0	0	0	0	0	0	0	0	0	0	0	0	0	0	0	0	0	0	0	0	0	0	0	0	0	0	0	0	0	0	0	0	0	0	0	0	0	0	0	0	0	0	0	0	0	0	0	0	0	0	0	0	0	0	0	0	0	0	0	0	0	0	0	0	0	0	0	0	0	0	0	0	0	0	0	0	0	0	0	0	0	0	0
5.48	0	0	0	0	0	0	0	0	0	0	0	0	0	0	0	0	0	0	0	0	0	0	0	0	0	0	0	0	0	0	0	0	0	0	0	0	0	0	0	0	0	0	0	0	0	0	0	0	0	0	0	0	0	0	0	0	0	0	0	0	0	0	0	0	0	0	0	0	0	0	0	0	0	0	0	0	0	0	0	0	0	0	0	0	0	0	0	0	0	0	0	0	0	0	0	0	0	0	0	0	0
5.51	0	0	0	0	0	0	0	0	0	0	0	0	0	0	0	0	0	0	0	0	0	0	0	0	0	0	0	0	0	0	0	0	0	0	0	0	0	0	0	0	0	0	0	0	0	0	0	0	0	0	0	0	0	0	0	0	0	0	0	0	0	0	0	0	0	0	0	0	0	0	0	0	0	0	0	0	0	0	0	0	0	0	0	0	0	0	0	0	0	0	0	0	0	0	0	0	0	0	0	0	0
5.54	0	0	0	0	0	0	0	0	0	0	0	0	0	0	0	0	0	0	0	0	0	0	0	0	0	0	0	0	0	0	0	0	0	0	0	0	0	0	0	0	0	0	0	0	0	0	0	0	0	0	0	0	0	0	0	0	0	0	0	0	0	0	0	0	0	0	0	0	0	0	0	0	0	0	0	0	0	0	0	0	0	0	0	0	0	0	0	0	0	0	0	0	0	0	0	0	0	0	0	0	0
5.57	0	0	0	0	0	0	0	0	0	0	0	0	0	0	0	0	0	0	0	0	0	0	0	0	0	0	0	0	0	0	0	0	0	0	0	0	0	0	0	0	0	0	0	0	0	0	0	0	0	0	0	0	0	0	0	0	0	0	0	0	0	0	0	0	0	0	0	0	0	0	0	0	0	0	0	0	0	0	0	0	0	0	0	0	0	0	0	0	0	0	0	0	0	0	0	0	0	0	0	0	0
5.6	0	0	0	0	0	0	0	0	0	0	0	0	0	0	0	0	0	0	0	0	0	0	0	0	0	0	0	0	0	0	0	0	0	0	0	0	0	0	0	0	0	0	0	0	0	0	0	0	0	0	0	0	0	0	0	0	0	0	0	0	0	0	0	0	0	0	0	0	0	0	0	0	0	0	0	0	0	0	0	0	0	0	0	0	0	0	0	0	0	0	0	0	0	0	0	0	0	0	0	0	0
5.63	0	0	0	0	0	0	0	0	0	0	0	0	0	0	0	0	0	0	0	0	0	0	0	0	0	0	0	0	0	0	0	0	0	0	0	0	0	0	0	0	0	0	0	0	0	0	0	0	0	0	0	0	0	0	0	0	0	0	0	0	0	0	0	0	0	0	0	0	0	0	0	0	0	0	0	0	0	0	0	0	0	0	0	0	0	0	0	0	0	0	0	0	0	0	0	0	0	0	0	0	0
5.66	0	0	0	0	0	0	0	0	0	0	0	0	0	0	0	0	0	0	0	0	0	0	0	0	0	0	0	0	0	0	0	0	0	0	0	0	0	0	0	0	0	0	0	0	0	0	0	0	0	0	0	0	0	0	0	0	0	0	0	0	0	0	0	0	0	0	0	0	0	0	0	0	0	0	0	0	0	0	0	0	0	0	0	0	0	0	0	0	0	0	0	0	0	0	0	0	0	0	0	0	0
5.69	0	0	0	0	0	0	0	0	0	0	0	0	0	0	0	0	0	0	0	0	0	0	0	0	0	0	0	0	0	0	0	0	0	0	0	0	0	0	0	0	0	0	0	0	0	0	0	0	0	0	0	0	0	0	0	0	0	0	0	0	0	0	0	0	0	0	0	0	0	0	0	0	0	0	0	0	0	0	0	0	0	0	0	0	0	0	0	0	0	0	0	0	0	0	0	0	0	0	0	0	0
5.72	0	0	0	0	0	0	0	0	0	0	0	0	0	0	0	0	0	0	0	0	0	0	0	0	0	0	0	0	0	0	0	0	0	0	0	0	0	0	0	0	0	0	0	0	0	0	0	0	0	0	0	0	0	0	0	0	0	0	0	0	0	0	0	0	0	0	0	0	0	0	0	0	0	0	0	0	0	0	0	0	0	0	0	0	0	0	0	0	0	0	0	0	0	0	0	0	0	0	0	0	0
5.75	0	0	0	0	0	0	0	0	0	0	0	0	0	0	0	0	0	0	0	0	0	0	0	0	0	0	0	0	0	0	0	0	0	0	0	0	0	0	0	0	0	0	0	0	0	0	0	0	0	0	0	0	0	0	0	0	0	0	0	0	0	0	0	0	0	0	0	0	0	0	0	0	0	0	0	0	0	0	0	0	0	0	0	0	0	0	0	0	0	0	0	0	0	0	0	0	0	0	0	0	0
5.78	0	0	0	0	0	0	0	0	0	0	0	0	0	0	0	0	0	0	0	0	0	0	0	0	0	0	0	0	0	0	0	0	0	0	0	0	0	0	0	0	0	0	0	0	0	0	0	0	0	0	0	0	0	0	0	0	0	0	0	0	0	0	0	0	0	0	0	0	0	0	0	0	0	0	0	0	0	0	0	0	0	0	0	0	0	0	0	0	0	0	0	0	0	0	0	0	0	0	0	0	0
5.81	0	0	0	0	0	0	0	0	0	0	0	0	0	0	0	0	0	0	0	0	0	0	0	0	0	0	0	0	0	0	0	0	0	0	0	0	0	0	0	0	0	0	0	0	0	0	0	0	0	0	0	0	0	0	0	0	0	0	0	0	0	0	0	0	0	0	0	0	0	0	0	0	0	0	0	0	0	0	0	0	0	0	0	0	0	0	0	0	0	0	0	0	0	0	0	0	0	0	0	0	0
5.84	0	0	0	0	0	0	0	0	0	0	0	0	0	0	0	0	0	0	0	0	0	0	0	0	0	0	0	0	0	0	0	0	0	0	0	0	0	0	0	0	0	0	0	0	0	0	0	0	0	0	0	0	0	0	0	0	0	0	0	0	0	0	0	0	0	0	0	0	0	0	0	0	0	0	0	0	0	0	0	0	0	0	0	0	0	0	0	0	0	0	0	0	0	0	0	0	0	0	0	0	0
5.87	0	0	0	0	0	0	0	0	0	0	0	0	0	0	0	0	0	0	0	0	0	0	0	0	0	0	0	0	0	0	0	0	0	0	0	0	0	0	0	0	0	0	0	0	0	0	0	0	0	0	0	0	0	0	0	0	0	0	0	0	0	0	0	0	0	0	0	0	0	0	0	0	0	0	0	0	0	0	0	0	0	0	0	0	0	0	0	0	0	0	0	0	0	0	0	0	0	0	0	0	0
5.9	0	0	0	0	0	0	0	0	0	0	0	0	0	0	0	0	0	0	0	0	0	0	0	0	0	0	0	0	0	0	0	0	0	0	0	0	0	0	0	0	0	0	0	0	0	0	0	0	0	0	0	0	0	0	0	0	0	0	0	0	0	0	0	0	0	0	0	0	0	0	0	0	0	0	0	0	0	0	0	0	0	0	0	0	0	0	0	0	0	0	0	0	0	0	0	0	0	0	0	0	0
5.93	0	0	0	0	0	0	0	0	0	0	0	0	0	0	0	0	0	0	0	0	0	0	0	0	0	0	0	0	0	0	0	0	0	0	0	0	0	0	0	0	0	0	0	0	0	0	0	0	0	0	0	0	0	0	0	0	0	0	0	0	0	0	0	0	0	0	0	0	0	0	0	0	0	0	0	0	0	0	0	0	0	0	0	0	0	0	0	0	0	0	0	0	0	0	0	0	0	0	0	0	0
5.96	0	0	0	0	0	0	0	0	0	0	0	0	0	0	0	0	0	0	0	0	0	0	0	0	0	0	0	0	0	0	0	0	0	0	0	0	0	0	0	0	0	0	0	0	0	0	0	0	0	0	0	0	0	0	0	0	0	0	0	0	0	0	0	0	0	0	0	0	0	0	0	0	0	0	0	0	0	0	0	0	0	0	0	0	0	0	0	0	0	0	0	0	0	0	0	0	0	0	0	0	0
5.99	0	0	0	0	0	0	0	0	0	0	0	0	0	0	0	0	0	0	0	0	0	0	0	0	0	0	0	0	0	0	0	0	0	0	0	0	0	0	0	0	0	0	0	0	0	0	0	0	0	0	0	0	0	0	0	0	0	0	0	0	0	0	0	0	0	0	0	0	0	0	0	0	0	0	0	0	0	0	0	0	0	0	0	0	0	0	0	0	0	0	0	0	0	0	0	0	0	0	0	0	0
6.02	0.025	0	0	0	0	0	0	0	0	0	0	0	0	0	0	0	0	0	0	0	0	0	0	0	0	0	0	0	0	0	0	0	0	0	0	0	0	0	0	0	0	0	0	0	0	0	0	0	2	0	0	0	0	0	0	0	0	0	0	0	0	0	0	0	0	0	0	0	0	0	0	0	0	0	0	0	0	0	0	0	0	0	0	0	0	0	0	0	0	0	0	0	0	0	0	0	0	0	0	0	0
6.05	0	0	0	0	0	0	0	0	0	0	0	0	0	0	0	0	0	0	0	0	0	0	0	0	0	0	0	0	0	0	0	0	0	0	0	0	0	0	0	0	0	0	0	0	0	0	0	0	0	0	0	0	0	0	0	0	0	0	0	0	0	0	0	0	0	0	0	0	0	0	0	0	0	0	0	0	0	0	0	0	0	0	0	0	0	0	0	0	0	0	0	0	0	0	0	0	0	0	0	0	0
6.08	0.025	0	0	0	0	0	0	0	0	0	0	0	0	0	0	0	0	0	0	0	0	0	0	0	0	0	0	0	0	0	0	0	0	0	0	0	0	0	0	0	0	0	0	0	0	0	0	0	0	0	0	0	0	0	0	0	0	0	0	0	2	0	0	0	0	0	0	0	0	0	0	0	0	0	0	0	0	0	0	0	0	0	0	0	0	0	0	0	0	0	0	0	0	0	0	0	0	0	0	0	0
6.11	0	0	0	0	0	0	0	0	0	0	0	0	0	0	0	0	0	0	0	0	0	0	0	0	0	0	0	0	0	0	0	0	0	0	0	0	0	0	0	0	0	0	0	0	0	0	0	0	0	0	0	0	0	0	0	0	0	0	0	0	0	0	0	0	0	0	0	0	0	0	0	0	0	0	0	0	0	0	0	0	0	0	0	0	0	0	0	0	0	0	0	0	0	0	0	0	0	0	0	0	0
6.14	0	0	0	0	0	0	0	0	0	0	0	0	0	0	0	0	0	0	0	0	0	0	0	0	0	0	0	0	0	0	0	0	0	0	0	0	0	0	0	0	0	0	0	0	0	0	0	0	0	0	0	0	0	0	0	0	0	0	0	0	0	0	0	0	0	0	0	0	0	0	0	0	0	0	0	0	0	0	0	0	0	0	0	0	0	0	0	0	0	0	0	0	0	0	0	0	0	0	0	0	0
6.17	0	0	0	0	0	0	0	0	0	0	0	0	0	0	0	0	0	0	0	0	0	0	0	0	0	0	0	0	0	0	0	0	0	0	0	0	0	0	0	0	0	0	0	0	0	0	0	0	0	0	0	0	0	0	0	0	0	0	0	0	0	0	0	0	0	0	0	0	0	0	0	0	0	0	0	0	0	0	0	0	0	0	0	0	0	0	0	0	0	0	0	0	0	0	0	0	0	0	0	0	0
6.2	0	0	0	0	0	0	0	0	0	0	0	0	0	0	0	0	0	0	0	0	0	0	0	0	0	0	0	0	0	0	0	0	0	0	0	0	0	0	0	0	0	0	0	0	0	0	0	0	0	0	0	0	0	0	0	0	0	0	0	0	0	0	0	0	0	0	0	0	0	0	0	0	0	0	0	0	0	0	0	0	0	0	0	0	0	0	0	0	0	0	0	0	0	0	0	0	0	0	0	0	0
6.23	0.025	0	0	0	0	0	0	0	0	0	0	0	0	0	0	0	0	2	0	0	0	0	0	0	0	0	0	0	0	0	0	0	0	0	0	0	0	0	0	0	0	0	0	0	0	0	0	0	0	0	0	0	0	0	0	0	0	0	0	0	0	0	0	0	0	0	0	0	0	0	0	0	0	0	0	0	0	0	0	0	0	0	0	0	0	0	0	0	0	0	0	0	0	0	0	0	0	0	0	0	0
6.26	0	0	0	0	0	0	0	0	0	0	0	0	0	0	0	0	0	0	0	0	0	0	0	0	0	0	0	0	0	0	0	0	0	0	0	0	0	0	0	0	0	0	0	0	0	0	0	0	0	0	0	0	0	0	0	0	0	0	0	0	0	0	0	0	0	0	0	0	0	0	0	0	0	0	0	0	0	0	0	0	0	0	0	0	0	0	0	0	0	0	0	0	0	0	0	0	0	0	0	0	0
6.29	0	0	0	0	0	0	0	0	0	0	0	0	0	0	0	0	0	0	0	0	0	0	0	0	0	0	0	0	0	0	0	0	0	0	0	0	0	0	0	0	0	0	0	0	0	0	0	0	0	0	0	0	0	0	0	0	0	0	0	0	0	0	0	0	0	0	0	0	0	0	0	0	0	0	0	0	0	0	0	0	0	0	0	0	0	0	0	0	0	0	0	0	0	0	0	0	0	0	0	0	0
6.32	0	0	0	0	0	0	0	0	0	0	0	0	0	0	0	0	0	0	0	0	0	0	0	0	0	0	0	0	0	0	0	0	0	0	0	0	0	0	0	0	0	0	0	0	0	0	0	0	0	0	0	0	0	0	0	0	0	0	0	0	0	0	0	0	0	0	0	0	0	0	0	0	0	0	0	0	0	0	0	0	0	0	0	0	0	0	0	0	0	0	0	0	0	0	0	0	0	0	0	0	0
6.35	0	0	0	0	0	0	0	0	0	0	0	0	0	0	0	0	0	0	0	0	0	0	0	0	0	0	0	0	0	0	0	0	0	0	0	0	0	0	0	0	0	0	0	0	0	0	0	0	0	0	0	0	0	0	0	0	0	0	0	0	0	0	0	0	0	0	0	0	0	0	0	0	0	0	0	0	0	0	0	0	0	0	0	0	0	0	0	0	0	0	0	0	0	0	0	0	0	0	0	0	0
6.38	0	0	0	0	0	0	0	0	0	0	0	0	0	0	0	0	0	0	0	0	0	0	0	0	0	0	0	0	0	0	0	0	0	0	0	0	0	0	0	0	0	0	0	0	0	0	0	0	0	0	0	0	0	0	0	0	0	0	0	0	0	0	0	0	0	0	0	0	0	0	0	0	0	0	0	0	0	0	0	0	0	0	0	0	0	0	0	0	0	0	0	0	0	0	0	0	0	0	0	0	0
6.41	0	0	0	0	0	0	0	0	0	0	0	0	0	0	0	0	0	0	0	0	0	0	0	0	0	0	0	0	0	0	0	0	0	0	0	0	0	0	0	0	0	0	0	0	0	0	0	0	0	0	0	0	0	0	0	0	0	0	0	0	0	0	0	0	0	0	0	0	0	0	0	0	0	0	0	0	0	0	0	0	0	0	0	0	0	0	0	0	0	0	0	0	0	0	0	0	0	0	0	0	0
6.44	0.05	0	0	0	0	0	0	0	0	0	0	0	0	0	0	0	0	0	0	0	0	0	0	0	0	0	0	0	0	0	0	0	0	0	0	0	0	0	0	0	0	2	0	0	0	0	0	0	0	0	0	0	0	0	0	0	0	0	0	0	0	0	0	0	0	2	0	0	0	0	0	0	0	0	0	0	0	0	0	0	0	0	0	0	0	0	0	0	0	0	0	0	0	0	0	0	0	0	0	0	0
6.47	0	0	0	0	0	0	0	0	0	0	0	0	0	0	0	0	0	0	0	0	0	0	0	0	0	0	0	0	0	0	0	0	0	0	0	0	0	0	0	0	0	0	0	0	0	0	0	0	0	0	0	0	0	0	0	0	0	0	0	0	0	0	0	0	0	0	0	0	0	0	0	0	0	0	0	0	0	0	0	0	0	0	0	0	0	0	0	0	0	0	0	0	0	0	0	0	0	0	0	0	0
6.5	0.025	0	0	0	0	0	0	0	0	0	0	0	0	0	0	0	0	0	0	0	0	0	0	0	0	0	0	0	0	0	0	0	2	0	0	0	0	0	0	0	0	0	0	0	0	0	0	0	0	0	0	0	0	0	0	0	0	0	0	0	0	0	0	0	0	0	0	0	0	0	0	0	0	0	0	0	0	0	0	0	0	0	0	0	0	0	0	0	0	0	0	0	0	0	0	0	0	0	0	0	0
6.53	0	0	0	0	0	0	0	0	0	0	0	0	0	0	0	0	0	0	0	0	0	0	0	0	0	0	0	0	0	0	0	0	0	0	0	0	0	0	0	0	0	0	0	0	0	0	0	0	0	0	0	0	0	0	0	0	0	0	0	0	0	0	0	0	0	0	0	0	0	0	0	0	0	0	0	0	0	0	0	0	0	0	0	0	0	0	0	0	0	0	0	0	0	0	0	0	0	0	0	0	0
6.56	0	0	0	0	0	0	0	0	0	0	0	0	0	0	0	0	0	0	0	0	0	0	0	0	0	0	0	0	0	0	0	0	0	0	0	0	0	0	0	0	0	0	0	0	0	0	0	0	0	0	0	0	0	0	0	0	0	0	0	0	0	0	0	0	0	0	0	0	0	0	0	0	0	0	0	0	0	0	0	0	0	0	0	0	0	0	0	0	0	0	0	0	0	0	0	0	0	0	0	0	0
6.59	0.025	0	2	0	0	0	0	0	0	0	0	0	0	0	0	0	0	0	0	0	0	0	0	0	0	0	0	0	0	0	0	0	0	0	0	0	0	0	0	0	0	0	0	0	0	0	0	0	0	0	0	0	0	0	0	0	0	0	0	0	0	0	0	0	0	0	0	0	0	0	0	0	0	0	0	0	0	0	0	0	0	0	0	0	0	0	0	0	0	0	0	0	0	0	0	0	0	0	0	0	0
6.62	0	0	0	0	0	0	0	0	0	0	0	0	0	0	0	0	0	0	0	0	0	0	0	0	0	0	0	0	0	0	0	0	0	0	0	0	0	0	0	0	0	0	0	0	0	0	0	0	0	0	0	0	0	0	0	0	0	0	0	0	0	0	0	0	0	0	0	0	0	0	0	0	0	0	0	0	0	0	0	0	0	0	0	0	0	0	0	0	0	0	0	0	0	0	0	0	0	0	0	0	0
6.65	0.025	0	0	0	0	0	0	0	0	0	0	0	0	0	0	0	0	0	0	0	0	0	0	0	0	0	0	0	2	0	0	0	0	0	0	0	0	0	0	0	0	0	0	0	0	0	0	0	0	0	0	0	0	0	0	0	0	0	0	0	0	0	0	0	0	0	0	0	0	0	0	0	0	0	0	0	0	0	0	0	0	0	0	0	0	0	0	0	0	0	0	0	0	0	0	0	0	0	0	0	0
6.68	0.025	0	0	0	0	0	0	0	0	0	0	0	0	0	0	0	0	0	0	0	0	0	0	0	0	0	0	0	0	0	0	0	0	0	0	0	0	0	0	0	0	0	0	2	0	0	0	0	0	0	0	0	0	0	0	0	0	0	0	0	0	0	0	0	0	0	0	0	0	0	0	0	0	0	0	0	0	0	0	0	0	0	0	0	0	0	0	0	0	0	0	0	0	0	0	0	0	0	0	0	0
6.71	0	0	0	0	0	0	0	0	0	0	0	0	0	0	0	0	0	0	0	0	0	0	0	0	0	0	0	0	0	0	0	0	0	0	0	0	0	0	0	0	0	0	0	0	0	0	0	0	0	0	0	0	0	0	0	0	0	0	0	0	0	0	0	0	0	0	0	0	0	0	0	0	0	0	0	0	0	0	0	0	0	0	0	0	0	0	0	0	0	0	0	0	0	0	0	0	0	0	0	0	0
6.74	0	0	0	0	0	0	0	0	0	0	0	0	0	0	0	0	0	0	0	0	0	0	0	0	0	0	0	0	0	0	0	0	0	0	0	0	0	0	0	0	0	0	0	0	0	0	0	0	0	0	0	0	0	0	0	0	0	0	0	0	0	0	0	0	0	0	0	0	0	0	0	0	0	0	0	0	0	0	0	0	0	0	0	0	0	0	0	0	0	0	0	0	0	0	0	0	0	0	0	0	0
6.77	0.025	0	0	0	0	0	0	0	0	0	0	0	0	0	0	0	0	0	0	0	0	0	0	0	0	0	0	0	0	0	0	0	0	0	2	0	0	0	0	0	0	0	0	0	0	0	0	0	0	0	0	0	0	0	0	0	0	0	0	0	0	0	0	0	0	0	0	0	0	0	0	0	0	0	0	0	0	0	0	0	0	0	0	0	0	0	0	0	0	0	0	0	0	0	0	0	0	0	0	0	0
6.8	0	0	0	0	0	0	0	0	0	0	0	0	0	0	0	0	0	0	0	0	0	0	0	0	0	0	0	0	0	0	0	0	0	0	0	0	0	0	0	0	0	0	0	0	0	0	0	0	0	0	0	0	0	0	0	0	0	0	0	0	0	0	0	0	0	0	0	0	0	0	0	0	0	0	0	0	0	0	0	0	0	0	0	0	0	0	0	0	0	0	0	0	0	0	0	0	0	0	0	0	0
6.83	0.05	0	0	0	0	0	0	0	0	0	0	0	0	0	0	0	0	0	0	0	2	0	0	0	0	0	0	0	0	0	0	0	0	0	0	0	0	0	0	0	0	0	0	0	0	0	0	0	2	0	0	0	0	0	0	0	0	0	0	0	0	0	0	0	0	0	0	0	0	0	0	0	0	0	0	0	0	0	0	0	0	0	0	0	0	0	0	0	0	0	0	0	0	0	0	0	0	0	0	0	0
6.86	0	0	0	0	0	0	0	0	0	0	0	0	0	0	0	0	0	0	0	0	0	0	0	0	0	0	0	0	0	0	0	0	0	0	0	0	0	0	0	0	0	0	0	0	0	0	0	0	0	0	0	0	0	0	0	0	0	0	0	0	0	0	0	0	0	0	0	0	0	0	0	0	0	0	0	0	0	0	0	0	0	0	0	0	0	0	0	0	0	0	0	0	0	0	0	0	0	0	0	0	0
6.89	0	0	0	0	0	0	0	0	0	0	0	0	0	0	0	0	0	0	0	0	0	0	0	0	0	0	0	0	0	0	0	0	0	0	0	0	0	0	0	0	0	0	0	0	0	0	0	0	0	0	0	0	0	0	0	0	0	0	0	0	0	0	0	0	0	0	0	0	0	0	0	0	0	0	0	0	0	0	0	0	0	0	0	0	0	0	0	0	0	0	0	0	0	0	0	0	0	0	0	0	0
6.92	0	0	0	0	0	0	0	0	0	0	0	0	0	0	0	0	0	0	0	0	0	0	0	0	0	0	0	0	0	0	0	0	0	0	0	0	0	0	0	0	0	0	0	0	0	0	0	0	0	0	0	0	0	0	0	0	0	0	0	0	0	0	0	0	0	0	0	0	0	0	0	0	0	0	0	0	0	0	0	0	0	0	0	0	0	0	0	0	0	0	0	0	0	0	0	0	0	0	0	0	0
6.95	0.025	0	0	0	0	0	0	0	0	0	0	0	0	0	0	2	0	0	0	0	0	0	0	0	0	0	0	0	0	0	0	0	0	0	0	0	0	0	0	0	0	0	0	0	0	0	0	0	0	0	0	0	0	0	0	0	0	0	0	0	0	0	0	0	0	0	0	0	0	0	0	0	0	0	0	0	0	0	0	0	0	0	0	0	0	0	0	0	0	0	0	0	0	0	0	0	0	0	0	0	0
6.98	0	0	0	0	0	0	0	0	0	0	0	0	0	0	0	0	0	0	0	0	0	0	0	0	0	0	0	0	0	0	0	0	0	0	0	0	0	0	0	0	0	0	0	0	0	0	0	0	0	0	0	0	0	0	0	0	0	0	0	0	0	0	0	0	0	0	0	0	0	0	0	0	0	0	0	0	0	0	0	0	0	0	0	0	0	0	0	0	0	0	0	0	0	0	0	0	0	0	0	0	0
7.01	0.075	0	0	0	0	6	0	0	0	0	0	0	0	0	0	0	0	0	0	0	0	0	0	0	0	0	0	0	0	0	0	0	0	0	0	0	0	0	0	0	0	0	0	0	0	0	0	0	0	0	0	0	0	0	0	0	0	0	0	0	0	0	0	0	0	0	0	0	0	0	0	0	0	0	0	0	0	0	0	0	0	0	0	0	0	0	0	0	0	0	0	0	0	0	0	0	0	0	0	0	0
7.04	0.025	0	0	0	0	0	0	0	0	0	0	0	0	0	0	0	0	0	0	0	0	0	0	0	0	0	0	2	0	0	0	0	0	0	0	0	0	0	0	0	0	0	0	0	0	0	0	0	0	0	0	0	0	0	0	0	0	0	0	0	0	0	0	0	0	0	0	0	0	0	0	0	0	0	0	0	0	0	0	0	0	0	0	0	0	0	0	0	0	0	0	0	0	0	0	0	0	0	0	0	0
7.07	0	0	0	0	0	0	0	0	0	0	0	0	0	0	0	0	0	0	0	0	0	0	0	0	0	0	0	0	0	0	0	0	0	0	0	0	0	0	0	0	0	0	0	0	0	0	0	0	0	0	0	0	0	0	0	0	0	0	0	0	0	0	0	0	0	0	0	0	0	0	0	0	0	0	0	0	0	0	0	0	0	0	0	0	0	0	0	0	0	0	0	0	0	0	0	0	0	0	0	0	0
7.1	0	0	0	0	0	0	0	0	0	0	0	0	0	0	0	0	0	0	0	0	0	0	0	0	0	0	0	0	0	0	0	0	0	0	0	0	0	0	0	0	0	0	0	0	0	0	0	0	0	0	0	0	0	0	0	0	0	0	0	0	0	0	0	0	0	0	0	0	0	0	0	0	0	0	0	0	0	0	0	0	0	0	0	0	0	0	0	0	0	0	0	0	0	0	0	0	0	0	0	0	0
7.13	0.05	0	0	0	0	0	0	0	0	4	0	0	0	0	0	0	0	0	0	0	0	0	0	0	0	0	0	0	0	0	0	0	0	0	0	0	0	0	0	0	0	0	0	0	0	0	0	0	0	0	0	0	0	0	0	0	0	0	0	0	0	0	0	0	0	0	0	0	0	0	0	0	0	0	0	0	0	0	0	0	0	0	0	0	0	0	0	0	0	0	0	0	0	0	0	0	0	0	0	0	0
7.16	0	0	0	0	0	0	0	0	0	0	0	0	0	0	0	0	0	0	0	0	0	0	0	0	0	0	0	0	0	0	0	0	0	0	0	0	0	0	0	0	0	0	0	0	0	0	0	0	0	0	0	0	0	0	0	0	0	0	0	0	0	0	0	0	0	0	0	0	0	0	0	0	0	0	0	0	0	0	0	0	0	0	0	0	0	0	0	0	0	0	0	0	0	0	0	0	0	0	0	0	0
7.19	0.05	0	0	0	0	0	0	0	0	0	0	0	0	0	0	0	0	0	0	0	0	0	0	0	0	0	0	0	0	0	0	0	0	0	0	0	0	0	0	0	0	0	0	0	0	0	0	0	0	0	0	0	0	0	0	0	0	0	0	0	0	0	2	0	0	0	0	0	0	0	0	0	0	0	0	2	0	0	0	0	0	0	0	0	0	0	0	0	0	0	0	0	0	0	0	0	0	0	0	0	0
7.22	0.05	0	0	0	0	0	0	0	0	0	0	0	0	0	0	0	0	0	0	0	0	0	0	0	0	0	0	0	2	0	0	0	0	0	0	0	0	0	0	0	0	0	0	0	0	2	0	0	0	0	0	0	0	0	0	0	0	0	0	0	0	0	0	0	0	0	0	0	0	0	0	0	0	0	0	0	0	0	0	0	0	0	0	0	0	0	0	0	0	0	0	0	0	0	0	0	0	0	0	0	0
7.25	0.1	0	0	0	0	0	0	0	0	0	0	0	0	6	0	0	0	0	0	0	0	0	0	0	0	0	0	0	0	0	0	0	2	0	0	0	0	0	0	0	0	0	0	0	0	0	0	0	0	0	0	0	0	0	0	0	0	0	0	0	0	0	0	0	0	0	0	0	0	0	0	0	0	0	0	0	0	0	0	0	0	0	0	0	0	0	0	0	0	0	0	0	0	0	0	0	0	0	0	0	0
7.28	0	0	0	0	0	0	0	0	0	0	0	0	0	0	0	0	0	0	0	0	0	0	0	0	0	0	0	0	0	0	0	0	0	0	0	0	0	0	0	0	0	0	0	0	0	0	0	0	0	0	0	0	0	0	0	0	0	0	0	0	0	0	0	0	0	0	0	0	0	0	0	0	0	0	0	0	0	0	0	0	0	0	0	0	0	0	0	0	0	0	0	0	0	0	0	0	0	0	0	0	0
7.31	0	0	0	0	0	0	0	0	0	0	0	0	0	0	0	0	0	0	0	0	0	0	0	0	0	0	0	0	0	0	0	0	0	0	0	0	0	0	0	0	0	0	0	0	0	0	0	0	0	0	0	0	0	0	0	0	0	0	0	0	0	0	0	0	0	0	0	0	0	0	0	0	0	0	0	0	0	0	0	0	0	0	0	0	0	0	0	0	0	0	0	0	0	0	0	0	0	0	0	0	0
7.34	0.05	0	0	0	0	0	0	0	0	0	0	0	0	0	0	0	0	0	0	0	0	0	0	0	0	0	0	0	0	0	0	0	0	0	0	0	0	0	0	0	0	0	0	0	0	0	0	0	0	0	0	0	0	0	0	0	0	0	0	0	0	0	0	2	0	0	2	0	0	0	0	0	0	0	0	0	0	0	0	0	0	0	0	0	0	0	0	0	0	0	0	0	0	0	0	0	0	0	0	0	0
7.37	0	0	0	0	0	0	0	0	0	0	0	0	0	0	0	0	0	0	0	0	0	0	0	0	0	0	0	0	0	0	0	0	0	0	0	0	0	0	0	0	0	0	0	0	0	0	0	0	0	0	0	0	0	0	0	0	0	0	0	0	0	0	0	0	0	0	0	0	0	0	0	0	0	0	0	0	0	0	0	0	0	0	0	0	0	0	0	0	0	0	0	0	0	0	0	0	0	0	0	0	0
7.4	0	0	0	0	0	0	0	0	0	0	0	0	0	0	0	0	0	0	0	0	0	0	0	0	0	0	0	0	0	0	0	0	0	0	0	0	0	0	0	0	0	0	0	0	0	0	0	0	0	0	0	0	0	0	0	0	0	0	0	0	0	0	0	0	0	0	0	0	0	0	0	0	0	0	0	0	0	0	0	0	0	0	0	0	0	0	0	0	0	0	0	0	0	0	0	0	0	0	0	0	0
7.43	0.075	0	0	0	0	0	0	6	0	0	0	0	0	0	0	0	0	0	0	0	0	0	0	0	0	0	0	0	0	0	0	0	0	0	0	0	0	0	0	0	0	0	0	0	0	0	0	0	0	0	0	0	0	0	0	0	0	0	0	0	0	0	0	0	0	0	0	0	0	0	0	0	0	0	0	0	0	0	0	0	0	0	0	0	0	0	0	0	0	0	0	0	0	0	0	0	0	0	0	0	0
7.46	0.125	0	0	0	0	0	0	0	0	0	0	2	0	0	0	0	0	0	0	2	0	0	0	0	0	0	0	0	0	6	0	0	0	0	0	0	0	0	0	0	0	0	0	0	0	0	0	0	0	0	0	0	0	0	0	0	0	0	0	0	0	0	0	0	0	0	0	0	0	0	0	0	0	0	0	0	0	0	0	0	0	0	0	0	0	0	0	0	0	0	0	0	0	0	0	0	0	0	0	0	0
7.49	0.05	0	0	0	0	0	0	0	0	0	0	0	0	0	0	0	0	0	0	0	0	0	0	0	0	0	0	0	0	0	0	0	0	0	0	0	0	2	0	0	0	0	0	0	0	0	0	0	0	0	0	0	0	0	0	0	0	2	0	0	0	0	0	0	0	0	0	0	0	0	0	0	0	0	0	0	0	0	0	0	0	0	0	0	0	0	0	0	0	0	0	0	0	0	0	0	0	0	0	0	0
7.52	0.1	0	0	0	0	0	0	0	0	0	0	0	0	0	0	0	0	0	0	0	0	0	0	0	0	0	4	0	0	0	0	0	0	0	0	0	0	0	0	0	0	0	0	0	0	0	0	0	2	0	0	0	0	0	0	0	0	0	0	0	0	0	0	0	0	0	0	0	0	2	0	0	0	0	0	0	0	0	0	0	0	0	0	0	0	0	0	0	0	0	0	0	0	0	0	0	0	0	0	0	0
7.55	0.05	0	0	0	0	0	0	0	0	0	2	0	0	0	0	0	0	0	0	0	0	0	0	0	0	0	0	0	0	0	0	0	0	0	0	0	0	0	0	0	0	0	0	0	0	0	0	0	0	0	0	0	0	0	0	0	0	0	2	0	0	0	0	0	0	0	0	0	0	0	0	0	0	0	0	0	0	0	0	0	0	0	0	0	0	0	0	0	0	0	0	0	0	0	0	0	0	0	0	0	0
7.58	0.075	0	0	0	0	0	0	0	0	0	0	0	0	0	0	0	0	0	0	0	0	0	0	0	0	0	0	0	0	0	0	0	0	0	0	0	0	0	0	0	0	0	0	0	0	0	0	0	0	0	0	0	0	0	0	0	0	0	0	0	2	2	0	0	0	0	0	0	0	0	0	0	0	0	0	0	0	0	2	0	0	0	0	0	0	0	0	0	0	0	0	0	0	0	0	0	0	0	0	0	0
7.61	0.1	0	0	0	0	0	0	0	0	2	0	0	0	0	0	0	0	4	0	0	0	0	0	0	0	0	0	0	0	0	0	0	0	0	0	0	2	0	0	0	0	0	0	0	0	0	0	0	0	0	0	0	0	0	0	0	0	0	0	0	0	0	0	0	0	0	0	0	0	0	0	0	0	0	0	0	0	0	0	0	0	0	0	0	0	0	0	0	0	0	0	0	0	0	0	0	0	0	0	0	0
7.64	0.075	0	0	0	0	0	0	0	4	0	0	0	0	0	0	0	0	0	0	0	0	0	0	0	0	0	0	0	0	0	0	0	0	0	0	0	0	0	0	0	0	0	0	0	0	0	0	0	0	0	0	0	0	0	0	0	0	0	0	0	0	0	0	0	0	0	0	0	0	0	0	0	0	2	0	0	0	0	0	0	0	0	0	0	0	0	0	0	0	0	0	0	0	0	0	0	0	0	0	0	0
7.67	0.175	0	0	0	0	0	0	0	0	0	0	0	0	0	0	0	0	0	0	0	0	0	0	0	0	0	0	0	0	0	0	0	0	0	0	0	6	0	0	0	0	0	0	0	0	0	2	0	0	2	0	0	0	0	0	0	2	0	0	2	0	0	0	0	0	0	0	0	0	0	0	0	0	0	0	0	0	0	0	0	0	0	0	0	0	0	0	0	0	0	0	0	0	0	0	0	0	0	0	0	0
7.7	0.175	0	0	0	0	0	0	0	0	0	0	0	0	0	0	0	0	0	0	0	0	0	0	0	0	0	0	0	0	0	0	0	0	0	0	0	0	0	0	2	6	0	0	0	0	0	0	2	0	0	0	0	0	0	0	0	0	0	4	0	0	0	0	0	0	0	0	0	0	0	0	0	0	0	0	0	0	0	0	0	0	0	0	0	0	0	0	0	0	0	0	0	0	0	0	0	0	0	0	0	0
7.73	0.225	0	0	0	0	0	0	0	0	0	0	0	0	0	0	0	0	0	0	0	2	0	0	0	0	0	0	0	0	0	2	0	0	0	0	2	0	0	0	0	0	0	0	0	0	0	0	0	0	0	0	0	0	0	0	6	0	0	0	4	0	0	0	0	0	0	0	0	0	2	0	0	0	0	0	0	0	0	0	0	0	0	0	0	0	0	0	0	0	0	0	0	0	0	0	0	0	0	0	0	0
7.76	0.575	2	0	0	0	0	2	0	2	0	2	0	0	0	0	0	0	0	0	0	2	0	0	2	2	0	6	0	0	0	4	0	4	6	0	4	0	0	2	0	0	0	0	0	0	0	0	0	0	0	0	0	2	0	0	0	0	0	0	0	0	0	0	0	0	0	0	0	0	0	0	2	0	0	0	0	0	2	0	0	0	0	0	0	0	0	0	0	0	0	0	0	0	0	0	0	0	0	0	0	0
7.79	0.15	0	2	0	0	0	0	0	0	0	0	0	2	0	0	0	0	0	0	0	0	0	0	0	0	0	0	0	0	2	0	0	0	0	0	0	0	0	0	0	0	0	0	0	4	0	0	0	0	0	0	0	0	0	0	0	0	2	0	0	0	0	0	0	0	0	0	0	0	0	0	0	0	0	0	0	0	0	0	0	0	0	0	0	0	0	0	0	0	0	0	0	0	0	0	0	0	0	0	0	0
7.82	0.25	0	0	0	0	0	0	0	0	0	0	0	0	0	0	4	0	2	0	0	2	0	0	0	0	0	0	0	0	0	0	0	0	0	0	0	0	0	0	0	0	0	0	0	0	0	4	4	0	0	0	0	0	0	0	0	0	0	0	0	0	0	0	4	0	0	0	0	0	0	0	0	0	0	0	0	0	0	0	0	0	0	0	0	0	0	0	0	0	0	0	0	0	0	0	0	0	0	0	0	0
7.85	0.225	0	0	0	0	0	0	0	0	0	0	0	0	0	0	0	0	0	2	0	0	0	0	0	0	0	0	0	0	0	0	2	0	0	2	0	0	0	2	2	0	0	0	0	0	0	0	0	0	0	0	0	0	0	0	0	0	4	0	0	0	0	0	0	2	0	0	0	0	0	0	0	0	0	2	0	0	0	0	0	0	0	0	0	0	0	0	0	0	0	0	0	0	0	0	0	0	0	0	0	0
7.88	0.55	0	4	0	2	0	0	2	4	0	2	0	0	0	0	0	0	0	0	0	0	0	0	0	0	0	2	0	0	0	0	4	0	0	0	0	0	0	0	0	0	2	0	0	2	0	0	8	0	0	2	0	0	0	2	0	0	0	0	0	0	0	0	4	0	0	2	0	0	0	0	0	2	0	0	0	0	0	0	0	0	0	0	0	0	0	0	0	0	0	0	0	0	0	0	0	0	0	0	0	0
7.91	0.375	0	0	0	2	0	0	0	2	0	0	0	0	0	0	2	0	0	0	2	0	0	0	2	0	0	0	0	0	0	0	0	0	0	0	0	2	0	0	0	0	0	0	0	0	0	0	0	0	0	0	0	2	0	0	0	2	0	0	2	0	0	0	0	0	4	0	0	0	0	0	0	0	0	2	0	0	0	0	0	6	0	0	0	0	0	0	0	0	0	0	0	0	0	0	0	0	0	0	0	0
7.94	0.6	0	0	0	0	0	0	0	0	0	0	0	0	0	0	0	0	2	6	0	0	0	2	0	0	0	2	0	4	0	0	0	8	0	0	2	0	0	0	0	0	0	2	2	0	0	2	0	0	0	0	0	0	0	2	0	0	0	0	2	0	0	0	0	0	2	0	0	0	2	0	0	0	0	0	0	0	0	2	2	4	0	0	0	0	0	0	0	0	0	0	0	0	0	0	0	0	0	0	0	0
7.97	0.9	4	0	0	2	0	0	2	0	0	0	0	4	0	0	0	0	0	4	0	2	0	0	0	0	0	0	2	0	0	0	0	0	4	0	0	0	0	6	2	0	0	0	2	4	0	4	0	0	4	0	0	0	0	0	2	0	0	0	2	4	2	0	0	0	0	4	0	2	4	2	0	0	2	0	0	0	0	0	2	0	0	0	0	0	0	0	0	0	0	0	0	0	0	0	0	0	0	0	0	0
8	0.325	0	0	0	0	0	0	0	0	2	0	0	0	0	0	0	2	0	0	0	0	0	0	0	0	0	2	0	0	0	0	0	0	0	4	0	0	0	0	0	0	2	0	0	0	0	0	0	0	0	0	0	2	0	0	0	2	0	0	0	0	0	0	4	0	0	0	0	0	2	0	2	2	0	0	0	0	0	0	0	0	0	0	0	0	0	0	0	0	0	0	0	0	0	0	0	0	0	0	0	0
8.03	0.7	0	2	2	0	0	0	0	0	0	0	0	0	0	0	0	0	0	0	0	2	0	0	0	0	0	0	0	0	0	2	4	0	0	2	2	2	0	4	0	0	0	0	4	0	0	0	0	0	0	8	0	2	0	0	2	4	0	0	0	0	0	0	0	2	0	2	0	0	0	0	0	0	4	0	2	0	2	2	0	0	0	0	0	0	0	0	0	0	0	0	0	0	0	0	0	0	0	0	0	0
8.06	1.125	0	4	0	0	0	0	2	4	0	4	2	0	6	2	0	0	0	2	0	0	8	10	2	0	2	0	0	2	0	0	0	0	0	0	2	2	0	0	0	2	0	0	0	0	0	0	2	0	0	4	0	0	0	2	0	2	2	2	0	0	0	4	0	0	0	2	0	2	0	0	2	0	2	0	0	0	0	0	2	6	0	0	0	0	0	0	0	0	0	0	0	0	0	0	0	0	0	0	0	0
8.09	1	0	0	0	0	0	4	0	0	6	0	0	0	0	0	4	0	0	0	6	0	0	0	0	4	0	4	0	2	0	0	2	0	0	4	0	4	0	0	2	0	0	0	0	2	0	0	0	4	2	0	0	0	2	0	0	2	0	2	4	4	2	0	0	0	2	0	0	0	2	0	0	6	0	0	0	0	0	4	0	0	0	0	0	0	0	0	0	0	0	0	0	0	0	0	0	0	0	0	0	0
8.12	0.9	0	0	0	0	0	0	0	0	6	0	0	0	0	0	2	0	8	0	0	2	0	4	6	0	0	2	0	2	0	0	0	4	0	2	0	4	0	0	0	4	0	0	0	0	0	0	0	0	0	4	0	0	0	0	0	0	2	0	0	4	0	2	0	0	4	0	0	4	0	2	0	2	0	0	0	0	0	0	2	0	0	0	0	0	0	0	0	0	0	0	0	0	0	0	0	0	0	0	0	0
8.15	1.125	2	0	0	0	0	0	0	4	0	2	0	0	0	0	0	0	0	0	2	0	0	0	0	4	2	6	2	0	0	0	0	0	2	2	2	4	6	0	0	0	0	0	0	2	0	6	4	0	0	4	0	2	0	0	4	0	0	6	0	0	0	0	0	0	6	6	0	4	0	0	0	0	0	2	4	0	0	0	0	0	0	0	0	0	0	0	0	0	0	0	0	0	0	0	0	0	0	0	0	0
8.18	0.9	2	0	4	0	2	0	0	6	2	0	0	2	0	0	0	0	2	0	0	0	2	0	2	4	0	0	4	0	0	2	2	2	0	0	0	0	0	0	0	2	0	4	2	0	0	0	0	0	0	2	0	0	4	2	2	0	0	0	0	2	0	0	0	0	2	0	0	0	0	0	0	0	4	0	4	0	4	0	0	0	0	0	0	0	0	0	0	0	0	0	0	0	0	0	0	0	0	0	0	0
8.21	0.95	0	2	0	0	0	0	0	0	0	0	0	0	0	0	0	0	0	2	0	6	0	0	6	0	2	2	2	4	0	2	0	2	0	0	0	0	0	2	0	0	0	0	0	0	2	2	0	0	0	0	0	2	2	2	4	4	0	2	0	0	2	4	4	0	0	0	0	4	6	0	2	0	2	0	0	0	0	0	0	0	0	0	0	0	0	0	0	0	0	0	0	0	0	0	0	0	0	0	0	0
8.24	1.6	2	0	2	0	0	0	2	0	4	4	8	0	0	0	2	0	0	0	0	6	6	0	4	0	4	0	2	0	0	0	0	0	0	0	0	2	2	6	4	6	12	4	0	0	0	4	0	0	2	0	0	4	0	0	0	2	2	0	0	6	2	0	2	8	0	6	0	0	0	0	0	0	6	0	0	2	0	0	0	0	0	0	0	0	0	0	0	0	0	0	0	0	0	0	0	0	0	0	0	0
8.27	1.425	2	0	0	0	2	0	0	0	2	2	2	4	2	2	6	6	0	2	0	0	0	0	4	2	2	0	2	4	6	0	0	0	2	2	0	0	0	0	0	0	6	0	4	0	0	4	0	4	2	4	2	2	2	0	0	4	2	0	4	4	0	0	0	0	0	4	0	0	2	4	0	0	0	0	0	4	0	0	0	0	0	0	0	0	0	0	0	0	0	0	0	0	0	0	0	0	0	0	0	0
8.3	1.5	0	2	2	4	0	0	0	0	0	0	0	0	0	2	0	0	0	0	0	10	0	2	0	2	0	0	2	0	4	6	2	2	2	4	0	2	0	0	0	2	0	0	0	0	4	0	2	2	8	0	2	0	0	8	0	0	4	0	0	0	4	0	0	0	8	0	0	6	4	2	2	8	0	0	2	2	0	0	2	0	0	0	0	0	0	0	0	0	0	0	0	0	0	0	0	0	0	0	0	0
8.33	1.05	4	0	0	0	0	0	0	0	4	2	6	0	0	2	0	2	0	0	4	0	0	4	0	0	0	0	2	0	2	0	0	0	4	0	0	4	0	2	0	0	2	2	0	2	0	0	0	0	0	0	6	0	2	4	2	0	2	4	0	2	0	0	2	0	2	0	2	2	2	0	0	0	0	2	0	0	0	2	0	0	0	0	0	0	0	0	0	0	0	0	0	0	0	0	0	0	0	0	0	0
8.36	1.725	6	2	4	0	0	0	2	4	4	4	2	0	2	0	0	2	4	2	4	0	0	2	2	0	0	0	0	2	0	0	2	2	0	4	4	0	4	0	2	0	2	4	0	4	4	4	2	0	0	0	2	2	4	0	0	0	0	0	0	4	0	2	0	0	6	0	0	0	0	0	2	0	2	4	8	6	2	2	2	4	0	0	0	0	0	0	0	0	0	0	0	0	0	0	0	0	0	0	0	0
8.39	2.425	0	0	0	2	0	4	0	4	10	0	6	4	0	2	6	4	0	4	0	0	8	4	2	2	2	0	4	0	4	0	6	0	6	0	2	4	4	2	0	2	2	0	2	6	4	2	6	2	8	4	0	0	2	8	2	2	0	0	0	2	4	0	0	2	2	2	2	4	6	0	0	0	8	0	0	0	2	2	6	4	0	0	0	0	0	0	0	0	0	0	0	0	0	0	0	0	0	0	0	0
8.42	1.95	2	4	0	0	2	2	2	0	0	4	0	2	0	8	0	2	0	0	6	2	8	4	4	0	2	2	2	2	2	8	2	0	4	0	4	0	0	6	0	0	0	2	2	2	2	0	4	0	4	2	4	4	2	0	2	0	2	0	2	0	4	4	0	4	6	0	2	4	0	6	0	4	0	0	0	0	0	0	0	2	0	0	0	0	0	0	0	0	0	0	0	0	0	0	0	0	0	0	0	0
8.45	1.825	0	0	4	0	0	0	4	2	0	4	0	0	0	0	2	4	4	10	0	0	2	0	4	0	0	2	0	2	4	2	6	6	6	0	0	4	2	6	0	2	2	0	2	0	0	6	6	2	0	4	0	0	0	2	0	2	0	0	0	2	4	0	4	4	6	2	2	4	2	0	0	0	2	0	0	0	0	0	2	4	0	0	0	0	0	0	0	0	0	0	0	0	0	0	0	0	0	0	0	0
8.48	2.35	0	2	0	2	0	2	2	8	2	0	0	0	2	2	4	0	0	2	0	4	0	2	4	0	4	8	2	4	0	0	4	2	2	6	0	0	0	12	2	0	2	0	4	0	6	0	0	2	6	0	8	0	0	2	0	0	6	6	4	4	0	6	4	6	4	4	0	4	8	2	0	2	0	0	2	0	0	4	2	6	0	0	0	0	0	0	0	0	0	0	0	0	0	0	0	0	0	0	0	0
8.51	2.525	2	0	0	0	0	0	0	0	0	0	4	4	0	10	0	10	0	2	8	4	0	6	4	2	2	4	4	4	4	8	2	0	4	2	2	4	2	2	0	2	6	4	0	4	0	2	0	4	10	2	0	6	4	4	0	2	0	4	0	0	4	2	4	0	0	2	4	0	0	0	4	6	2	4	6	0	4	0	2	4	0	0	0	0	0	0	0	0	0	0	0	0	0	0	0	0	0	0	0	0
8.54	2.575	6	2	0	2	2	0	2	0	6	2	0	0	0	4	0	4	2	4	6	0	0	4	2	10	2	2	0	2	2	0	4	4	4	2	0	4	8	6	4	2	0	2	12	0	0	0	0	8	0	4	0	0	6	2	6	8	2	4	0	6	6	2	2	0	2	0	0	4	2	10	2	2	2	4	0	0	0	0	0	4	0	0	0	0	0	0	0	0	0	0	0	0	0	0	0	0	0	0	0	0
8.57	2.225	0	0	0	0	0	2	0	0	4	0	0	6	12	0	0	2	4	0	0	0	2	2	4	0	2	0	0	10	2	10	4	0	2	0	0	6	4	8	0	0	2	0	6	0	6	4	10	4	0	0	2	0	2	2	0	6	0	6	0	4	0	6	0	2	4	0	0	0	2	4	2	2	0	8	0	2	4	0	2	0	0	0	0	0	0	0	0	0	0	0	0	0	0	0	0	0	0	0	0	0
8.6	3.3	0	4	6	4	2	2	2	0	2	4	4	2	0	2	6	0	0	2	4	0	4	0	4	0	6	0	4	0	2	2	2	0	4	0	0	4	2	8	4	8	2	4	10	4	4	6	6	8	6	0	2	0	6	0	4	0	2	10	4	2	2	6	2	2	12	6	4	2	4	4	4	2	2	6	4	2	0	6	4	10	0	0	0	0	0	0	0	0	0	0	0	0	0	0	0	0	0	0	0	0
8.63	3.675	2	0	10	0	0	6	4	2	4	4	0	0	6	4	2	6	6	2	8	2	4	10	2	4	4	0	2	0	10	0	0	0	6	2	4	8	0	2	4	2	2	6	6	2	4	0	2	8	2	6	18	0	0	8	6	4	2	2	12	0	2	6	2	0	4	2	10	4	0	0	4	12	0	0	0	6	6	4	0	10	0	0	0	0	0	0	0	0	0	0	0	0	0	0	0	0	0	0	0	0
8.66	3.525	6	2	6	4	0	4	2	0	10	6	2	0	4	0	4	12	4	0	2	2	0	0	2	6	4	0	2	2	6	2	0	4	0	2	2	2	0	2	0	4	4	4	12	2	12	4	8	4	4	0	0	4	10	0	0	8	2	2	12	8	4	6	0	12	4	8	0	0	2	0	4	4	4	0	2	2	8	4	4	4	0	0	0	0	0	0	0	0	0	0	0	0	0	0	0	0	0	0	0	0
8.69	3.675	0	0	6	0	2	6	4	10	4	0	0	4	2	2	2	6	2	8	4	6	0	4	2	4	10	8	0	4	0	2	12	2	2	0	4	0	8	2	0	6	0	6	0	12	2	2	12	4	0	2	0	10	2	8	0	4	0	6	2	10	6	4	4	2	6	2	2	4	2	8	0	6	2	2	2	8	6	8	0	0	0	0	0	0	0	0	0	0	0	0	0	0	0	0	0	0	0	0	0	0
8.72	3.45	2	4	2	8	0	0	2	6	0	2	2	4	0	0	6	6	2	2	6	0	4	10	0	10	0	4	16	0	0	0	4	0	0	14	6	6	2	4	8	6	2	2	4	2	2	0	4	0	2	4	4	8	0	8	8	2	6	6	2	6	12	0	0	2	4	4	0	4	4	4	6	4	0	0	2	2	4	0	0	4	0	0	0	0	0	0	0	0	0	0	0	0	0	0	0	0	0	0	0	0
8.75	3.875	4	2	4	0	2	4	4	4	2	0	4	4	8	2	4	2	4	2	2	10	0	4	8	4	2	4	0	4	4	6	8	2	2	8	4	12	8	2	4	4	4	2	10	4	0	12	6	6	8	4	6	0	12	4	4	2	4	0	2	2	4	0	10	4	2	0	4	0	4	8	2	2	0	2	0	2	6	2	2	6	0	0	0	0	0	0	0	0	0	0	0	0	0	0	0	0	0	0	0	0
8.78	3.825	10	2	4	6	6	4	4	4	2	2	2	4	0	0	6	6	0	2	6	10	2	0	6	0	6	2	6	4	8	0	4	6	0	10	4	4	0	10	8	0	4	4	4	0	4	2	0	4	0	2	2	0	6	2	4	2	8	8	8	4	0	4	4	4	4	2	6	10	4	4	4	0	8	4	4	6	2	0	2	6	0	0	0	0	0	0	0	0	0	0	0	0	0	0	0	0	0	0	0	0
8.81	4.025	12	0	6	8	2	8	0	0	2	4	4	2	2	6	0	6	4	2	0	6	10	4	14	6	0	12	4	2	8	4	6	2	2	8	6	0	2	2	8	4	0	0	2	4	0	4	4	0	4	2	2	6	4	8	2	2	2	8	4	2	6	0	2	2	2	2	2	0	0	6	10	8	6	6	4	4	6	6	6	6	0	0	0	0	0	0	0	0	0	0	0	0	0	0	0	0	0	0	0	0
8.84	5.075	6	6	4	2	6	4	6	8	8	12	2	6	2	4	10	0	4	2	6	14	4	10	8	4	2	0	10	0	14	0	4	12	6	10	2	4	2	8	2	2	2	8	10	8	2	8	4	0	4	6	2	2	12	6	0	4	2	2	2	2	8	6	2	8	0	4	4	22	0	0	10	10	10	2	2	0	8	6	2	0	0	0	0	0	0	0	0	0	0	0	0	0	0	0	0	0	0	0	0	0
8.87	5.05	4	6	0	10	0	4	0	0	8	0	8	8	2	6	6	6	0	2	6	10	4	0	2	10	6	4	2	2	6	16	2	16	0	18	8	4	4	4	0	4	12	12	4	4	2	10	4	2	0	0	8	2	2	4	2	4	14	4	0	0	4	6	10	6	10	10	4	2	8	4	6	6	0	10	6	0	8	8	4	4	0	0	0	0	0	0	0	0	0	0	0	0	0	0	0	0	0	0	0	0
8.9	5.65	6	4	2	8	10	4	0	0	6	6	0	6	2	10	2	8	0	4	8	8	8	0	4	2	0	12	10	14	0	14	2	10	10	6	0	6	14	8	0	8	14	10	0	6	0	6	4	10	0	8	18	6	2	14	14	0	8	14	12	0	0	4	6	4	4	0	0	2	8	2	6	2	2	0	2	12	2	14	12	2	0	0	0	0	0	0	0	0	0	0	0	0	0	0	0	0	0	0	0	0
8.93	4.95	0	4	2	2	8	8	6	6	4	2	6	12	8	4	4	2	0	4	14	4	6	0	8	2	12	2	2	8	6	4	8	8	6	2	2	8	0	4	8	6	12	4	2	4	10	4	4	10	6	4	2	2	0	8	2	0	6	4	8	0	2	8	10	0	8	0	10	0	2	0	4	6	8	4	4	4	12	8	8	4	0	0	0	0	0	0	0	0	0	0	0	0	0	0	0	0	0	0	0	0
8.96	6.125	6	6	2	12	6	18	2	8	0	14	2	8	4	8	8	4	8	16	12	16	2	8	2	4	6	2	0	0	8	0	6	22	0	12	8	16	8	0	2	6	2	10	4	2	4	8	10	6	8	16	6	12	4	0	2	8	2	0	6	12	4	2	2	0	10	4	4	6	2	4	8	2	4	0	8	2	16	10	8	0	0	0	0	0	0	0	0	0	0	0	0	0	0	0	0	0	0	0	0	0
8.99	6.1	0	6	6	2	12	0	4	12	2	0	10	2	0	4	16	2	10	8	8	10	0	12	8	8	6	8	4	2	10	4	8	4	16	2	10	2	10	14	4	4	6	12	18	4	12	2	0	12	16	6	4	12	6	0	10	8	4	6	6	2	2	6	6	4	6	2	2	2	18	10	2	4	0	2	0	4	8	0	10	4	0	0	0	0	0	0	0	0	0	0	0	0	0	0	0	0	0	0	0	0
9.02	5.825	2	4	0	2	2	10	14	2	2	14	2	2	12	10	6	8	2	6	2	12	6	4	2	4	14	6	14	4	0	14	14	4	2	2	0	8	4	2	6	14	4	2	10	4	4	6	2	2	18	6	4	6	6	8	2	2	0	2	10	10	8	6	6	4	16	0	6	8	10	8	0	16	10	2	4	4	2	6	0	4	0	0	0	0	0	0	0	0	0	0	0	0	0	0	0	0	0	0	0	0
9.05	6.875	2	6	12	2	10	0	14	8	4	4	16	0	6	0	4	2	10	2	8	6	10	6	8	6	8	10	8	8	2	10	6	2	14	8	8	8	12	6	14	2	2	4	10	14	8	4	6	0	2	6	4	6	0	10	4	14	2	10	8	8	8	4	4	12	4	8	10	10	16	4	10	12	8	4	8	6	4	8	2	14	0	0	0	0	0	0	0	0	0	0	0	0	0	0	0	0	0	0	0	0
9.08	6.925	4	12	0	6	10	8	10	4	0	6	8	0	0	4	10	14	2	4	10	8	0	8	4	10	8	6	18	4	2	6	10	4	4	8	14	12	6	8	8	4	8	2	0	12	4	8	0	0	8	4	6	0	14	16	0	18	4	16	6	6	14	0	10	6	12	8	6	2	2	10	12	10	6	12	4	8	12	8	12	4	0	0	0	0	0	0	0	0	0	0	0	0	0	0	0	0	0	0	0	0
9.11	7.325	8	8	6	10	10	6	2	2	16	2	6	6	4	2	4	2	10	10	6	16	10	14	6	6	0	10	6	8	4	8	12	14	8	8	14	10	6	10	4	14	4	2	8	6	0	16	10	0	6	8	4	10	14	12	10	6	12	2	14	16	2	4	2	8	2	12	6	20	6	2	2	6	4	12	4	4	6	6	6	4	0	0	0	0	0	0	0	0	0	0	0	0	0	0	0	0	0	0	0	0
9.14	7.275	0	14	14	2	4	20	10	12	6	12	2	10	16	8	8	4	8	4	10	16	6	14	4	2	8	4	4	8	8	8	4	12	4	4	6	0	10	6	6	4	16	8	6	10	2	0	6	12	8	14	2	10	12	8	0	8	8	12	8	8	6	4	12	8	4	0	4	6	14	4	6	8	4	8	0	8	4	6	10	6	0	0	0	0	0	0	0	0	0	0	0	0	0	0	0	0	0	0	0	0
9.17	9.375	8	16	8	8	10	4	6	8	6	10	6	4	2	10	6	8	12	6	10	10	8	8	16	24	12	12	10	14	14	16	6	10	12	8	6	14	20	12	6	2	10	8	6	4	14	10	14	2	10	4	4	16	12	8	10	14	12	8	18	8	8	6	10	14	4	4	0	6	18	8	12	12	4	10	8	6	10	8	12	10	0	0	0	0	0	0	0	0	0	0	0	0	0	0	0	0	0	0	0	0
9.2	8.525	2	4	8	4	10	4	0	16	18	0	0	14	2	2	20	2	8	4	8	10	14	6	8	6	16	14	12	8	8	12	14	10	2	6	4	8	4	6	6	20	10	10	8	6	6	6	4	10	4	8	6	10	4	2	16	2	2	10	6	20	14	6	10	12	0	8	8	10	14	16	6	10	20	10	6	8	16	14	14	10	0	0	0	0	0	0	0	0	0	0	0	0	0	0	0	0	0	0	0	0
9.23	8.55	10	12	14	8	2	2	6	6	12	2	10	8	6	2	8	0	6	4	24	10	0	0	4	8	8	12	2	10	10	10	18	12	14	8	14	12	10	2	32	14	6	16	4	12	14	6	4	10	4	2	10	10	4	18	6	2	4	14	4	14	12	8	12	10	10	2	4	2	6	12	12	8	4	4	8	20	6	6	12	10	0	0	0	0	0	0	0	0	0	0	0	0	0	0	0	0	0	0	0	0
9.26	9.525	6	2	16	6	2	8	8	10	10	10	28	6	2	4	12	10	16	30	6	16	2	14	2	12	20	6	8	4	14	8	12	6	8	14	12	14	16	16	2	4	10	12	4	4	12	6	16	4	18	12	18	12	10	6	14	0	10	26	8	12	4	2	10	4	8	10	4	2	22	16	10	4	6	6	16	2	4	0	0	16	0	0	0	0	0	0	0	0	0	0	0	0	0	0	0	0	0	0	0	0
9.29	8.55	8	6	8	8	6	2	6	8	8	14	14	2	0	6	4	12	20	8	22	14	6	8	4	12	20	8	18	12	12	14	10	8	10	14	2	14	10	0	14	4	20	14	4	10	14	2	6	10	8	14	4	4	8	8	2	14	14	2	4	16	10	0	8	4	2	6	6	14	22	2	4	4	6	6	4	8	0	6	4	14	0	0	0	0	0	0	0	0	0	0	0	0	0	0	0	0	0	0	0	0
9.32	10.32	4	4	14	10	16	8	12	4	4	2	20	14	6	6	8	10	8	14	4	8	4	12	10	6	10	8	14	10	14	18	10	10	24	16	12	14	8	16	10	4	4	8	10	10	10	2	16	22	10	14	18	8	8	14	18	8	18	10	20	12	8	14	12	6	8	14	12	12	10	10	8	6	4	4	8	10	6	12	10	6	0	0	0	0	0	0	0	0	0	0	0	0	0	0	0	0	0	0	0	0
9.35	10.5	4	14	18	14	2	14	6	12	10	4	8	16	16	6	6	10	4	24	4	22	12	8	8	2	10	8	12	8	14	16	12	12	14	10	4	22	2	12	6	4	14	8	4	24	16	14	6	6	16	10	6	10	12	12	10	10	22	10	8	10	12	8	8	12	12	24	14	10	4	0	10	2	8	8	16	18	14	4	8	10	0	0	0	0	0	0	0	0	0	0	0	0	0	0	0	0	0	0	0	0
9.38	11.45	10	12	14	0	12	20	6	22	8	20	28	8	12	10	12	16	14	8	16	6	18	4	20	14	10	14	8	6	18	18	22	4	8	4	6	14	12	14	18	8	16	8	2	18	6	24	4	12	6	6	20	10	8	12	6	12	4	6	0	16	12	20	12	14	4	20	8	4	6	8	6	18	14	14	2	18	18	18	2	8	0	0	0	0	0	0	0	0	0	0	0	0	0	0	0	0	0	0	0	0
9.41	10.57	8	10	4	16	6	8	8	10	6	8	6	6	12	28	8	10	6	8	4	18	20	8	10	14	14	20	6	4	10	18	10	16	8	6	12	2	24	10	20	2	20	16	12	10	4	8	12	16	10	4	6	10	4	20	16	12	6	2	6	22	12	10	12	6	12	10	10	10	16	14	4	12	4	8	18	10	2	6	8	22	0	0	0	0	0	0	0	0	0	0	0	0	0	0	0	0	0	0	0	0
9.44	11.32	14	10	10	6	20	12	18	16	6	4	20	12	6	6	12	6	14	4	12	18	8	6	16	4	10	14	12	28	6	6	12	8	16	8	10	4	6	16	6	8	8	6	10	2	8	8	10	24	10	10	10	28	26	10	6	22	12	8	14	12	8	6	10	8	4	26	14	12	14	8	4	8	2	2	18	18	22	18	14	16	0	0	0	0	0	0	0	0	0	0	0	0	0	0	0	0	0	0	0	0
9.47	11.4	8	20	22	10	12	10	6	10	14	6	12	16	4	18	8	16	14	10	16	8	2	14	12	14	16	6	6	14	12	14	10	4	10	18	8	20	12	4	8	10	6	20	6	14	6	26	12	6	10	14	8	6	18	18	22	16	4	22	6	10	16	8	18	10	10	10	8	14	2	22	6	8	10	28	0	4	10	10	4	10	0	0	0	0	0	0	0	0	0	0	0	0	0	0	0	0	0	0	0	0
9.5	11.85	10	6	26	12	6	12	10	18	22	18	16	10	0	18	10	8	16	18	18	12	8	20	14	8	12	8	16	4	10	12	0	12	4	12	4	10	8	14	30	12	6	4	30	2	12	10	6	12	14	2	18	20	20	14	14	10	22	16	14	6	12	4	10	26	2	4	16	8	24	6	10	24	6	4	2	8	12	6	12	16	0	0	0	0	0	0	0	0	0	0	0	0	0	0	0	0	0	0	0	0
9.53	13.1	4	8	14	12	10	14	8	22	18	6	10	10	8	18	6	14	10	16	4	8	8	12	2	16	4	18	16	26	24	6	18	10	16	8	12	8	26	12	20	8	8	20	20	30	8	18	16	16	16	18	6	14	6	16	30	20	12	14	14	8	16	12	8	4	12	20	10	10	32	4	14	12	4	22	10	12	8	6	12	20	0	0	0	0	0	0	0	0	0	0	0	0	0	0	0	0	0	0	0	0
9.56	11.97	10	0	8	8	24	6	22	10	4	12	20	10	14	4	10	12	8	18	12	6	4	6	18	18	16	4	8	10	8	14	4	8	6	14	14	12	14	10	8	16	12	22	10	20	16	14	12	10	12	2	22	10	14	12	16	10	22	14	6	14	20	12	8	16	12	14	8	16	18	16	10	10	10	12	14	4	22	8	4	24	0	0	0	0	0	0	0	0	0	0	0	0	0	0	0	0	0	0	0	0
9.59	13.5	8	12	8	0	10	12	14	20	22	12	26	12	14	12	4	26	10	6	22	18	18	20	16	6	4	10	16	26	12	16	12	10	14	22	18	20	10	12	8	28	10	16	6	8	18	12	12	16	24	6	22	16	6	8	18	8	18	14	18	30	26	8	12	6	16	16	10	8	18	12	12	6	8	4	16	8	2	10	12	18	0	0	0	0	0	0	0	0	0	0	0	0	0	0	0	0	0	0	0	0
9.62	15.05	22	14	14	30	18	12	10	20	22	14	26	4	22	12	18	14	4	12	10	6	22	14	6	12	18	12	22	8	18	24	18	14	16	14	6	14	12	24	4	10	20	18	24	28	12	28	16	14	20	12	34	12	6	18	6	12	14	12	18	16	10	18	10	4	16	8	12	10	20	14	12	12	14	12	22	4	10	22	16	26	0	0	0	0	0	0	0	0	0	0	0	0	0	0	0	0	0	0	0	0
9.65	15.48	10	10	22	12	12	10	8	6	28	8	28	8	14	14	22	18	24	0	14	16	14	36	24	8	36	20	4	14	4	22	26	14	12	22	18	32	44	24	18	6	20	24	10	20	6	22	14	14	8	8	10	10	12	14	8	8	10	18	12	20	24	22	20	18	18	24	6	10	10	18	10	8	18	12	12	12	18	6	8	14	0	0	0	0	0	0	0	0	0	0	0	0	0	0	0	0	0	0	0	0
9.68	15.18	12	16	16	28	8	12	18	8	16	16	26	14	30	10	10	26	18	6	6	6	18	16	26	12	8	22	14	18	12	8	18	18	14	16	6	20	12	24	14	14	18	6	16	22	16	14	12	10	12	12	12	12	14	10	20	8	30	12	12	8	22	28	14	18	14	14	16	12	18	6	18	20	24	16	22	20	10	20	4	10	0	0	0	0	0	0	0	0	0	0	0	0	0	0	0	0	0	0	0	0
9.71	16.82	8	8	18	8	16	18	14	8	22	8	28	12	10	18	20	14	8	26	10	14	12	20	22	30	14	22	18	22	12	22	8	12	14	16	16	20	26	22	14	24	18	2	18	14	6	18	12	16	4	20	40	16	14	8	12	14	20	16	22	20	20	14	36	18	14	22	36	14	20	28	20	20	2	14	4	30	26	16	14	14	0	0	0	0	0	0	0	0	0	0	0	0	0	0	0	0	0	0	0	0
9.74	17.43	24	16	24	24	18	20	18	12	14	16	18	18	20	24	20	32	18	20	20	30	14	18	14	30	18	20	20	12	14	12	8	22	18	14	26	14	16	18	18	10	12	30	28	8	22	12	16	4	14	10	10	14	22	20	8	24	10	16	20	26	4	12	26	8	12	20	20	14	22	18	10	22	20	14	8	16	28	18	22	12	0	0	0	0	0	0	0	0	0	0	0	0	0	0	0	0	0	0	0	0
9.77	16.5	18	8	12	12	8	14	18	4	20	16	22	6	14	12	24	6	14	16	8	8	14	20	14	26	26	22	14	18	10	18	32	10	18	16	16	8	10	24	16	22	24	12	8	22	8	18	20	20	14	28	24	14	28	18	20	18	20	14	16	12	32	4	16	18	22	14	18	22	16	14	18	26	22	34	24	12	12	6	14	4	0	0	0	0	0	0	0	0	0	0	0	0	0	0	0	0	0	0	0	0
9.8	15.68	2	12	14	4	20	14	24	12	20	14	24	16	14	12	24	12	6	18	12	12	20	10	16	22	14	18	16	16	10	12	12	28	4	24	20	10	18	20	20	18	24	26	32	18	14	8	8	14	14	10	8	10	14	18	10	6	12	20	26	22	28	20	2	22	12	12	28	14	6	12	20	26	18	22	6	4	16	22	22	14	0	0	0	0	0	0	0	0	0	0	0	0	0	0	0	0	0	0	0	0
9.83	18.88	10	26	20	12	24	20	16	22	16	24	20	10	16	38	20	12	6	10	16	6	8	20	14	12	32	28	30	30	16	24	16	10	20	18	20	12	16	12	14	20	14	22	14	34	18	12	18	22	24	24	10	26	22	38	18	22	14	14	20	26	18	24	16	14	10	12	28	14	26	20	30	18	8	12	30	22	38	16	6	20	0	0	0	0	0	0	0	0	0	0	0	0	0	0	0	0	0	0	0	0
9.86	17.73	34	16	28	20	14	28	8	30	12	6	6	22	10	8	8	8	12	16	20	28	12	20	22	16	22	26	18	10	12	24	10	22	28	22	14	18	16	24	12	16	16	24	12	16	18	20	14	4	24	16	32	22	36	10	8	16	28	32	10	20	22	18	18	12	28	14	16	22	12	22	24	12	6	14	16	26	10	12	24	14	0	0	0	0	0	0	0	0	0	0	0	0	0	0	0	0	0	0	0	0
9.89	18.43	16	16	20	16	8	16	22	20	14	14	12	18	24	14	18	20	8	30	8	18	14	12	10	26	12	8	16	12	34	26	28	16	26	18	24	26	16	26	12	20	18	26	22	30	16	14	22	34	22	8	22	12	14	16	18	16	12	16	20	24	26	18	20	14	32	14	18	30	8	22	30	10	14	26	18	16	20	4	14	24	0	0	0	0	0	0	0	0	0	0	0	0	0	0	0	0	0	0	0	0
9.92	20.65	28	14	32	18	22	6	20	22	12	18	12	14	30	20	8	16	30	16	18	28	12	16	30	20	20	24	14	30	18	36	28	22	20	30	18	10	12	22	34	42	28	28	30	40	24	30	26	12	20	12	18	16	26	18	16	24	20	24	20	12	26	16	8	30	8	20	12	12	12	16	20	14	28	6	20	26	26	24	32	10	0	0	0	0	0	0	0	0	0	0	0	0	0	0	0	0	0	0	0	0
9.95	19.43	26	6	28	12	12	10	20	12	12	16	12	20	24	14	38	16	16	22	16	14	24	22	28	26	12	30	22	22	24	28	26	16	16	12	18	26	14	18	14	32	26	36	6	18	16	20	30	16	24	14	16	18	24	24	28	14	24	8	28	20	8	20	22	2	30	10	40	18	12	18	22	18	18	16	8	28	14	18	20	26	0	0	0	0	0	0	0	0	0	0	0	0	0	0	0	0	0	0	0	0
9.98	21.63	10	30	20	12	22	18	14	16	16	18	36	20	22	18	16	18	16	28	30	34	14	22	16	22	14	30	22	48	16	30	20	18	16	26	22	16	22	30	22	24	20	6	24	16	16	26	36	24	16	24	34	16	28	12	16	22	24	22	20	28	16	26	34	26	20	30	24	22	18	24	14	12	28	16	12	24	20	30	20	20	0	0	0	0	0	0	0	0	0	0	0	0	0	0	0	0	0	0	0	0
10.01	20.68	18	10	30	18	10	14	30	16	16	28	12	36	10	6	30	28	20	12	20	20	6	12	26	28	14	22	36	50	30	20	16	18	16	10	12	18	26	12	20	38	14	14	24	10	20	20	20	18	34	18	10	10	34	32	12	42	12	12	14	22	34	26	28	14	18	34	16	18	16	36	24	8	16	16	14	26	36	36	12	20	0	0	0	0	0	0	0	0	0	0	0	0	0	0	0	0	0	0	0	0
10.04	20.37	20	12	14	20	22	20	22	16	10	16	18	26	6	18	22	24	20	14	10	28	14	32	38	14	16	26	12	18	24	18	32	16	10	34	20	16	12	16	18	24	20	14	22	22	18	26	28	18	20	24	20	40	18	34	28	30	8	26	18	18	16	32	28	18	20	10	14	24	16	20	28	32	20	20	16	24	20	16	18	18	0	0	0	0	0	0	0	0	0	0	0	0	0	0	0	0	0	0	0	0
10.07	22.85	8	22	24	18	14	24	26	30	12	28	18	22	22	18	24	10	26	42	26	32	16	12	22	28	24	30	20	20	24	16	28	22	32	22	28	18	26	36	26	26	14	14	20	24	36	20	10	20	18	28	14	36	22	20	18	14	30	20	22	10	42	36	18	40	18	20	22	40	32	10	18	24	10	22	26	26	14	38	34	6	0	0	0	0	0	0	0	0	0	0	0	0	0	0	0	0	0	0	0	0
10.1	24.98	20	30	16	8	18	32	30	20	28	18	22	28	36	22	12	30	22	30	36	28	20	30	26	32	24	16	34	14	32	26	34	12	16	18	32	24	24	38	34	38	10	20	4	42	34	20	18	46	22	28	24	24	24	38	24	26	32	32	34	30	38	26	22	24	20	16	38	18	32	24	22	12	12	44	10	14	36	6	28	14	0	0	0	0	0	0	0	0	0	0	0	0	0	0	0	0	0	0	0	0
10.13	23.52	18	24	16	22	38	22	18	14	12	12	8	12	26	16	28	22	12	10	18	30	12	16	42	28	32	32	28	26	34	16	38	38	34	30	18	30	22	24	18	24	14	14	34	26	26	14	30	38	28	30	12	26	26	16	24	36	14	16	32	24	26	24	18	22	22	42	18	16	20	40	26	12	30	44	28	16	28	14	18	18	0	0	0	0	0	0	0	0	0	0	0	0	0	0	0	0	0	0	0	0
10.16	25.75	16	22	44	28	24	22	30	14	30	14	16	20	30	18	12	16	28	22	34	20	22	6	44	18	42	14	32	30	14	38	32	30	36	24	20	28	38	12	24	18	24	28	32	28	16	24	18	34	22	38	40	26	18	30	28	32	38	50	28	34	28	18	28	26	20	20	32	14	30	14	30	32	22	22	32	22	20	42	16	22	0	0	0	0	0	0	0	0	0	0	0	0	0	0	0	0	0	0	0	0
10.19	26.62	18	26	30	22	24	22	24	24	32	20	24	20	24	38	56	18	16	22	24	30	14	30	30	20	32	28	30	32	28	28	32	30	34	22	46	24	18	34	8	34	20	52	16	20	42	28	28	26	22	32	24	20	50	22	16	24	24	16	32	20	22	30	12	30	38	30	16	32	20	22	26	32	12	30	36	36	34	12	32	26	0	0	0	0	0	0	0	0	0	0	0	0	0	0	0	0	0	0	0	0
10.22	24.77	22	20	36	38	22	2	26	28	30	14	16	34	18	34	26	36	30	2	24	24	22	30	30	22	20	28	42	30	38	36	22	20	16	28	24	32	20	20	10	42	36	20	24	36	18	32	18	22	26	26	34	32	18	22	32	30	22	26	16	18	30	22	26	20	20	16	42	30	36	26	26	14	6	30	12	20	18	28	12	26	0	0	0	0	0	0	0	0	0	0	0	0	0	0	0	0	0	0	0	0
10.25	26.3	28	20	18	32	8	26	24	24	30	36	28	14	20	30	12	22	36	18	24	28	40	42	26	18	34	34	44	18	18	22	22	22	36	34	22	36	40	28	32	26	42	30	36	34	34	24	18	16	28	34	14	34	26	34	26	34	26	26	8	24	16	22	26	18	16	28	18	34	32	18	34	24	18	14	16	32	32	24	24	38	0	0	0	0	0	0	0	0	0	0	0	0	0	0	0	0	0	0	0	0
10.28	30.23	26	28	26	20	26	34	54	34	28	40	18	42	30	24	36	24	20	30	18	36	34	30	24	34	24	22	40	56	42	40	34	42	20	38	34	52	40	28	32	38	30	26	20	12	38	26	18	24	28	28	18	24	24	34	38	28	32	38	28	26	18	20	14	38	28	42	34	34	28	34	34	16	36	24	12	34	30	36	34	34	0	0	0	0	0	0	0	0	0	0	0	0	0	0	0	0	0	0	0	0
10.31	27.98	26	38	42	36	26	16	34	42	28	34	26	42	20	30	34	28	20	22	22	30	42	24	12	32	36	30	28	18	26	30	30	28	20	30	34	20	12	22	32	42	24	20	28	24	24	32	12	32	24	38	20	26	42	40	32	18	30	46	30	24	24	12	18	36	34	26	24	22	36	30	26	20	20	30	22	26	32	24	38	28	0	0	0	0	0	0	0	0	0	0	0	0	0	0	0	0	0	0	0	0
10.34	29.98	20	34	28	18	34	6	34	28	34	20	40	22	42	26	34	20	38	4	22	28	34	24	14	36	48	42	22	30	34	34	52	28	14	24	34	32	20	26	36	20	30	26	52	48	26	30	52	28	26	24	22	28	20	22	36	42	10	24	26	24	28	28	52	28	24	38	44	34	38	28	28	22	28	28	30	34	44	52	24	34	0	0	0	0	0	0	0	0	0	0	0	0	0	0	0	0	0	0	0	0
10.37	29.82	32	48	40	22	28	32	24	16	30	16	20	50	32	32	22	30	16	34	18	24	34	30	30	28	20	26	46	28	20	28	32	30	32	40	36	32	40	40	52	42	38	22	36	22	22	18	38	28	38	18	30	16	32	38	34	24	22	28	38	28	30	26	20	24	24	2	22	28	28	30	56	32	24	44	30	36	30	32	36	30	0	0	0	0	0	0	0	0	0	0	0	0	0	0	0	0	0	0	0	0
10.4	32.07	32	18	32	16	32	34	20	30	22	40	18	32	28	28	42	22	46	30	34	32	20	30	26	46	36	40	36	30	28	24	42	42	20	46	30	34	24	40	34	32	28	26	46	40	24	52	42	32	44	24	50	32	28	40	36	38	38	18	18	34	22	32	30	30	36	34	28	16	26	44	34	34	34	42	30	26	30	26	30	44	0	0	0	0	0	0	0	0	0	0	0	0	0	0	0	0	0	0	0	0
10.43	33.12	42	42	32	22	28	52	50	40	42	36	18	16	36	28	48	40	32	26	26	56	20	28	34	52	18	24	22	42	26	32	44	36	24	46	40	24	34	24	30	34	28	46	18	56	32	20	36	44	30	34	36	36	40	44	38	28	30	22	44	36	32	40	32	46	16	28	22	36	34	22	24	30	14	30	36	16	26	54	24	44	0	0	0	0	0	0	0	0	0	0	0	0	0	0	0	0	0	0	0	0
10.46	31.75	34	32	16	30	36	34	20	40	20	36	16	14	16	38	34	26	42	26	42	36	20	28	32	48	28	42	24	28	60	34	8	24	42	12	32	32	30	44	28	38	42	24	34	32	38	36	24	36	40	28	34	26	44	40	22	34	44	40	18	36	32	32	38	34	34	26	48	52	46	20	36	36	26	18	32	28	22	36	22	28	0	0	0	0	0	0	0	0	0	0	0	0	0	0	0	0	0	0	0	0
10.49	32.08	30	38	16	42	26	16	32	26	26	46	28	26	14	38	50	30	26	22	44	40	30	26	26	40	42	54	14	36	40	26	54	28	22	44	20	32	20	46	20	48	32	36	36	32	20	48	38	14	42	30	46	30	30	46	42	28	32	14	50	32	22	30	36	22	26	32	28	32	38	36	26	28	26	24	22	32	52	22	36	34	0	0	0	0	0	0	0	0	0	0	0	0	0	0	0	0	0	0	0	0
10.52	34.8	14	24	24	18	22	38	54	44	38	38	26	24	34	34	52	36	30	30	30	30	34	40	18	26	28	40	44	22	32	48	20	38	38	24	48	54	40	48	44	32	30	20	32	38	50	22	48	44	44	54	32	32	32	40	30	18	34	62	38	36	30	28	28	34	38	22	34	46	22	64	10	14	32	32	48	44	44	16	48	56	0	0	0	0	0	0	0	0	0	0	0	0	0	0	0	0	0	0	0	0
10.55	33.63	34	38	20	30	52	42	34	24	26	16	24	32	36	28	32	38	20	66	24	16	32	34	18	50	36	48	44	28	24	50	40	20	28	50	34	30	36	44	46	30	42	18	28	36	26	44	44	44	36	38	24	28	20	40	24	28	26	40	32	38	34	28	26	36	30	38	42	44	50	22	20	52	40	34	42	40	20	30	42	10	0	0	0	0	0	0	0	0	0	0	0	0	0	0	0	0	0	0	0	0
10.58	33.78	26	28	22	40	28	12	34	30	24	48	36	42	32	34	36	34	42	62	26	34	48	16	38	30	28	24	40	32	40	30	48	38	26	42	24	52	24	36	36	40	40	30	28	40	42	48	42	40	26	32	38	36	24	40	36	28	38	22	28	36	26	26	36	48	30	24	28	54	18	38	44	24	24	34	28	30	40	24	28	42	0	0	0	0	0	0	0	0	0	0	0	0	0	0	0	0	0	0	0	0
10.61	35.55	32	28	40	20	16	50	40	38	20	32	34	60	32	42	38	32	34	22	36	32	24	32	34	42	36	56	34	24	42	38	38	38	26	32	36	28	42	50	34	40	30	26	42	42	42	28	24	40	30	32	30	50	38	34	38	30	36	18	42	32	28	38	54	28	30	28	34	34	32	46	66	16	20	26	66	26	34	36	62	52	0	0	0	0	0	0	0	0	0	0	0	0	0	0	0	0	0	0	0	0
10.64	37.25	20	50	28	48	22	32	36	30	28	62	46	20	44	28	52	40	50	48	32	66	52	38	30	26	26	44	46	54	54	40	40	46	26	38	18	30	32	44	44	38	56	40	16	36	38	30	48	18	38	38	28	30	14	52	52	22	36	28	38	22	40	30	24	46	36	26	56	38	50	42	20	18	26	32	28	38	64	46	40	52	0	0	0	0	0	0	0	0	0	0	0	0	0	0	0	0	0	0	0	0
10.67	36.8	22	54	44	26	30	20	20	40	26	42	40	34	34	36	16	48	30	32	30	28	28	48	34	50	52	30	40	52	34	42	30	38	48	38	46	56	26	18	62	50	46	42	42	42	56	28	48	52	16	44	56	54	24	30	38	38	38	28	38	36	42	32	32	34	32	28	28	18	38	48	32	32	36	28	28	38	34	38	42	34	0	0	0	0	0	0	0	0	0	0	0	0	0	0	0	0	0	0	0	0
10.7	38.45	10	52	38	38	44	38	32	46	50	38	34	40	16	26	46	38	58	60	40	34	48	26	40	58	36	26	34	34	22	48	38	46	38	54	32	26	34	24	46	36	40	46	24	42	50	58	38	28	48	28	34	38	56	40	50	30	42	42	46	28	44	38	32	24	46	22	28	42	48	56	32	46	38	26	20	48	52	28	32	42	0	0	0	0	0	0	0	0	0	0	0	0	0	0	0	0	0	0	0	0
10.73	39.47	26	34	46	24	18	26	32	34	32	46	48	30	38	36	26	8	16	56	36	48	44	52	28	36	54	54	44	46	52	30	56	50	42	34	26	22	44	36	30	20	20	36	50	52	38	36	54	38	62	54	26	48	42	24	34	40	46	62	28	64	44	34	28	30	60	18	52	28	52	34	44	42	46	44	48	26	44	62	48	60	0	0	0	0	0	0	0	0	0	0	0	0	0	0	0	0	0	0	0	0
10.76	41	26	38	56	28	52	44	36	22	38	28	36	38	56	32	54	34	46	16	28	30	28	38	46	38	60	54	62	54	30	46	46	30	32	66	54	54	46	34	34	42	48	40	36	52	48	30	30	46	56	50	66	64	34	38	36	40	38	28	40	48	54	30	38	40	36	68	28	42	58	36	26	32	32	26	32	38	54	50	30	30	0	0	0	0	0	0	0	0	0	0	0	0	0	0	0	0	0	0	0	0
10.79	40.2	26	40	30	50	32	32	40	30	40	30	28	50	18	46	28	44	42	40	56	54	44	46	32	56	46	60	46	24	38	32	60	48	32	24	44	38	58	50	34	42	38	40	42	42	44	30	46	26	54	60	52	28	38	32	28	32	28	30	30	52	42	46	52	50	26	20	30	32	52	26	48	72	46	34	48	48	32	40	44	46	0	0	0	0	0	0	0	0	0	0	0	0	0	0	0	0	0	0	0	0
10.82	43.1	32	44	36	34	44	36	20	56	52	36	20	42	40	32	30	34	34	38	42	38	30	58	60	44	52	38	46	56	46	32	40	36	36	64	38	24	36	52	46	46	48	30	38	66	46	46	62	44	64	34	48	52	44	46	38	24	30	52	56	54	46	56	34	40	42	40	46	26	48	48	42	36	32	66	40	50	62	40	60	52	0	0	0	0	0	0	0	0	0	0	0	0	0	0	0	0	0	0	0	0
10.85	42.55	28	56	64	50	48	50	44	58	40	28	38	32	38	48	32	34	74	56	38	36	34	50	62	28	44	36	44	38	40	42	32	40	24	40	42	68	44	46	20	48	58	24	28	24	62	34	48	24	44	42	30	66	46	44	52	28	46	48	50	30	28	54	50	36	34	56	42	42	60	50	44	38	34	34	24	52	40	56	52	36	0	0	0	0	0	0	0	0	0	0	0	0	0	0	0	0	0	0	0	0
10.88	46.75	64	56	58	22	40	24	52	42	48	46	66	24	50	44	46	30	52	50	52	42	50	42	52	34	48	34	60	48	34	56	52	56	84	34	44	46	42	58	56	28	36	40	36	42	36	46	76	66	46	58	50	30	34	28	50	54	32	54	26	46	62	60	76	26	54	54	38	50	56	30	48	40	48	34	50	54	54	50	58	46	0	0	0	0	0	0	0	0	0	0	0	0	0	0	0	0	0	0	0	0
10.91	42.3	34	40	32	34	46	34	48	32	44	68	52	34	38	62	30	28	52	50	40	30	26	50	46	46	42	24	40	46	34	52	38	40	48	26	44	34	48	40	44	44	56	40	22	54	42	62	48	34	40	26	32	54	50	66	36	40	60	38	38	46	32	52	44	24	44	52	56	54	38	50	30	36	40	56	40	46	16	58	48	44	0	0	0	0	0	0	0	0	0	0	0	0	0	0	0	0	0	0	0	0
10.94	46.52	52	40	34	26	56	48	38	32	68	44	50	62	42	46	50	36	50	40	46	48	70	58	42	28	54	46	54	54	50	48	28	66	54	48	42	74	34	52	44	30	46	20	46	56	44	38	52	28	66	52	56	62	54	72	50	26	32	58	44	24	66	40	48	40	58	40	48	52	60	36	58	28	50	36	48	44	34	30	48	48	0	0	0	0	0	0	0	0	0	0	0	0	0	0	0	0	0	0	0	0
10.97	47.1	50	62	38	54	26	50	48	48	64	44	50	44	34	56	84	52	40	48	42	44	38	40	46	54	48	16	36	38	26	66	44	50	42	46	54	40	60	50	58	50	64	42	42	40	46	48	42	42	56	64	30	58	58	52	44	40	26	40	38	36	46	52	38	68	36	48	36	50	76	46	62	44	40	46	44	46	52	64	42	44	0	0	0	0	0	0	0	0	0	0	0	0	0	0	0	0	0	0	0	0
11	46.75	36	66	50	28	58	36	40	56	38	66	32	70	66	50	52	48	50	38	44	46	42	40	30	54	62	70	56	54	46	38	32	66	38	42	46	52	66	84	52	38	34	46	28	38	34	46	50	54	42	60	40	40	32	64	36	54	44	52	36	42	52	36	52	50	26	52	42	32	58	58	52	50	46	52	42	54	28	34	28	46	0	0	0	0	0	0	0	0	0	0	0	0	0	0	0	0	0	0	0	0
11.03	49.77	36	54	38	48	48	62	40	48	74	32	60	58	52	34	28	44	54	50	74	58	36	76	44	38	50	44	66	40	36	54	32	40	62	78	60	72	44	36	50	58	48	58	28	28	58	62	36	62	40	50	80	44	48	70	38	54	64	84	30	36	60	34	40	54	34	42	58	68	66	32	54	56	32	46	40	40	56	62	38	44	0	0	0	0	0	0	0	0	0	0	0	0	0	0	0	0	0	0	0	0
11.06	49.17	44	68	50	44	70	60	52	30	32	46	46	42	50	62	68	60	50	40	48	66	42	50	70	44	40	52	44	56	44	44	70	60	58	44	52	32	56	58	46	64	38	64	64	68	76	52	32	40	24	66	58	56	66	40	42	58	44	34	40	36	30	40	38	50	56	38	50	30	34	34	66	50	36	52	50	50	34	48	44	52	0	0	0	0	0	0	0	0	0	0	0	0	0	0	0	0	0	0	0	0
11.09	53.48	26	54	52	50	54	42	32	46	44	46	40	58	70	80	32	52	54	46	66	66	64	40	24	84	52	48	72	72	52	44	82	50	66	52	50	70	70	66	54	68	44	44	34	62	58	48	46	74	56	68	48	64	62	76	64	58	46	58	56	52	64	66	26	68	46	50	54	56	52	58	74	62	40	38	52	32	24	46	38	24	0	0	0	0	0	0	0	0	0	0	0	0	0	0	0	0	0	0	0	0
11.12	52.08	64	48	50	46	48	50	48	52	32	38	64	40	60	40	36	70	56	44	70	58	50	28	78	44	46	68	52	56	64	64	58	62	70	54	48	46	64	42	66	40	68	44	44	52	36	40	66	62	68	58	46	58	44	76	40	46	52	48	56	40	54	42	46	42	38	46	48	64	94	56	66	32	32	50	50	84	56	42	44	22	0	0	0	0	0	0	0	0	0	0	0	0	0	0	0	0	0	0	0	0
11.15	50.48	46	34	66	46	44	46	58	34	48	42	62	56	50	48	26	22	64	32	38	26	76	36	48	54	44	60	46	52	28	50	62	66	74	46	40	62	52	52	66	78	40	56	36	54	46	72	42	62	74	34	42	44	44	36	38	50	74	82	44	60	44	36	52	48	58	46	40	66	78	48	38	90	58	38	38	56	28	64	58	44	0	0	0	0	0	0	0	0	0	0	0	0	0	0	0	0	0	0	0	0
11.18	55.3	58	20	60	26	40	50	46	42	46	60	44	66	44	70	54	62	60	64	62	84	60	60	38	42	52	56	60	54	68	60	54	66	80	90	46	64	72	42	68	56	80	38	58	44	44	76	62	44	44	66	44	64	42	58	76	54	56	64	60	70	32	44	48	50	40	44	52	50	40	80	46	76	54	40	40	64	52	50	72	60	0	0	0	0	0	0	0	0	0	0	0	0	0	0	0	0	0	0	0	0
11.21	52.95	36	36	70	42	64	34	58	32	36	66	42	30	58	64	58	58	32	44	38	50	56	76	62	46	64	52	42	76	66	58	52	52	58	66	52	50	50	64	48	24	60	54	56	50	72	56	36	66	60	80	54	46	62	38	64	78	60	60	62	60	48	74	46	54	48	42	52	48	52	70	54	38	44	50	50	60	42	36	52	40	0	0	0	0	0	0	0	0	0	0	0	0	0	0	0	0	0	0	0	0
11.24	57.23	24	32	60	70	64	50	66	48	66	78	46	36	48	40	38	52	36	84	64	56	38	52	64	42	34	64	98	88	46	72	80	70	32	70	74	50	66	68	38	54	62	54	62	64	48	70	64	66	56	86	58	70	46	46	54	28	70	52	42	52	64	62	62	68	38	62	72	58	68	86	64	44	56	62	54	40	44	60	64	42	0	0	0	0	0	0	0	0	0	0	0	0	0	0	0	0	0	0	0	0
11.27	57.75	54	52	44	46	50	52	38	66	62	68	36	78	50	54	52	70	46	42	70	52	62	48	62	36	52	68	66	70	50	54	46	46	74	50	90	60	70	76	48	58	66	88	56	66	46	70	64	52	44	46	78	34	56	60	54	36	38	70	80	64	58	60	50	42	58	54	44	64	74	78	48	64	66	42	48	60	74	50	78	72	0	0	0	0	0	0	0	0	0	0	0	0	0	0	0	0	0	0	0	0
11.3	57.45	56	48	34	58	38	56	68	72	52	44	54	58	28	48	60	70	54	82	68	68	58	52	56	66	54	98	66	78	52	64	50	36	44	50	82	74	62	34	38	66	68	62	68	62	66	58	70	64	68	76	84	76	60	54	50	46	38	48	64	36	40	50	50	54	72	50	46	58	40	70	56	62	62	68	72	56	36	46	38	56	0	0	0	0	0	0	0	0	0	0	0	0	0	0	0	0	0	0	0	0
11.33	61.18	50	54	66	42	72	84	88	38	78	58	44	94	70	56	74	66	66	82	70	72	40	68	36	82	60	38	86	34	60	66	60	68	58	76	36	60	78	74	72	52	66	78	80	66	34	52	74	74	52	82	72	60	56	52	54	60	66	54	56	60	52	52	70	36	52	58	46	90	68	54	64	32	68	62	40	62	42	52	68	50	0	0	0	0	0	0	0	0	0	0	0	0	0	0	0	0	0	0	0	0
11.36	63.08	72	64	56	42	58	56	86	56	42	50	72	72	72	34	54	68	58	66	42	52	54	58	76	68	74	76	82	74	44	66	78	96	58	54	78	40	58	70	48	72	40	54	52	78	76	44	66	38	56	78	64	32	62	102	56	70	56	58	52	62	76	88	64	70	56	44	76	68	84	66	68	76	62	72	90	62	38	76	58	60	0	0	0	0	0	0	0	0	0	0	0	0	0	0	0	0	0	0	0	0
11.39	63.02	44	64	86	64	44	52	68	76	56	40	58	66	56	66	64	64	38	50	68	76	50	66	38	86	60	34	76	68	74	72	52	76	58	78	86	46	88	72	72	56	54	94	48	100	60	70	72	84	84	50	76	54	50	72	54	64	74	78	54	58	68	36	68	64	88	32	70	86	52	54	46	44	72	68	62	58	36	62	58	60	0	0	0	0	0	0	0	0	0	0	0	0	0	0	0	0	0	0	0	0
11.42	61.1	34	46	52	48	48	52	50	74	68	36	76	72	44	62	66	30	44	50	62	60	56	82	54	74	64	64	84	72	68	62	82	60	50	42	78	72	84	90	84	68	56	52	62	40	56	58	100	54	64	60	60	74	60	52	50	66	54	86	80	68	56	56	72	46	50	78	56	54	56	50	56	58	70	58	60	46	42	78	58	72	0	0	0	0	0	0	0	0	0	0	0	0	0	0	0	0	0	0	0	0
11.45	63.02	64	52	74	68	62	56	44	60	62	90	86	58	80	62	74	62	66	60	64	56	60	50	84	52	72	68	62	46	82	84	68	84	52	44	50	62	46	60	56	32	56	60	64	48	64	60	82	52	68	70	70	72	58	72	68	80	60	62	84	82	64	36	82	52	72	70	44	54	56	46	88	54	46	64	76	66	66	54	56	50	0	0	0	0	0	0	0	0	0	0	0	0	0	0	0	0	0	0	0	0
11.48	65.47	70	74	72	54	76	34	62	24	66	42	80	72	84	50	74	58	38	72	70	62	52	58	94	100	62	70	84	84	78	68	74	58	90	74	70	82	54	70	54	86	58	80	48	64	88	88	96	76	58	58	100	52	46	72	66	80	62	84	48	80	52	60	64	58	52	36	60	64	80	34	68	52	54	48	74	58	58	46	50	70	0	0	0	0	0	0	0	0	0	0	0	0	0	0	0	0	0	0	0	0
11.51	65.27	66	56	48	78	62	66	54	52	66	46	72	86	58	74	74	68	60	68	70	74	76	40	58	58	60	88	48	84	100	54	80	78	52	58	96	54	32	72	80	72	76	50	86	62	70	94	58	54	58	102	54	76	58	74	38	50	78	46	62	72	48	90	42	54	68	82	58	62	80	44	42	58	54	60	76	74	78	90	54	52	0	0	0	0	0	0	0	0	0	0	0	0	0	0	0	0	0	0	0	0
11.54	66.87	64	68	74	64	68	54	68	50	74	56	60	52	68	42	80	70	46	78	84	56	56	60	34	80	68	114	86	74	82	66	70	74	62	52	60	86	78	56	60	78	100	54	50	76	68	62	80	56	106	78	60	90	56	80	58	48	72	80	68	76	46	62	82	64	90	58	72	58	52	52	56	60	60	92	56	36	60	58	50	96	0	0	0	0	0	0	0	0	0	0	0	0	0	0	0	0	0	0	0	0
11.57	68.9	72	50	100	72	54	66	68	80	90	96	66	62	66	64	80	64	70	62	80	46	62	68	70	72	92	70	70	66	64	48	76	88	84	62	62	72	70	80	104	54	82	52	40	84	50	108	66	96	62	74	48	66	80	92	50	84	82	82	58	64	60	62	84	56	68	54	60	50	78	42	54	84	70	62	52	64	48	56	82	64	0	0	0	0	0	0	0	0	0	0	0	0	0	0	0	0	0	0	0	0
11.6	69.97	78	68	60	50	62	44	92	58	92	84	74	64	66	82	54	76	90	102	50	66	44	60	78	72	84	72	70	56	78	66	60	50	58	98	94	82	48	82	76	86	56	72	84	60	96	98	88	54	56	76	74	84	74	86	94	56	86	76	78	72	46	58	74	86	72	64	58	66	56	68	68	56	66	62	76	64	58	48	66	40	0	0	0	0	0	0	0	0	0	0	0	0	0	0	0	0	0	0	0	0
11.63	69.6	76	78	56	80	60	66	66	64	60	68	80	74	56	56	58	78	52	100	88	70	52	92	50	64	90	76	64	82	88	52	60	54	60	62	60	48	94	74	70	46	82	42	92	62	74	78	72	84	84	84	86	92	66	66	66	60	56	104	54	64	74	76	64	102	64	70	72	66	44	80	74	38	70	70	66	74	54	86	70	62	0	0	0	0	0	0	0	0	0	0	0	0	0	0	0	0	0	0	0	0
11.66	72.12	42	74	76	84	54	64	74	98	50	70	66	90	70	64	56	64	66	64	54	88	62	86	62	84	90	86	90	80	56	74	72	98	54	66	80	70	94	60	62	54	72	80	62	46	96	94	76	76	68	54	76	92	82	78	78	90	70	62	66	70	86	78	60	60	42	74	70	70	66	74	56	58	84	90	62	70	90	74	80	90	0	0	0	0	0	0	0	0	0	0	0	0	0	0	0	0	0	0	0	0
11.69	73.7	58	40	62	84	74	62	78	80	70	54	72	46	86	58	80	78	52	90	80	60	88	42	86	64	86	62	68	74	86	78	62	78	88	106	88	80	62	60	78	82	88	76	46	88	62	92	76	72	74	88	76	94	68	76	68	74	74	72	68	120	54	58	62	82	62	70	100	62	64	74	100	60	88	56	60	52	94	68	78	118	0	0	0	0	0	0	0	0	0	0	0	0	0	0	0	0	0	0	0	0
11.72	73.03	72	62	50	72	70	72	78	62	78	62	62	68	46	78	80	72	58	58	56	92	76	40	82	58	70	92	76	86	90	72	56	68	54	60	86	92	80	84	68	86	78	64	88	74	62	52	60	66	68	74	80	82	86	92	70	96	64	106	74	76	80	70	82	82	90	102	82	66	86	62	54	62	106	52	56	76	80	88	66	64	0	0	0	0	0	0	0	0	0	0	0	0	0	0	0	0	0	0	0	0
11.75	72.65	52	76	88	56	70	60	62	56	70	74	46	72	48	66	92	44	96	64	84	72	54	70	68	78	108	86	58	70	94	66	62	62	70	108	76	28	94	64	84	72	76	66	68	88	80	76	74	74	82	78	70	82	70	90	84	80	54	84	96	104	64	64	68	60	52	84	78	72	70	80	78	72	78	70	62	82	46	80	74	82	0	0	0	0	0	0	0	0	0	0	0	0	0	0	0	0	0	0	0	0
11.78	75.93	76	56	48	62	72	72	76	78	76	66	82	32	74	90	76	84	74	68	62	78	82	62	60	64	94	98	96	74	90	88	72	84	82	98	64	122	98	84	52	128	110	56	58	82	72	86	76	68	64	102	76	80	114	66	76	64	74	72	56	82	36	76	58	90	64	50	82	58	108	58	70	84	86	128	64	72	50	76	82	54	0	0	0	0	0	0	0	0	0	0	0	0	0	0	0	0	0	0	0	0
11.81	76.4	72	86	76	70	68	78	66	78	88	82	60	86	48	118	70	66	74	84	62	68	80	82	80	122	76	112	66	68	86	60	60	80	58	64	68	78	58	60	70	62	50	88	90	86	76	98	76	78	72	88	78	86	72	90	98	90	80	60	94	108	84	92	80	70	74	102	78	58	64	70	88	66	46	86	42	62	90	42	86	84	0	0	0	0	0	0	0	0	0	0	0	0	0	0	0	0	0	0	0	0
11.84	81.6	44	66	66	68	70	90	104	72	52	74	88	62	114	94	70	76	72	56	76	112	82	80	72	74	78	70	98	96	72	90	66	106	90	84	120	92	74	74	90	100	94	82	76	74	76	104	100	96	98	76	84	90	88	40	56	84	54	82	88	88	94	104	96	80	98	60	78	72	66	88	72	94	88	108	102	84	68	88	60	64	0	0	0	0	0	0	0	0	0	0	0	0	0	0	0	0	0	0	0	0
11.87	76.77	82	70	68	58	86	60	62	56	112	104	58	74	88	46	98	102	94	66	60	74	50	72	66	82	104	80	96	90	86	58	98	116	96	86	74	82	112	72	80	54	80	74	80	86	92	66	112	76	80	50	100	70	68	90	78	104	40	68	56	84	54	102	82	90	70	64	86	60	60	56	64	72	68	68	74	70	68	58	84	66	0	0	0	0	0	0	0	0	0	0	0	0	0	0	0	0	0	0	0	0
11.9	77.13	86	58	60	56	40	84	78	82	78	58	88	62	78	84	66	42	78	62	74	82	110	92	108	86	100	70	54	80	50	76	106	90	84	78	72	70	72	60	94	110	84	90	72	88	50	84	114	70	96	54	66	76	94	72	104	52	84	82	80	92	88	70	68	84	78	58	56	58	78	88	76	74	62	88	98	78	112	56	72	66	0	0	0	0	0	0	0	0	0	0	0	0	0	0	0	0	0	0	0	0
11.93	81.97	82	94	62	66	92	80	72	72	94	72	104	72	74	84	92	112	80	92	90	98	78	66	76	88	50	94	74	88	74	106	130	58	68	74	74	62	86	102	90	74	96	118	110	86	76	92	62	72	82	102	90	84	54	72	90	122	70	88	78	66	40	96	76	66	78	102	86	88	76	88	80	76	50	94	70	88	66	84	86	62	0	0	0	0	0	0	0	0	0	0	0	0	0	0	0	0	0	0	0	0
11.96	84.38	92	74	78	72	86	68	68	88	94	62	94	60	58	94	90	58	72	108	74	92	84	56	54	74	84	82	66	78	96	88	78	110	96	106	80	90	96	110	94	134	96	88	86	76	94	42	108	102	80	80	64	108	74	94	122	102	88	82	76	72	96	84	96	116	70	78	62	78	70	62	84	112	88	72	96	98	106	72	72	66	0	0	0	0	0	0	0	0	0	0	0	0	0	0	0	0	0	0	0	0
11.99	86.53	82	52	108	48	96	66	50	92	88	96	60	78	90	86	72	74	88	72	78	86	78	82	104	106	90	104	88	76	124	92	94	90	128	84	94	86	108	102	102	100	84	104	100	100	80	74	90	118	116	90	110	102	106	50	66	98	68	56	66	84	86	128	44	96	70	92	78	94	96	86	80	80	96	64	106	76	64	74	66	90	0	0	0	0	0	0	0	0	0	0	0	0	0	0	0	0	0	0	0	0
12.02	82.25	76	108	44	110	92	76	92	94	86	110	88	84	72	82	118	68	80	64	84	80	78	70	98	60	124	90	82	82	104	72	82	74	60	62	72	94	94	88	62	98	88	84	86	84	80	112	94	44	82	78	102	98	80	72	96	96	74	72	74	86	84	114	70	56	98	84	70	104	84	96	58	76	68	76	58	62	80	80	76	50	0	0	0	0	0	0	0	0	0	0	0	0	0	0	0	0	0	0	0	0
12.05	85.42	90	62	72	92	92	80	66	102	80	72	62	80	68	72	74	74	98	74	86	100	86	76	66	104	98	106	94	100	90	114	76	114	106	74	62	72	78	70	82	96	100	90	70	106	82	116	74	58	102	78	82	90	96	86	92	66	120	76	88	74	58	116	108	102	78	78	70	78	112	88	86	70	70	102	80	82	78	80	116	76	0	0	0	0	0	0	0	0	0	0	0	0	0	0	0	0	0	0	0	0
12.08	87.22	82	36	82	74	84	80	92	66	84	90	70	94	82	80	78	70	72	100	96	84	60	86	96	96	102	130	136	104	88	82	86	98	100	68	120	84	92	94	84	106	92	82	78	98	46	76	62	98	94	80	86	86	106	100	76	96	128	94	98	82	92	76	102	82	82	82	78	96	100	80	84	96	84	88	56	100	110	80	78	66	0	0	0	0	0	0	0	0	0	0	0	0	0	0	0	0	0	0	0	0
12.11	89.55	126	98	102	70	64	106	96	92	100	64	52	100	90	88	100	80	94	100	102	78	96	94	78	82	104	86	100	100	118	66	76	86	100	116	82	100	114	80	72	132	106	90	78	80	84	90	66	96	80	134	70	90	124	76	94	90	76	90	100	60	92	80	86	102	84	86	72	118	96	60	74	94	102	54	72	62	120	70	108	74	0	0	0	0	0	0	0	0	0	0	0	0	0	0	0	0	0	0	0	0
12.14	89.45	88	82	48	90	68	66	72	84	78	92	84	56	88	76	74	130	60	82	76	80	122	88	76	84	92	114	80	96	110	104	78	110	120	88	118	136	74	124	158	68	70	64	82	104	82	90	106	80	84	76	124	80	96	72	122	100	70	88	100	64	76	74	70	78	76	92	110	118	90	100	92	114	76	104	98	110	76	74	84	76	0	0	0	0	0	0	0	0	0	0	0	0	0	0	0	0	0	0	0	0
12.17	91.17	94	70	126	90	70	60	94	82	94	102	74	76	68	64	74	76	68	70	78	70	58	98	92	110	118	86	116	72	112	74	90	124	94	98	80	96	128	102	124	108	128	88	106	94	78	108	106	64	70	92	84	78	60	106	108	118	86	70	88	104	110	88	98	84	90	122	90	102	102	90	92	76	94	90	94	92	106	116	72	70	0	0	0	0	0	0	0	0	0	0	0	0	0	0	0	0	0	0	0	0
12.2	95.35	86	90	108	82	90	82	92	94	76	66	96	94	78	94	90	88	98	104	90	98	74	96	76	92	92	108	108	104	116	78	104	78	98	68	96	136	88	134	126	100	96	118	104	100	98	114	90	102	98	122	94	110	96	96	82	100	134	106	82	94	112	108	80	76	148	82	104	56	98	78	76	98	100	100	60	104	82	92	84	86	0	0	0	0	0	0	0	0	0	0	0	0	0	0	0	0	0	0	0	0
12.23	93.47	80	82	94	78	80	100	92	76	112	92	94	86	74	76	122	84	98	112	88	108	76	82	72	88	74	102	104	110	142	122	92	86	96	72	88	140	104	74	94	82	92	90	82	84	122	78	102	80	104	122	132	96	94	104	88	92	98	96	86	86	86	106	88	68	108	114	84	88	104	112	100	84	100	100	88	70	68	66	88	100	0	0	0	0	0	0	0	0	0	0	0	0	0	0	0	0	0	0	0	0
12.26	92.05	104	92	102	68	84	88	92	102	68	78	92	64	50	72	104	104	90	56	94	62	98	94	90	104	102	120	80	122	80	96	102	78	112	124	126	104	82	64	106	96	90	70	74	94	92	88	74	88	102	90	96	116	88	102	100	118	106	106	88	116	86	84	66	104	70	108	94	90	74	104	76	98	132	68	100	100	90	108	112	56	0	0	0	0	0	0	0	0	0	0	0	0	0	0	0	0	0	0	0	0
12.29	95.82	62	104	96	72	100	98	90	92	100	82	84	92	82	100	98	86	102	88	92	92	122	102	96	116	90	116	104	88	76	88	124	84	84	86	104	110	98	100	84	98	118	94	114	84	100	124	72	88	128	102	92	136	98	104	74	60	102	102	66	92	106	92	134	108	94	102	98	68	108	72	92	86	86	86	98	108	106	110	90	90	0	0	0	0	0	0	0	0	0	0	0	0	0	0	0	0	0	0	0	0
12.32	99.3	86	84	82	78	90	92	132	112	80	86	96	108	86	88	102	118	92	74	100	106	134	94	92	136	90	88	90	102	76	108	78	126	86	92	94	110	136	110	102	96	106	96	124	106	122	94	90	92	80	96	106	106	96	112	104	122	116	136	102	96	120	96	78	112	74	80	106	104	58	104	84	104	120	110	100	90	78	92	104	96	0	0	0	0	0	0	0	0	0	0	0	0	0	0	0	0	0	0	0	0
12.35	102.9	108	74	102	130	130	96	80	86	106	80	84	112	126	88	96	78	86	136	94	96	142	110	130	114	136	96	114	130	112	106	94	104	72	114	110	84	136	70	72	90	128	94	98	118	84	170	96	100	84	66	90	116	132	118	110	106	100	92	114	102	88	106	122	96	118	132	76	76	84	96	106	94	120	90	98	78	112	82	94	118	0	0	0	0	0	0	0	0	0	0	0	0	0	0	0	0	0	0	0	0
12.38	98.55	90	104	58	68	124	110	114	108	62	114	106	120	134	96	98	92	96	116	88	112	60	82	122	96	88	90	142	106	94	96	126	108	88	80	88	100	98	94	102	126	100	104	96	84	88	98	112	106	86	96	76	90	90	124	84	76	92	96	94	112	126	74	118	80	104	108	80	66	76	94	110	112	126	118	94	112	84	110	108	84	0	0	0	0	0	0	0	0	0	0	0	0	0	0	0	0	0	0	0	0
12.41	99.15	88	116	106	112	82	82	78	86	134	98	72	88	80	108	88	98	106	88	84	104	130	96	90	86	114	82	116	98	112	124	110	86	84	104	100	114	98	98	114	94	112	104	64	136	54	114	80	110	86	96	136	102	104	110	90	92	74	96	106	100	130	88	90	112	96	72	102	98	128	132	104	118	114	98	106	82	70	92	88	98	0	0	0	0	0	0	0	0	0	0	0	0	0	0	0	0	0	0	0	0
12.44	99.42	112	90	102	80	92	116	104	88	102	102	86	80	62	114	92	92	108	118	98	76	78	112	98	118	108	94	110	82	98	82	108	96	120	112	126	110	88	92	120	104	92	118	112	84	80	94	74	86	98	116	122	94	116	110	106	132	102	112	100	96	82	116	116	96	68	116	98	94	106	92	86	102	106	96	80	122	84	114	86	80	0	0	0	0	0	0	0	0	0	0	0	0	0	0	0	0	0	0	0	0
12.47	105.5	110	88	94	114	100	106	50	78	80	62	74	62	106	104	94	120	122	116	96	106	120	108	112	128	116	84	122	126	100	118	120	98	98	116	104	144	98	160	118	136	112	108	78	80	72	94	100	148	106	90	102	102	120	130	96	110	116	164	110	116	90	84	122	94	100	134	128	86	112	90	140	94	108	106	122	118	108	76	80	86	0	0	0	0	0	0	0	0	0	0	0	0	0	0	0	0	0	0	0	0
12.5	105.1	100	106	64	88	122	72	108	72	100	116	96	118	106	76	114	140	88	96	76	122	128	116	84	86	106	110	74	122	84	106	128	116	104	140	118	124	112	96	100	130	118	130	84	86	88	62	156	98	90	94	118	126	84	122	108	74	142	110	118	112	102	76	96	152	72	108	86	98	94	102	120	114	142	96	94	102	106	116	114	132	0	0	0	0	0	0	0	0	0	0	0	0	0	0	0	0	0	0	0	0
12.53	103.6	60	96	70	78	86	98	104	84	78	80	136	100	78	88	82	116	62	98	86	126	100	134	120	100	108	126	126	130	92	92	104	92	118	88	112	108	76	112	134	94	110	128	122	124	94	112	112	94	114	72	108	108	96	98	100	98	98	162	106	98	98	134	104	116	108	66	120	114	96	96	82	108	154	80	122	128	116	120	98	102	0	0	0	0	0	0	0	0	0	0	0	0	0	0	0	0	0	0	0	0
12.56	106.3	96	120	76	122	86	54	94	124	104	86	86	108	92	90	114	128	112	96	84	134	110	84	118	112	116	108	128	104	122	118	110	152	110	110	130	54	140	90	80	144	112	122	104	110	102	108	106	112	110	80	102	100	108	124	140	94	118	100	104	96	132	142	74	98	70	102	102	122	122	106	110	102	94	86	112	116	106	106	98	106	0	0	0	0	0	0	0	0	0	0	0	0	0	0	0	0	0	0	0	0
12.59	108.4	108	92	120	102	90	106	98	126	94	74	92	116	98	124	104	94	108	74	116	116	92	108	128	118	78	122	140	102	118	98	122	114	74	110	128	136	98	124	124	128	116	78	132	136	110	140	96	82	126	146	112	122	96	132	130	102	142	124	92	108	100	132	94	100	92	88	104	120	102	102	120	100	92	112	106	102	76	88	92	116	0	0	0	0	0	0	0	0	0	0	0	0	0	0	0	0	0	0	0	0
12.62	108.6	72	116	108	114	104	108	76	88	98	84	106	100	106	106	82	96	80	112	130	126	118	144	130	114	120	112	94	140	86	140	124	92	100	110	110	118	102	100	124	68	88	148	116	130	108	92	106	140	150	136	116	122	100	96	118	88	104	96	104	112	122	94	84	98	110	98	76	136	100	112	140	154	66	94	88	110	100	114	136	128	0	0	0	0	0	0	0	0	0	0	0	0	0	0	0	0	0	0	0	0
12.65	104.5	142	82	108	92	148	134	88	84	96	108	94	88	102	114	86	100	86	126	116	82	98	106	114	128	74	112	106	112	112	114	74	120	122	96	78	68	110	106	120	92	140	104	86	74	92	108	122	124	122	94	96	116	90	106	98	130	108	98	112	82	126	120	80	96	92	116	104	126	108	98	120	116	98	116	98	114	96	110	94	96	0	0	0	0	0	0	0	0	0	0	0	0	0	0	0	0	0	0	0	0
12.68	105.4	102	86	82	106	96	96	96	98	90	86	76	100	110	84	94	78	92	104	78	90	66	130	90	134	106	104	100	114	138	108	130	152	102	108	126	104	110	114	80	66	94	98	110	86	122	138	150	128	122	100	148	88	124	108	88	94	128	108	122	116	114	92	108	92	134	112	118	92	110	88	122	122	90	116	88	90	114	100	128	104	0	0	0	0	0	0	0	0	0	0	0	0	0	0	0	0	0	0	0	0
12.71	110.3	92	90	90	154	102	124	88	92	104	98	94	92	116	96	104	128	100	112	118	80	124	130	80	136	112	90	96	118	136	102	110	126	162	106	118	88	116	130	114	100	120	80	106	112	104	134	92	90	116	96	134	122	100	108	106	84	126	130	142	148	56	118	132	112	102	106	114	154	124	142	116	146	76	118	110	110	82	106	92	90	0	0	0	0	0	0	0	0	0	0	0	0	0	0	0	0	0	0	0	0
12.74	111.2	106	106	92	84	104	92	94	132	96	104	94	122	100	114	96	68	96	68	120	122	108	126	88	114	122	122	146	130	132	124	132	116	110	132	86	96	128	158	104	100	144	106	110	94	90	108	122	92	120	86	134	132	108	112	116	114	152	110	130	102	114	80	140	86	116	106	118	126	114	94	110	114	146	112	86	94	104	120	116	130	0	0	0	0	0	0	0	0	0	0	0	0	0	0	0	0	0	0	0	0
12.77	113.6	132	104	134	68	102	98	90	136	98	118	120	112	124	124	100	126	108	88	72	108	86	112	108	138	124	164	132	122	118	124	132	114	130	124	122	130	98	126	120	106	106	128	132	96	140	132	136	106	110	136	120	134	116	92	114	102	142	94	96	100	98	118	110	92	84	108	90	122	116	118	78	96	110	140	108	118	114	100	100	144	0	0	0	0	0	0	0	0	0	0	0	0	0	0	0	0	0	0	0	0
12.8	114.6	110	146	74	90	90	82	106	126	82	76	138	112	82	106	130	90	118	80	134	100	104	106	132	96	130	150	100	110	116	94	122	84	114	122	100	108	112	124	108	96	132	102	128	132	122	170	102	90	100	124	136	126	94	112	138	144	164	132	136	118	106	122	128	128	118	100	130	136	112	128	138	134	126	106	126	108	92	98	76	154	0	0	0	0	0	0	0	0	0	0	0	0	0	0	0	0	0	0	0	0
12.83	116.2	100	66	88	96	88	82	110	126	104	116	102	106	120	122	140	96	120	124	136	126	102	126	100	108	166	122	146	86	172	106	146	150	124	150	94	138	114	88	136	132	108	106	108	110	132	114	118	94	102	72	140	114	126	104	164	102	132	106	118	102	88	84	88	92	132	124	132	118	138	108	124	100	120	118	112	148	156	148	122	94	0	0	0	0	0	0	0	0	0	0	0	0	0	0	0	0	0	0	0	0
12.86	116.2	108	116	122	116	84	88	114	124	118	124	102	106	72	98	84	100	100	78	104	138	108	122	106	154	142	110	136	92	112	152	158	122	132	124	146	128	114	152	104	152	82	124	114	144	138	96	136	104	136	144	80	120	136	120	172	126	110	100	144	86	122	130	96	134	112	84	138	122	112	138	124	90	128	108	96	92	84	88	114	114	0	0	0	0	0	0	0	0	0	0	0	0	0	0	0	0	0	0	0	0
12.89	120	106	134	140	106	90	128	116	126	92	82	104	94	134	166	134	160	74	108	118	98	108	118	112	120	106	116	122	108	116	114	114	102	134	126	112	160	136	152	102	138	108	122	114	110	104	86	160	120	140	86	148	134	114	128	126	164	116	96	106	134	162	122	156	180	110	112	124	114	86	118	132	126	134	140	88	106	100	110	116	122	0	0	0	0	0	0	0	0	0	0	0	0	0	0	0	0	0	0	0	0
12.92	116.5	94	130	110	106	116	118	108	116	114	110	82	116	94	112	96	112	138	88	116	128	156	136	136	132	120	138	146	100	116	158	110	142	112	112	116	120	128	132	100	142	134	100	134	88	114	134	114	138	88	124	124	106	92	132	142	114	100	98	132	96	108	116	86	126	116	112	108	112	130	104	116	76	138	114	128	102	92	122	138	118	0	0	0	0	0	0	0	0	0	0	0	0	0	0	0	0	0	0	0	0
12.95	120	146	122	130	126	112	88	90	114	124	110	100	114	80	122	118	104	136	90	128	154	134	138	94	126	110	150	134	124	110	110	132	92	152	148	110	148	130	98	104	142	120	118	108	98	148	126	104	112	144	142	154	152	164	108	130	100	134	98	142	106	98	84	116	120	136	108	112	122	112	122	110	116	146	106	126	104	132	84	106	140	0	0	0	0	0	0	0	0	0	0	0	0	0	0	0	0	0	0	0	0
12.98	121.9	108	110	132	128	116	110	106	102	112	108	78	110	110	86	142	104	114	94	116	132	120	130	120	138	112	134	116	104	132	118	134	102	164	108	132	156	122	136	164	156	120	152	136	152	124	82	134	110	132	122	136	144	108	108	146	124	136	154	154	132	130	132	146	112	110	82	100	126	120	124	172	100	140	130	106	122	102	100	82	92	0	0	0	0	0	0	0	0	0	0	0	0	0	0	0	0	0	0	0	0
13.01	123.1	132	102	124	132	96	110	98	102	70	132	124	122	114	112	94	132	106	142	124	146	116	88	136	124	142	108	102	136	124	132	116	158	152	104	136	114	138	114	106	128	134	96	126	158	112	114	124	118	122	122	172	162	132	124	150	110	160	132	144	116	116	120	128	142	142	120	126	104	122	154	120	108	130	108	114	86	104	116	138	136	0	0	0	0	0	0	0	0	0	0	0	0	0	0	0	0	0	0	0	0
13.04	124.3	130	104	128	124	102	118	94	96	138	110	124	124	104	98	100	114	120	128	126	144	120	102	146	110	128	152	128	146	116	136	132	172	90	118	120	116	142	114	126	114	120	156	102	188	136	160	96	138	144	128	134	128	144	130	140	106	118	110	106	172	116	124	142	130	140	142	140	100	118	150	138	92	136	88	116	116	96	140	98	114	0	0	0	0	0	0	0	0	0	0	0	0	0	0	0	0	0	0	0	0
13.07	124.3	130	148	128	112	132	114	98	98	134	108	66	136	116	104	106	102	100	126	118	118	118	120	150	126	144	154	136	126	158	116	86	132	124	108	92	136	116	122	128	162	144	90	122	128	152	126	132	140	148	146	106	112	138	138	126	146	150	146	126	120	120	128	144	90	132	116	126	114	142	164	132	130	108	102	110	100	128	98	152	122	0	0	0	0	0	0	0	0	0	0	0	0	0	0	0	0	0	0	0	0
13.1	126	92	140	104	114	140	138	116	122	112	94	94	84	126	114	72	122	94	142	104	124	106	120	122	136	146	122	170	174	138	144	144	136	122	122	116	138	120	162	106	142	138	128	180	130	152	168	126	110	128	144	148	196	168	142	128	130	106	114	130	100	126	112	110	126	126	122	130	84	140	104	112	190	102	124	120	120	104	110	100	120	0	0	0	0	0	0	0	0	0	0	0	0	0	0	0	0	0	0	0	0
13.13	128.8	114	142	132	148	100	116	128	96	110	100	144	132	74	118	134	102	108	126	120	86	98	98	102	156	112	124	142	134	154	124	162	136	156	168	118	156	150	128	156	178	148	128	102	104	174	126	136	148	118	152	118	96	138	98	140	152	120	148	136	98	96	178	126	134	150	124	126	142	148	146	118	110	128	150	130	144	118	128	108	142	0	0	0	0	0	0	0	0	0	0	0	0	0	0	0	0	0	0	0	0
13.16	128.3	112	120	106	114	148	132	130	138	112	118	122	114	174	106	96	158	104	82	146	100	100	116	144	110	110	196	118	148	114	136	150	152	154	106	158	124	150	152	134	112	148	126	120	140	124	112	138	138	168	132	94	102	130	158	150	144	144	130	132	142	132	108	126	136	144	122	110	110	110	102	150	140	142	112	132	104	106	118	136	138	0	0	0	0	0	0	0	0	0	0	0	0	0	0	0	0	0	0	0	0
13.19	126	88	116	90	124	100	148	114	114	90	96	108	130	134	128	116	132	128	124	124	138	150	128	130	102	104	136	150	166	114	100	124	118	94	142	144	120	114	162	142	168	132	120	154	158	114	136	124	128	108	106	154	98	126	178	116	114	156	138	116	118	136	128	120	124	154	120	88	118	120	134	132	138	124	134	130	108	136	128	112	154	0	0	0	0	0	0	0	0	0	0	0	0	0	0	0	0	0	0	0	0
13.22	130	104	138	118	84	104	144	110	118	128	132	104	124	128	136	128	134	116	134	110	156	128	90	128	130	136	142	146	124	134	142	152	122	134	126	168	126	106	152	168	122	126	128	140	208	140	126	128	128	132	124	130	160	168	138	98	154	144	122	156	118	136	132	110	96	130	134	130	160	158	124	132	120	100	148	100	110	124	106	136	120	0	0	0	0	0	0	0	0	0	0	0	0	0	0	0	0	0	0	0	0
13.25	131.5	174	122	104	126	112	122	108	140	110	124	108	144	132	112	130	142	104	122	128	172	152	122	94	158	116	124	146	152	124	160	140	142	154	154	138	120	126	138	174	152	128	118	126	102	130	146	156	132	126	112	132	104	148	136	148	144	118	128	114	118	152	160	120	124	178	108	130	160	152	138	130	124	100	122	106	130	108	116	148	124	0	0	0	0	0	0	0	0	0	0	0	0	0	0	0	0	0	0	0	0
13.28	128.8	136	110	98	118	146	132	114	102	116	124	122	124	110	110	142	112	108	104	144	142	128	144	144	120	118	164	164	122	178	134	134	134	124	126	160	164	126	138	122	112	124	142	156	126	108	108	120	144	130	160	100	138	138	128	124	114	110	120	108	128	134	114	134	126	142	144	134	114	138	116	144	130	108	128	140	118	142	112	160	130	0	0	0	0	0	0	0	0	0	0	0	0	0	0	0	0	0	0	0	0
13.31	134.6	144	130	152	116	140	138	136	156	142	142	128	130	124	164	160	106	120	166	98	98	154	142	124	126	152	120	146	182	104	112	116	128	170	156	138	156	100	122	154	154	164	122	156	138	104	134	144	86	108	140	140	140	152	130	118	114	136	120	168	158	150	152	96	154	140	136	110	142	116	146	140	130	148	148	76	140	138	120	146	120	0	0	0	0	0	0	0	0	0	0	0	0	0	0	0	0	0	0	0	0
13.34	137.6	122	108	130	146	130	126	124	114	128	122	144	166	116	142	134	124	156	120	106	118	170	146	146	172	148	128	154	174	168	130	176	178	150	158	136	140	108	130	94	118	150	146	114	88	112	96	106	190	168	178	100	126	130	174	120	138	154	138	136	136	134	136	138	152	156	134	184	114	144	110	138	152	140	184	122	166	124	116	136	124	0	0	0	0	0	0	0	0	0	0	0	0	0	0	0	0	0	0	0	0
13.37	133.6	144	102	132	128	94	126	104	162	118	136	144	108	128	120	126	122	138	142	150	132	96	140	174	126	144	134	124	168	148	142	126	136	144	144	138	120	144	140	106	134	164	146	176	90	138	130	110	170	192	144	148	120	146	124	136	132	142	138	152	108	124	140	154	118	128	148	122	134	122	118	136	94	178	122	118	130	120	126	130	134	0	0	0	0	0	0	0	0	0	0	0	0	0	0	0	0	0	0	0	0
13.4	139	132	160	140	114	130	110	152	120	100	142	142	136	116	120	128	136	170	116	148	126	114	134	104	142	160	200	166	140	176	190	148	146	102	130	146	170	116	130	106	142	152	160	142	114	152	158	160	122	180	124	174	150	134	134	142	152	138	130	148	122	132	140	164	100	130	136	142	112	130	180	100	136	140	136	154	142	144	138	130	146	0	0	0	0	0	0	0	0	0	0	0	0	0	0	0	0	0	0	0	0
13.43	137.3	116	104	168	136	136	128	86	148	142	120	128	134	128	144	138	124	150	126	106	138	140	140	146	162	156	120	126	166	156	138	142	148	142	132	132	184	154	138	118	142	172	166	150	146	150	138	158	134	142	142	142	154	152	162	148	122	140	126	118	112	154	162	130	130	126	138	130	118	134	136	136	144	166	114	116	100	112	136	102	144	0	0	0	0	0	0	0	0	0	0	0	0	0	0	0	0	0	0	0	0
13.46	140.5	140	144	138	122	108	140	124	116	150	166	130	130	104	140	174	164	106	116	140	150	138	162	146	140	150	116	144	166	142	158	190	170	142	120	136	138	98	132	160	140	148	160	118	168	164	106	162	160	144	138	142	138	156	152	120	158	144	150	144	172	112	136	138	166	128	134	156	158	110	146	160	136	128	110	154	128	152	128	114	112	0	0	0	0	0	0	0	0	0	0	0	0	0	0	0	0	0	0	0	0
13.49	143.6	112	102	140	116	160	200	150	148	184	154	88	100	120	168	158	104	124	120	142	148	116	196	128	122	174	140	164	174	210	118	186	160	170	182	198	144	156	128	186	132	136	138	152	148	142	126	138	176	160	130	168	154	130	140	128	114	132	138	114	114	150	146	144	168	128	132	156	116	120	144	182	112	114	126	122	150	158	156	124	144	0	0	0	0	0	0	0	0	0	0	0	0	0	0	0	0	0	0	0	0
13.52	142.4	114	156	150	106	140	122	126	106	118	128	110	100	170	132	154	102	100	120	134	146	158	130	156	134	144	160	156	150	136	198	166	170	154	156	162	170	152	162	144	174	156	130	150	158	158	170	140	126	148	118	166	132	170	110	176	164	138	126	140	142	110	120	160	152	170	114	128	160	146	144	130	128	174	142	134	136	132	132	126	174	0	0	0	0	0	0	0	0	0	0	0	0	0	0	0	0	0	0	0	0
13.55	141	154	128	128	134	118	122	150	146	142	88	120	140	182	144	136	172	108	134	134	180	134	106	148	168	154	84	116	120	146	172	152	144	154	144	138	156	146	174	144	188	166	146	116	132	144	198	172	136	180	198	106	142	118	186	134	150	146	120	122	142	146	180	134	132	100	140	126	130	134	138	156	154	114	138	132	116	136	104	126	146	0	0	0	0	0	0	0	0	0	0	0	0	0	0	0	0	0	0	0	0
13.58	147.4	112	140	98	136	142	170	138	142	150	168	114	112	176	166	172	124	154	158	122	166	122	164	168	176	178	182	150	160	168	188	150	138	126	156	110	190	160	184	158	154	138	126	158	136	148	166	142	144	182	144	116	128	150	142	138	118	158	136	136	150	134	168	138	112	146	112	116	176	132	170	150	156	128	124	130	174	160	112	190	162	0	0	0	0	0	0	0	0	0	0	0	0	0	0	0	0	0	0	0	0
13.61	143.4	156	148	136	150	120	92	162	146	114	124	134	174	122	162	128	98	150	162	116	114	106	138	146	170	156	158	170	162	146	148	178	120	170	172	152	138	148	134	168	132	138	218	132	150	114	126	156	148	130	164	168	148	150	154	136	166	164	130	120	178	136	134	110	112	120	120	152	130	106	190	152	148	134	158	122	146	160	168	140	128	0	0	0	0	0	0	0	0	0	0	0	0	0	0	0	0	0	0	0	0
13.64	145.3	148	174	156	98	148	140	144	136	126	130	148	122	114	128	130	146	158	110	166	162	156	154	154	168	166	142	144	168	138	160	130	124	158	132	158	150	184	150	132	138	174	176	158	112	172	110	146	150	138	170	150	136	204	162	154	154	122	114	128	160	136	126	198	148	140	146	146	154	110	142	164	160	124	90	196	142	160	98	136	130	0	0	0	0	0	0	0	0	0	0	0	0	0	0	0	0	0	0	0	0
13.67	148.7	134	144	166	142	124	170	138	112	130	148	114	102	124	164	170	156	124	146	126	146	152	130	116	146	104	160	168	142	156	198	176	174	170	166	174	158	100	138	150	140	134	156	122	164	154	146	146	172	154	182	152	170	180	184	152	160	136	176	172	142	120	146	162	176	126	152	160	142	148	126	178	126	122	148	178	148	138	146	180	124	0	0	0	0	0	0	0	0	0	0	0	0	0	0	0	0	0	0	0	0
13.7	153.5	148	150	132	126	134	144	98	178	116	136	146	106	176	136	140	130	158	138	186	184	120	166	152	198	118	216	186	158	146	144	130	184	170	152	156	158	162	158	132	190	174	146	156	128	130	144	162	174	192	164	176	168	156	136	152	164	136	158	142	154	150	146	136	146	194	188	122	144	158	124	152	190	176	150	166	124	162	186	124	176	0	0	0	0	0	0	0	0	0	0	0	0	0	0	0	0	0	0	0	0
13.73	152	142	112	146	146	116	126	128	164	146	134	134	142	122	148	144	142	142	196	164	150	112	126	134	144	146	138	162	162	174	138	230	154	126	158	176	152	184	144	170	160	168	136	158	174	172	120	192	162	172	148	154	188	120	152	204	126	140	128	186	164	160	184	196	142	122	120	168	136	142	152	132	128	136	162	138	128	176	138	196	206	0	0	0	0	0	0	0	0	0	0	0	0	0	0	0	0	0	0	0	0
13.76	149.4	140	172	146	150	148	114	172	154	186	152	144	120	122	148	144	148	128	148	158	134	120	130	174	162	162	178	176	154	186	194	156	156	130	156	150	136	162	148	124	146	206	132	124	152	150	146	138	174	152	102	146	142	152	206	158	100	138	174	122	174	128	164	164	146	126	142	146	156	142	172	140	162	134	148	134	106	176	178	156	112	0	0	0	0	0	0	0	0	0	0	0	0	0	0	0	0	0	0	0	0
13.79	155.4	168	160	120	162	162	122	118	142	164	170	144	118	146	150	156	136	130	178	184	188	170	168	128	182	164	180	166	174	142	168	186	168	156	170	168	190	168	184	142	166	162	170	136	132	152	164	206	154	140	138	118	202	180	146	158	142	142	150	152	164	184	174	152	126	160	142	154	148	120	110	154	160	160	122	114	154	124	174	182	148	0	0	0	0	0	0	0	0	0	0	0	0	0	0	0	0	0	0	0	0
13.82	155.1	156	154	148	118	140	104	160	148	122	130	170	166	106	138	164	106	190	146	162	182	144	216	146	152	178	162	146	138	170	176	198	188	146	146	162	174	142	144	198	154	132	130	184	150	160	150	186	126	164	180	132	152	140	172	136	152	148	160	130	168	164	160	160	152	166	144	162	186	162	184	154	168	168	152	160	128	140	178	156	126	0	0	0	0	0	0	0	0	0	0	0	0	0	0	0	0	0	0	0	0
13.85	155.9	120	104	140	168	220	138	146	162	156	148	138	132	170	138	172	130	172	160	162	180	140	140	196	174	164	198	142	182	170	172	174	176	178	140	146	148	180	162	150	156	162	156	122	148	134	152	174	162	180	158	186	152	108	164	140	124	174	178	164	164	154	158	186	122	188	142	136	158	138	146	126	108	128	178	184	162	132	156	144	180	0	0	0	0	0	0	0	0	0	0	0	0	0	0	0	0	0	0	0	0
13.88	157.6	98	154	118	194	142	150	126	156	150	166	140	130	156	172	118	164	176	162	138	166	122	156	144	176	166	146	168	160	154	190	154	182	158	178	144	190	164	180	162	192	144	162	168	184	180	132	186	144	146	194	156	158	180	140	158	138	174	186	194	210	136	134	108	178	154	148	152	162	162	138	158	178	122	140	122	158	174	168	182	140	0	0	0	0	0	0	0	0	0	0	0	0	0	0	0	0	0	0	0	0
13.91	155.5	158	144	168	124	108	138	106	142	194	160	150	172	178	140	168	120	184	160	172	126	156	168	168	140	162	176	172	152	158	166	176	222	142	160	150	148	124	208	180	180	162	156	134	162	154	160	112	182	180	152	178	172	172	158	156	116	146	128	144	164	178	142	210	148	134	130	168	132	134	148	132	150	172	182	188	118	138	136	168	122	0	0	0	0	0	0	0	0	0	0	0	0	0	0	0	0	0	0	0	0
13.94	158.1	148	158	176	140	144	148	124	150	150	122	182	154	144	152	124	154	168	158	156	140	128	152	164	158	164	154	144	170	142	194	174	190	174	194	162	150	180	170	170	152	130	118	166	148	138	164	158	180	148	196	118	166	190	136	148	188	158	160	126	194	148	166	176	150	196	162	160	138	196	118	156	146	246	164	132	146	164	132	178	168	0	0	0	0	0	0	0	0	0	0	0	0	0	0	0	0	0	0	0	0
13.97	156.4	126	138	90	160	136	130	156	152	180	160	138	116	144	128	152	170	138	154	160	180	152	180	142	158	164	168	144	166	156	134	172	154	168	216	136	158	130	158	156	180	136	164	132	182	172	146	158	116	168	188	150	170	188	172	142	144	168	162	166	176	162	134	156	156	162	168	178	174	174	184	204	136	164	164	120	156	150	166	152	152	0	0	0	0	0	0	0	0	0	0	0	0	0	0	0	0	0	0	0	0
