# SCAN started at: 2017-03-21 16:36:58																																																			
# Elen_Scan Mass: 81.5 Resolution: 30																																																			
# ----------------------------------------	21.03.2017/159°C/81.5																																																		
8	3.28	6	4	0	2	6	10	0	6	4	4	4	2	2	6	0	0	0	0	2	2	2	8	2	0	0	8	4	6	2	10	6	6	0	4	6	2	2	0	2	6	0	6	4	0	2	4	6	0	4	2
8.03	0.04	0	0	0	0	0	0	0	0	0	0	0	0	0	2	0	0	0	0	0	0	0	0	0	0	0	0	0	0	0	0	0	0	0	0	0	0	0	0	0	0	0	0	0	0	0	0	0	0	0	0
8.06	0	0	0	0	0	0	0	0	0	0	0	0	0	0	0	0	0	0	0	0	0	0	0	0	0	0	0	0	0	0	0	0	0	0	0	0	0	0	0	0	0	0	0	0	0	0	0	0	0	0	0
8.09	0	0	0	0	0	0	0	0	0	0	0	0	0	0	0	0	0	0	0	0	0	0	0	0	0	0	0	0	0	0	0	0	0	0	0	0	0	0	0	0	0	0	0	0	0	0	0	0	0	0	0
8.12	0.16	0	0	0	0	0	0	0	0	0	0	0	0	6	0	0	0	0	0	0	0	0	0	0	0	0	0	0	0	0	0	0	0	0	0	0	0	0	0	0	2	0	0	0	0	0	0	0	0	0	0
8.15	0	0	0	0	0	0	0	0	0	0	0	0	0	0	0	0	0	0	0	0	0	0	0	0	0	0	0	0	0	0	0	0	0	0	0	0	0	0	0	0	0	0	0	0	0	0	0	0	0	0	0
8.18	0	0	0	0	0	0	0	0	0	0	0	0	0	0	0	0	0	0	0	0	0	0	0	0	0	0	0	0	0	0	0	0	0	0	0	0	0	0	0	0	0	0	0	0	0	0	0	0	0	0	0
8.21	0.08	0	0	0	0	0	0	0	0	0	0	0	0	0	0	0	0	0	0	0	0	0	0	0	0	0	0	0	0	0	0	2	0	0	0	0	0	0	0	0	0	0	0	0	2	0	0	0	0	0	0
8.24	0.04	0	0	0	0	0	0	0	0	0	0	0	0	0	2	0	0	0	0	0	0	0	0	0	0	0	0	0	0	0	0	0	0	0	0	0	0	0	0	0	0	0	0	0	0	0	0	0	0	0	0
8.27	0.08	0	0	0	0	0	0	0	0	0	0	2	0	0	0	0	0	0	0	0	2	0	0	0	0	0	0	0	0	0	0	0	0	0	0	0	0	0	0	0	0	0	0	0	0	0	0	0	0	0	0
8.3	0.04	0	0	0	0	0	0	0	0	0	0	0	0	0	0	0	0	0	0	0	0	0	0	0	0	0	0	0	0	0	0	0	0	0	0	0	0	0	0	0	0	0	2	0	0	0	0	0	0	0	0
8.33	0	0	0	0	0	0	0	0	0	0	0	0	0	0	0	0	0	0	0	0	0	0	0	0	0	0	0	0	0	0	0	0	0	0	0	0	0	0	0	0	0	0	0	0	0	0	0	0	0	0	0
8.36	0.04	0	0	0	0	0	0	0	0	0	0	0	0	0	0	0	0	0	0	0	0	0	0	0	0	0	0	0	0	0	0	0	0	0	0	0	2	0	0	0	0	0	0	0	0	0	0	0	0	0	0
8.39	0	0	0	0	0	0	0	0	0	0	0	0	0	0	0	0	0	0	0	0	0	0	0	0	0	0	0	0	0	0	0	0	0	0	0	0	0	0	0	0	0	0	0	0	0	0	0	0	0	0	0
8.42	0.08	0	0	0	0	0	0	0	0	0	0	0	0	0	2	2	0	0	0	0	0	0	0	0	0	0	0	0	0	0	0	0	0	0	0	0	0	0	0	0	0	0	0	0	0	0	0	0	0	0	0
8.45	0.12	0	0	0	0	0	0	0	0	0	0	0	0	0	0	0	0	0	0	0	0	0	0	0	0	0	6	0	0	0	0	0	0	0	0	0	0	0	0	0	0	0	0	0	0	0	0	0	0	0	0
8.48	0.04	0	2	0	0	0	0	0	0	0	0	0	0	0	0	0	0	0	0	0	0	0	0	0	0	0	0	0	0	0	0	0	0	0	0	0	0	0	0	0	0	0	0	0	0	0	0	0	0	0	0
8.51	0.08	0	0	0	0	0	0	0	0	0	0	0	0	0	0	0	0	0	0	0	0	0	0	0	0	0	0	0	0	0	0	0	0	0	0	0	0	0	0	4	0	0	0	0	0	0	0	0	0	0	0
8.54	0.04	0	0	0	0	0	0	0	0	0	0	0	0	0	0	0	0	0	2	0	0	0	0	0	0	0	0	0	0	0	0	0	0	0	0	0	0	0	0	0	0	0	0	0	0	0	0	0	0	0	0
8.57	0.04	0	0	0	0	0	0	0	0	0	0	0	0	0	0	0	0	0	0	0	0	0	0	0	0	0	0	0	0	0	0	0	0	0	0	2	0	0	0	0	0	0	0	0	0	0	0	0	0	0	0
8.6	0.04	0	0	0	0	0	0	0	0	0	0	0	0	0	0	0	0	0	0	0	0	0	0	0	0	0	2	0	0	0	0	0	0	0	0	0	0	0	0	0	0	0	0	0	0	0	0	0	0	0	0
8.63	0.2	0	0	0	0	0	0	0	0	0	0	0	0	0	0	4	0	0	0	0	0	0	0	0	6	0	0	0	0	0	0	0	0	0	0	0	0	0	0	0	0	0	0	0	0	0	0	0	0	0	0
8.66	0.08	0	0	0	0	0	0	0	0	0	0	0	0	0	0	0	0	0	0	0	0	0	0	0	0	0	0	0	0	4	0	0	0	0	0	0	0	0	0	0	0	0	0	0	0	0	0	0	0	0	0
8.69	0.08	0	0	0	0	0	0	0	0	0	0	0	0	0	4	0	0	0	0	0	0	0	0	0	0	0	0	0	0	0	0	0	0	0	0	0	0	0	0	0	0	0	0	0	0	0	0	0	0	0	0
8.72	0.12	0	0	0	0	0	0	0	0	0	0	0	0	0	0	0	0	0	0	2	0	0	0	0	0	0	2	0	0	0	0	0	0	0	0	0	0	0	0	0	0	0	0	0	0	0	0	2	0	0	0
8.75	0.12	0	0	0	0	0	0	0	0	0	0	0	0	0	0	0	0	0	0	0	0	0	0	0	0	0	0	0	0	0	0	4	0	0	0	0	0	0	0	0	0	0	0	0	0	0	0	0	0	2	0
8.78	0.2	0	0	0	4	0	0	0	0	0	0	0	0	0	2	0	0	2	0	0	0	0	0	0	0	0	0	0	0	0	0	0	2	0	0	0	0	0	0	0	0	0	0	0	0	0	0	0	0	0	0
8.81	0.12	0	0	0	0	0	0	0	0	0	2	0	0	0	0	0	0	0	0	0	0	0	0	0	0	0	0	0	0	4	0	0	0	0	0	0	0	0	0	0	0	0	0	0	0	0	0	0	0	0	0
8.84	0.36	0	0	0	0	0	0	0	0	0	0	0	4	0	2	0	0	0	0	0	0	0	0	0	4	2	0	0	0	0	0	0	0	0	0	4	0	0	0	2	0	0	0	0	0	0	0	0	0	0	0
8.87	0.32	0	0	0	0	0	0	4	0	0	2	0	0	0	0	0	4	2	0	0	0	0	0	0	0	0	0	0	4	0	0	0	0	0	0	0	0	0	0	0	0	0	0	0	0	0	0	0	0	0	0
8.9	0.28	0	0	0	0	0	0	0	0	0	0	0	0	4	0	6	0	0	0	0	0	0	4	0	0	0	0	0	0	0	0	0	0	0	0	0	0	0	0	0	0	0	0	0	0	0	0	0	0	0	0
8.93	0.08	0	0	0	0	0	0	0	2	0	0	0	0	0	0	0	0	0	0	0	2	0	0	0	0	0	0	0	0	0	0	0	0	0	0	0	0	0	0	0	0	0	0	0	0	0	0	0	0	0	0
8.96	0.04	0	0	0	0	0	0	0	0	0	0	0	0	0	0	0	0	0	0	0	0	0	0	0	0	0	0	0	0	0	0	0	0	0	0	0	0	0	2	0	0	0	0	0	0	0	0	0	0	0	0
8.99	0.24	0	0	0	0	0	0	0	0	0	0	0	0	0	0	2	0	0	0	2	0	0	0	0	0	0	0	0	0	0	0	0	2	4	0	0	0	0	0	0	0	0	0	0	0	0	0	0	2	0	0
9.02	0.32	0	0	0	0	0	0	0	0	0	0	0	0	0	2	0	2	0	0	2	0	2	0	0	0	0	0	0	0	0	0	0	0	4	0	0	0	0	0	4	0	0	0	0	0	0	0	0	0	0	0
9.05	0.2	0	0	0	0	0	0	0	0	0	0	0	0	0	0	6	0	0	4	0	0	0	0	0	0	0	0	0	0	0	0	0	0	0	0	0	0	0	0	0	0	0	0	0	0	0	0	0	0	0	0
9.08	0.12	0	0	0	0	0	0	0	0	0	0	0	0	0	0	2	2	0	0	0	0	2	0	0	0	0	0	0	0	0	0	0	0	0	0	0	0	0	0	0	0	0	0	0	0	0	0	0	0	0	0
9.11	0.32	0	0	0	0	0	0	4	0	2	0	0	0	0	0	0	2	0	0	0	2	0	0	0	0	0	2	0	0	0	0	0	2	0	0	0	0	0	0	0	0	0	0	0	0	0	2	0	0	0	0
9.14	0.72	0	2	0	0	4	0	0	0	4	0	0	0	0	0	0	0	0	0	6	0	0	2	0	4	0	0	0	0	0	6	0	0	8	0	0	0	0	0	0	0	0	0	0	0	0	0	0	0	0	0
9.17	0.36	2	0	0	0	0	0	0	0	4	0	0	0	0	0	0	0	0	0	0	0	2	4	0	0	0	0	2	0	0	0	0	0	0	0	0	2	0	0	0	0	0	0	0	0	0	0	0	0	0	2
9.2	0.8	4	2	0	0	2	0	0	6	0	0	0	2	0	2	0	2	0	0	0	0	0	0	4	0	0	0	0	0	0	0	0	0	2	0	0	0	2	0	4	0	0	0	2	6	0	0	0	0	0	0
9.23	0.36	2	0	0	0	0	0	0	0	0	0	0	2	0	0	0	6	0	0	0	0	0	0	0	0	0	0	0	0	0	2	0	0	0	0	0	0	0	0	0	0	0	0	0	0	0	0	0	2	0	4
9.26	0.84	0	0	0	0	0	6	0	0	0	0	0	0	0	0	0	0	0	0	0	0	0	6	0	0	0	4	0	2	8	0	0	2	0	0	0	0	0	0	4	0	0	0	2	0	0	0	0	0	8	0
9.29	0.76	0	6	0	0	0	0	0	2	0	2	0	0	0	0	2	0	4	2	6	0	0	4	0	0	0	0	0	0	0	0	0	0	0	2	0	0	0	2	0	2	0	0	0	0	0	2	0	2	0	0
9.32	0.76	8	0	0	0	0	0	2	0	0	0	0	0	0	0	0	0	4	4	0	0	0	0	2	0	2	0	2	0	2	0	0	0	4	0	0	0	0	0	0	0	0	0	0	0	0	2	2	0	4	0
9.35	0.4	0	0	0	0	0	0	0	0	0	0	0	0	0	0	0	0	0	0	0	0	0	0	0	0	0	0	0	0	0	0	2	0	0	6	0	2	0	0	0	2	4	2	2	0	0	0	0	0	0	0
9.38	0.48	2	0	0	0	0	0	0	0	0	0	0	4	0	0	0	0	0	0	0	2	0	0	2	0	2	0	0	0	0	0	0	0	0	0	0	0	0	0	4	0	0	0	2	0	0	0	2	2	2	0
9.41	0.92	0	0	0	0	0	0	0	0	0	0	0	0	0	2	0	2	0	0	4	0	0	0	0	0	2	6	0	4	4	2	2	2	6	0	0	0	0	0	0	4	0	0	0	0	0	0	0	6	0	0
9.44	1.24	0	8	2	0	0	0	0	0	0	0	0	0	0	0	0	0	4	6	6	0	2	2	4	0	0	0	2	0	0	0	0	4	4	4	0	0	0	0	4	4	0	0	0	0	0	0	4	0	0	2
9.47	1	0	0	2	0	0	0	0	0	0	0	0	0	0	0	2	0	0	8	6	0	0	4	0	0	2	4	0	2	2	0	6	0	0	0	0	0	0	0	0	0	0	0	0	2	0	0	4	0	0	6
9.5	0.64	2	0	0	0	0	0	0	0	0	0	0	2	2	0	0	2	0	0	0	0	0	0	6	0	0	4	0	0	0	0	2	4	0	2	0	0	0	2	0	2	0	2	0	0	0	0	0	0	0	0
9.53	1.4	0	0	0	2	0	0	0	0	2	0	0	4	0	0	0	4	4	2	0	2	0	0	2	0	0	0	0	0	4	0	10	0	2	0	0	4	0	2	2	0	4	0	2	2	0	2	0	10	0	4
9.56	1.24	2	0	0	4	0	2	2	0	2	0	6	0	0	0	2	0	4	2	0	2	0	0	2	0	0	0	0	4	4	0	2	0	4	4	4	0	0	6	0	0	0	2	0	0	0	0	2	0	0	0
9.59	1.2	0	2	4	0	0	0	0	0	0	0	2	0	0	0	4	2	0	4	2	0	2	2	0	4	2	6	0	0	0	2	0	0	2	2	0	0	8	0	0	0	6	2	0	0	0	0	2	0	0	0
9.62	1.48	0	0	2	4	0	4	0	6	4	2	0	2	0	0	0	0	2	0	0	0	0	0	0	6	2	0	0	4	0	2	2	2	4	0	0	4	0	0	2	0	0	2	4	4	0	4	0	4	0	2
9.65	1.32	2	0	2	0	0	0	2	0	0	4	0	0	0	4	0	4	0	0	2	2	0	0	0	10	0	2	2	0	0	0	4	0	0	0	0	0	0	2	0	0	0	4	2	0	0	6	2	2	4	4
9.68	1.36	0	0	2	0	0	0	0	2	4	0	4	0	4	0	2	4	0	2	0	4	2	4	2	0	8	0	0	0	0	0	2	4	2	2	0	0	2	0	0	2	0	2	0	0	0	0	4	0	0	4
9.71	1.4	0	6	0	2	0	0	0	0	0	0	0	2	0	0	2	0	2	4	0	2	0	6	2	2	0	0	0	4	10	4	2	0	0	0	2	2	2	0	0	2	0	2	0	0	2	2	0	0	2	4
9.74	1.2	0	0	4	0	2	6	2	8	0	0	0	0	0	0	0	0	6	0	4	0	0	0	2	0	0	4	2	0	0	4	0	0	0	6	0	0	0	0	0	2	0	4	0	0	0	0	2	0	0	2
9.77	2.16	2	4	6	0	2	2	0	0	4	6	0	2	0	10	8	0	2	0	0	6	2	0	0	0	6	0	4	4	2	2	0	0	4	2	2	0	2	6	4	2	2	0	0	2	2	0	2	2	0	2
9.8	1.6	2	4	0	4	0	0	0	4	2	2	2	4	0	4	0	0	0	2	2	2	0	0	0	0	2	2	0	2	0	0	2	4	0	4	4	4	0	2	2	0	0	0	8	6	0	0	4	0	0	0
9.83	1.8	0	8	0	0	0	0	2	4	4	4	2	0	6	0	6	2	4	2	0	2	2	0	0	0	6	0	2	0	2	4	2	0	2	2	0	4	0	0	0	6	2	4	0	0	4	0	0	0	0	2
9.86	2.04	0	0	2	4	4	0	4	0	0	0	0	0	0	2	0	0	4	2	0	0	2	4	4	2	0	2	0	6	4	4	2	2	4	0	4	8	0	0	16	6	0	2	0	2	4	0	0	2	0	0
9.89	2.36	0	0	10	10	0	0	2	2	2	0	2	0	0	0	6	2	0	0	4	4	2	2	0	4	0	4	0	4	0	4	6	0	0	4	0	0	6	2	0	4	2	2	4	4	2	2	8	0	0	8
9.92	3.08	4	2	0	0	0	2	6	2	8	2	0	0	2	0	14	0	0	0	8	0	12	2	0	0	0	8	0	8	4	0	2	6	2	2	6	0	0	2	14	2	2	4	0	2	8	2	0	8	6	2
9.95	2.56	0	8	2	4	0	0	4	6	0	4	2	4	8	10	2	0	0	0	0	2	0	0	4	0	0	0	4	0	22	0	0	2	0	10	2	2	2	4	2	0	2	2	0	0	0	2	4	4	0	4
9.98	2.32	0	0	0	4	0	4	0	0	0	0	0	2	0	2	0	6	10	6	0	6	2	6	0	4	6	8	6	2	4	4	0	2	0	0	6	0	4	2	0	0	2	2	0	4	0	4	2	0	4	2
10.01	2.76	0	6	4	0	2	0	0	0	6	0	0	4	8	6	0	2	0	8	2	0	2	4	0	0	8	4	0	4	2	10	2	6	0	0	0	12	8	0	0	0	0	4	0	2	2	12	4	0	2	2
10.04	3.36	2	0	0	0	0	4	0	2	8	6	6	2	0	0	6	2	0	6	6	14	8	16	4	0	0	2	2	4	4	2	0	6	2	2	10	4	2	2	2	2	2	4	10	0	0	0	2	0	4	8
10.07	3.36	2	4	0	6	6	2	2	2	4	0	6	0	0	10	12	4	4	6	6	0	0	0	2	2	4	10	2	10	0	0	0	4	4	8	2	2	2	8	6	8	4	4	0	4	0	2	0	4	0	0
10.1	2.48	4	8	0	0	0	0	0	6	6	2	0	0	2	2	2	0	0	0	8	0	6	6	2	0	0	4	4	4	2	2	0	6	6	8	2	6	0	0	2	6	0	2	2	0	0	12	2	0	0	0
10.13	2.96	0	0	4	2	6	0	0	2	0	4	0	2	2	4	8	8	2	4	6	6	0	2	4	0	0	2	0	10	2	6	8	2	0	12	0	2	2	0	4	0	4	2	0	2	6	16	0	2	0	0
10.16	3.44	8	0	0	4	4	6	8	2	2	6	2	2	4	0	10	4	8	4	8	4	0	4	2	8	6	0	8	6	0	8	4	0	0	2	2	4	2	6	2	4	2	0	0	6	2	4	2	2	0	0
10.19	4.64	6	6	0	8	0	0	8	4	20	4	4	0	4	2	8	6	2	12	8	4	2	10	6	10	4	10	6	10	2	0	8	2	12	2	6	6	0	0	4	6	0	4	0	10	0	2	0	2	0	2
10.22	3.84	2	10	4	0	2	6	4	2	12	0	6	4	6	4	0	2	2	2	6	6	0	2	6	0	12	2	0	4	4	2	0	6	6	10	0	4	4	0	8	4	0	4	10	0	0	4	8	6	6	0
10.25	5.6	8	0	0	2	4	12	4	18	0	4	6	2	6	4	2	0	4	4	4	8	8	2	2	6	6	8	6	6	16	10	0	0	0	8	8	12	4	18	4	2	4	4	2	6	0	0	30	4	0	12
10.28	4	8	6	4	6	2	2	10	4	0	10	6	0	2	4	4	4	2	10	0	6	0	0	2	4	6	10	0	4	6	4	8	4	0	2	4	0	4	4	2	4	6	10	2	2	0	10	0	2	6	4
10.31	4	0	4	6	8	0	2	4	4	2	0	6	6	8	6	6	6	8	8	0	4	4	0	4	0	4	2	0	2	2	2	2	4	4	4	2	10	2	6	6	0	2	4	6	12	2	6	14	0	2	4
10.34	4.04	8	2	2	0	0	8	2	8	10	2	4	4	0	0	4	4	2	8	0	12	4	8	2	8	0	2	2	2	0	0	4	16	6	4	4	8	6	4	2	6	8	8	2	2	0	2	0	0	0	12
10.37	5.04	2	2	6	0	10	6	8	4	4	0	0	4	0	0	8	4	6	6	6	6	16	2	8	8	8	4	0	2	10	4	10	14	4	2	8	8	0	4	18	6	4	2	2	2	2	10	0	0	4	8
10.4	5.24	0	6	2	6	6	2	4	8	0	4	10	8	14	0	6	14	6	6	8	4	8	6	6	2	10	2	0	6	2	8	4	0	4	6	6	14	2	6	8	6	8	6	4	6	6	0	2	2	6	2
10.43	5.28	10	0	6	24	16	2	2	2	0	2	4	6	2	4	4	10	6	10	6	0	4	2	4	2	8	0	4	8	2	6	2	4	6	4	0	2	2	12	2	6	4	10	16	12	2	4	4	2	10	4
10.46	6.32	4	16	8	8	6	2	2	14	8	8	8	12	10	4	8	2	4	8	8	0	6	8	12	2	6	6	0	4	2	6	6	10	6	6	4	2	2	2	8	4	12	12	6	6	8	8	6	2	8	6
10.49	4.48	10	2	0	2	2	6	4	0	2	2	2	4	0	0	2	0	4	2	2	2	4	4	0	12	2	8	12	10	18	4	14	4	8	6	12	0	0	0	2	0	0	8	8	10	4	4	2	6	10	4
10.52	6.56	4	10	2	8	10	6	6	4	2	2	4	6	10	10	10	16	10	4	4	10	4	10	2	6	4	14	0	0	2	14	6	6	8	12	2	20	2	12	6	14	0	2	2	10	8	0	2	10	6	6
10.55	6.08	6	10	10	10	8	4	0	12	4	4	0	4	10	8	10	4	2	2	2	4	4	6	2	0	2	10	8	2	6	8	2	8	0	4	4	6	10	8	6	10	14	8	0	10	6	14	8	6	16	2
10.58	5.88	6	20	2	2	6	4	4	4	8	6	10	2	14	2	2	6	4	4	0	2	6	6	12	4	4	4	8	2	14	10	0	4	4	8	2	2	4	6	6	2	2	6	8	6	18	4	4	0	16	14
10.61	6.4	4	6	4	0	10	10	2	8	8	10	2	10	6	0	8	10	2	2	10	6	4	18	10	0	10	12	6	8	10	4	2	8	0	2	6	8	8	8	4	6	6	6	4	6	0	14	8	4	6	14
10.64	6.12	14	10	2	0	2	12	8	0	4	10	12	8	10	14	12	0	12	10	6	2	2	0	6	4	8	4	8	4	8	10	14	4	2	4	0	4	6	2	2	8	4	10	10	0	2	10	8	2	10	2
10.67	7.6	12	4	2	6	24	12	12	4	6	2	8	8	4	2	2	10	2	2	4	12	6	10	4	2	8	4	10	10	18	12	12	10	8	6	8	8	2	14	2	6	6	10	14	6	6	6	12	2	2	18
10.7	8.04	2	8	6	8	2	0	4	4	10	4	10	6	0	2	6	4	2	12	4	8	4	6	6	14	4	18	12	2	8	8	30	6	4	16	6	10	12	12	16	6	12	6	10	8	10	20	14	0	16	4
10.73	7.52	2	8	10	10	0	2	10	6	2	6	4	6	8	20	2	26	6	6	8	0	14	14	14	8	8	8	6	2	6	6	2	10	8	12	10	6	2	6	8	0	4	4	6	12	12	2	12	8	8	16
10.76	7.12	8	2	10	12	8	6	4	4	10	8	4	4	16	4	10	6	8	4	4	2	8	6	6	20	6	2	2	2	8	8	6	16	6	10	6	8	8	4	6	10	6	10	4	4	6	10	10	2	4	18
10.79	7.4	8	2	6	8	6	8	10	0	4	8	4	6	6	10	2	10	0	6	10	4	4	10	12	8	10	10	4	4	12	6	0	8	2	8	2	20	2	10	2	12	14	10	8	8	2	6	18	8	2	30
10.82	8.84	6	12	2	4	6	12	8	4	0	10	6	10	2	6	8	12	14	6	10	10	4	12	2	10	0	6	12	12	10	2	12	26	14	16	2	6	24	12	12	2	16	14	12	4	16	12	4	0	18	2
10.85	10.48	10	8	6	6	14	14	10	10	0	14	4	12	16	10	2	20	2	4	26	6	8	12	4	10	16	10	16	14	10	18	20	10	16	2	6	10	12	20	10	8	8	14	6	10	8	14	16	4	6	12
10.88	9	2	2	10	16	12	6	2	10	10	2	6	8	12	2	12	18	10	2	12	16	2	12	8	8	20	10	4	2	10	6	8	2	4	4	6	10	16	14	16	6	12	22	16	14	12	4	6	0	18	8
10.91	10.48	14	4	4	10	8	10	4	12	6	6	12	8	10	4	4	6	6	14	14	8	12	10	10	10	20	2	10	14	12	8	10	14	20	6	8	18	0	14	12	12	16	8	6	18	14	2	18	12	16	28
10.94	9	8	26	6	4	8	12	6	2	24	4	12	8	8	0	6	18	10	12	8	2	4	12	22	8	10	12	8	8	4	4	2	12	4	10	10	4	10	4	2	6	22	12	10	20	10	16	4	4	2	10
10.97	9.84	6	0	8	18	14	4	12	2	18	20	4	14	16	10	4	6	2	6	6	10	8	10	16	6	6	14	10	8	12	14	10	10	12	18	6	10	6	0	14	16	6	12	14	14	8	8	10	16	8	10
11	10.4	4	4	22	12	4	14	10	2	12	8	8	10	10	14	10	10	8	8	10	2	12	8	8	4	32	10	10	8	14	22	14	6	14	8	6	10	12	12	6	8	4	8	12	8	22	8	16	12	14	10
11.03	10.04	16	8	20	8	6	18	8	8	22	10	6	12	8	2	18	4	18	16	14	10	8	12	20	4	4	4	20	14	8	14	4	0	12	14	10	14	0	8	2	8	14	8	12	12	10	6	4	10	2	12
11.06	12.6	10	20	4	4	14	6	4	12	24	8	10	18	8	22	20	8	0	4	14	18	10	14	14	10	4	2	16	36	16	10	6	10	10	20	12	12	26	20	8	18	20	6	18	8	14	18	8	16	14	6
11.09	10.92	8	8	12	6	18	10	22	8	30	12	18	6	8	14	2	10	6	2	12	6	12	18	6	14	0	8	22	10	10	4	14	2	18	10	12	6	12	4	12	16	8	8	10	18	16	12	16	6	18	6
11.12	10.84	6	4	6	12	8	4	16	10	8	10	8	6	6	14	12	6	10	16	16	14	12	16	4	8	12	10	20	10	4	18	8	4	8	10	18	22	8	10	10	14	10	8	16	22	8	10	24	10	6	10
11.15	12.04	12	4	10	8	8	18	10	16	16	18	4	8	10	4	18	10	16	16	20	22	4	6	4	20	12	10	16	10	12	22	10	10	22	24	20	12	16	20	16	10	22	4	4	0	2	12	6	6	6	16
11.18	11.52	14	8	4	20	6	14	18	4	16	10	2	14	10	12	16	12	14	22	12	20	4	14	18	8	22	12	16	6	12	18	8	4	14	14	6	2	0	18	12	4	8	10	6	12	20	16	18	10	10	6
11.21	14.16	2	28	6	20	6	12	12	6	18	16	4	12	6	12	18	16	32	8	22	14	4	16	12	22	14	18	14	14	2	12	6	6	26	14	10	28	10	26	8	14	16	6	24	18	30	12	18	6	16	16
11.24	13.28	26	10	12	16	4	22	18	4	36	4	14	2	16	12	26	6	10	6	20	4	8	6	4	10	8	20	16	14	20	14	12	14	14	8	6	12	2	20	22	12	20	22	20	30	8	28	12	12	0	2
11.27	13.24	14	10	8	20	12	12	12	12	16	14	22	12	16	12	6	10	6	4	8	14	18	4	20	14	10	10	14	14	16	24	10	10	4	16	10	14	14	14	32	12	14	16	12	8	12	14	24	20	12	10
11.3	14.28	16	10	16	12	8	12	4	10	12	16	14	12	4	2	10	18	8	26	24	4	8	18	14	16	8	18	18	10	16	22	8	8	14	28	8	12	6	26	20	26	12	14	12	22	20	14	24	20	10	24
11.33	14.64	10	2	10	18	12	16	6	18	18	26	8	8	20	16	6	20	10	8	6	10	16	12	18	16	16	12	18	32	22	18	18	6	26	18	22	8	12	6	10	36	6	24	24	4	6	14	24	10	16	14
11.36	15.16	10	16	22	12	12	10	14	18	10	20	20	34	10	16	14	22	18	0	24	20	22	6	20	12	10	22	16	16	20	6	8	18	6	10	18	12	22	8	18	28	14	28	10	18	8	2	10	12	20	16
11.39	16.04	8	14	22	18	14	24	10	22	10	16	20	20	4	22	14	16	14	12	20	18	10	24	28	14	30	10	26	22	24	10	20	28	18	10	16	10	6	12	12	12	16	4	2	12	14	18	14	24	26	12
11.42	16.52	10	6	10	6	6	22	18	12	12	14	30	8	16	22	16	16	18	30	22	16	24	18	24	14	14	20	6	16	14	20	18	6	12	30	14	24	14	20	22	22	10	6	16	6	16	14	40	14	24	18
11.45	16.36	18	20	28	36	14	16	18	20	30	16	12	10	4	18	14	8	18	20	6	14	30	28	14	18	14	4	22	16	8	14	10	16	34	18	16	12	12	10	24	18	12	22	10	10	10	10	20	10	14	22
11.48	17.12	18	20	24	16	30	12	10	20	16	2	8	30	14	26	14	20	12	24	30	18	32	18	22	16	10	12	10	6	14	10	16	10	16	12	38	12	24	18	16	34	2	24	28	8	16	24	12	14	16	2
11.51	17.52	36	32	14	14	16	16	10	12	18	18	8	18	20	12	10	12	4	14	18	16	20	30	12	14	8	12	18	16	14	20	18	34	18	10	20	22	8	14	28	12	14	34	34	22	12	18	16	12	14	34
11.54	18	18	16	6	26	12	12	20	26	10	20	6	14	10	14	14	20	18	30	14	14	32	20	22	20	12	8	34	24	18	16	28	6	8	18	18	32	26	10	28	24	20	26	32	8	10	14	30	20	10	6
11.57	18.4	16	20	18	14	24	16	28	16	22	8	6	14	22	16	26	14	10	18	24	16	16	20	20	22	18	18	36	20	32	30	24	26	6	4	14	22	22	16	26	14	30	20	14	20	8	12	20	12	14	16
11.6	19.24	18	26	10	20	16	12	8	28	24	36	22	4	24	22	38	26	12	20	14	10	24	8	18	22	16	16	20	12	20	18	16	24	12	30	18	20	20	22	14	18	12	28	22	14	28	18	10	40	16	16
11.63	17.28	8	20	14	8	16	22	20	24	18	16	6	10	16	8	26	12	20	10	14	30	16	20	16	16	24	20	10	24	18	14	6	18	28	20	14	16	22	10	12	26	20	32	18	16	32	22	26	14	14	2
11.66	19.52	42	18	14	6	34	24	28	12	30	24	26	6	26	10	24	20	20	26	12	18	18	26	16	30	10	18	20	8	12	20	14	24	10	12	22	14	12	18	16	20	22	22	26	28	26	12	16	10	26	28
11.69	21.24	38	16	34	24	30	14	20	30	20	4	18	18	22	10	20	14	18	34	22	30	26	20	24	16	24	22	26	36	12	40	8	16	20	22	26	14	24	12	12	16	20	22	30	14	24	20	26	18	18	18
11.72	19.12	20	26	24	14	26	16	24	14	12	10	16	20	18	16	20	26	20	22	12	22	14	18	28	12	12	16	26	10	30	16	14	20	20	14	20	16	20	8	20	12	20	16	34	18	36	18	10	24	28	28
11.75	21.48	16	28	32	40	22	12	16	30	18	16	26	16	16	18	20	16	20	22	32	26	8	22	16	14	20	16	14	18	22	36	28	24	32	12	26	14	22	28	32	18	14	16	26	40	22	10	24	30	18	10
11.78	21.64	24	24	10	24	34	24	18	14	26	14	28	16	16	10	26	20	16	34	16	22	20	32	24	14	24	26	16	14	30	18	30	24	24	16	26	22	18	16	20	10	18	16	28	40	34	16	28	20	18	24
11.81	19.72	16	16	14	18	18	14	14	16	24	6	16	20	14	16	34	32	14	18	16	14	10	10	16	20	22	16	44	18	18	20	20	16	10	22	24	28	28	34	18	18	24	10	28	20	34	10	36	18	28	16
11.84	22.84	10	18	20	26	28	16	14	18	32	20	26	32	30	20	16	30	18	34	28	34	18	18	14	32	20	22	42	30	10	18	24	12	20	38	14	22	24	26	30	28	16	22	22	16	36	10	18	32	12	26
11.87	23.12	18	30	10	32	36	32	16	36	16	14	20	24	28	26	22	30	34	20	12	18	18	18	38	22	54	20	26	26	18	22	38	20	20	10	34	40	8	18	26	20	28	16	22	10	14	16	42	16	4	18
11.9	25.04	16	22	40	34	16	38	22	40	16	20	24	38	36	8	34	12	24	24	18	14	24	30	18	18	24	22	32	38	32	22	26	30	22	30	20	30	18	22	18	22	26	22	30	22	24	26	30	38	26	14
11.93	25.04	26	20	34	28	22	26	38	18	34	32	30	24	24	18	14	24	16	32	20	36	40	10	8	30	28	32	26	16	20	28	22	20	56	8	24	16	18	34	32	24	34	26	20	16	24	32	14	34	24	20
11.96	22.88	22	18	16	24	30	22	28	32	16	30	16	18	34	20	22	12	24	14	26	20	22	20	10	20	14	12	14	10	16	24	40	24	32	30	34	16	14	24	36	10	34	36	8	12	30	24	36	28	32	38
11.99	25.12	14	30	22	26	28	16	18	20	30	42	40	24	12	26	16	30	24	28	34	28	40	22	22	8	22	48	14	14	22	40	40	18	18	16	22	14	20	22	32	38	24	24	42	30	12	32	36	22	26	8
12.02	24.68	22	20	20	24	32	28	22	18	10	20	14	18	22	46	20	40	8	28	20	28	22	12	24	26	24	32	20	18	22	42	24	8	32	30	30	26	24	30	16	26	10	26	12	50	40	34	42	28	12	32
12.05	27.52	26	20	34	36	22	26	40	32	42	24	28	12	32	18	12	40	30	30	28	18	30	16	18	26	24	36	24	24	32	22	20	42	10	20	22	18	28	28	32	36	16	32	22	26	34	48	36	32	36	36
12.08	25.08	16	24	20	22	20	16	30	40	20	36	14	34	22	24	38	16	22	28	30	34	28	14	22	30	18	28	12	26	14	40	34	48	32	22	24	34	20	12	34	20	32	22	4	22	18	28	40	20	22	28
12.11	30.64	32	18	26	30	32	36	30	28	34	32	38	26	32	22	28	34	18	30	42	12	26	16	16	24	28	34	22	36	34	34	34	42	70	32	30	34	28	24	28	38	40	28	28	36	16	32	28	38	42	34
12.14	28.16	24	32	18	22	24	42	34	22	24	22	20	26	6	28	16	18	40	52	24	22	26	20	16	28	16	26	24	34	12	36	50	48	28	32	42	20	48	22	42	16	18	32	34	48	14	24	42	28	24	42
12.17	29.16	34	40	20	16	32	28	26	20	36	18	18	30	42	44	24	18	28	8	46	32	28	28	34	34	22	38	36	34	28	26	58	30	22	42	36	32	24	22	24	30	30	42	32	26	18	28	16	16	34	28
12.2	30.4	24	24	18	26	40	44	30	40	32	20	42	48	32	22	30	20	14	26	30	22	34	32	30	46	22	28	30	40	26	24	30	26	24	30	44	20	32	58	26	38	20	22	20	34	36	24	54	18	30	38
12.23	29.52	42	40	28	22	30	26	24	22	24	30	24	32	32	50	30	16	24	22	24	38	24	36	16	26	30	36	30	24	40	12	38	38	20	48	44	32	22	26	28	28	24	22	28	18	58	24	46	34	22	22
12.26	33.52	24	28	48	48	28	32	30	34	30	28	44	36	36	20	28	32	28	34	28	34	52	32	38	40	24	36	28	20	40	46	20	36	20	40	38	48	24	16	22	48	30	30	26	46	44	32	60	22	38	30
12.29	32.32	34	10	28	22	36	42	52	42	32	42	36	38	32	26	30	30	44	30	60	30	36	28	36	18	34	38	26	28	46	40	24	12	58	52	18	20	54	20	18	24	18	38	44	26	34	22	34	32	24	18
12.32	33.04	18	8	18	30	38	38	22	30	38	10	34	20	48	22	42	44	68	30	42	28	12	44	42	34	30	32	28	12	42	36	50	24	34	54	32	28	28	32	38	20	28	40	32	32	44	32	42	38	44	40
12.35	34.28	34	40	16	24	22	22	66	54	54	44	38	22	38	44	42	14	26	26	14	26	16	24	46	38	32	20	40	30	34	40	38	34	40	52	40	20	34	44	44	34	14	36	52	18	58	26	40	54	28	22
12.38	32.8	42	32	24	34	34	32	18	38	34	32	14	24	30	28	38	28	28	34	38	42	22	46	28	34	38	38	28	24	36	36	42	58	24	44	32	28	44	20	30	32	26	34	48	38	22	38	30	26	26	44
12.41	35.32	12	26	32	44	42	40	18	24	42	26	14	50	42	28	30	36	32	44	42	30	44	40	34	44	14	56	46	30	62	24	44	30	24	36	50	34	34	16	36	56	34	16	34	34	46	48	54	46	28	18
12.44	33.28	38	36	38	28	32	20	36	28	52	30	42	28	40	20	30	20	20	30	38	16	46	46	34	26	26	32	26	30	50	28	12	40	52	22	26	50	20	28	40	46	36	32	48	38	30	50	32	32	28	36
12.47	36.44	24	30	30	22	28	22	56	40	54	36	22	26	40	14	32	28	30	26	40	30	36	32	40	44	42	46	54	54	26	40	22	44	44	32	28	42	44	28	42	62	40	48	46	36	24	24	36	46	28	62
12.5	36.08	50	56	26	44	30	34	40	26	32	26	30	48	40	36	32	28	34	34	54	44	28	36	26	64	36	28	10	18	56	34	48	22	44	38	44	34	30	40	48	32	42	26	38	50	36	28	26	46	28	24
12.53	38.2	24	58	46	30	32	26	34	46	42	28	32	24	48	38	40	30	38	36	28	50	34	32	18	24	48	34	42	34	34	58	46	60	48	50	26	30	32	50	38	38	50	38	48	38	62	22	40	40	34	32
12.56	38.16	38	20	34	36	36	40	30	46	32	42	46	38	38	24	32	30	42	34	40	34	40	42	38	36	38	36	30	38	64	50	36	34	50	28	54	34	28	52	42	40	40	62	46	42	50	22	24	30	36	34
12.59	39.76	34	62	40	36	42	50	26	40	40	46	26	26	34	22	32	30	32	44	46	36	38	34	26	42	34	42	42	40	42	54	44	56	48	42	38	54	36	40	48	36	26	38	38	74	50	48	32	20	42	40
12.62	40.84	28	68	44	28	46	26	34	38	40	38	34	28	38	30	34	48	40	46	60	52	42	50	20	40	48	42	40	48	26	30	40	56	42	44	30	30	54	52	46	48	38	54	34	56	24	44	40	34	46	44
12.65	40.88	34	24	26	46	42	58	36	28	32	50	48	28	34	22	36	28	54	66	44	52	22	42	40	44	34	42	56	54	40	30	40	28	32	46	44	38	36	30	34	46	40	52	80	38	56	48	46	22	60	36
12.68	44.44	44	56	44	42	62	24	46	26	62	36	46	44	48	58	52	28	34	38	60	40	44	34	46	32	38	42	50	44	32	28	34	58	30	50	54	52	34	64	36	46	36	44	62	46	58	38	58	26	52	64
12.71	45.44	40	32	54	36	66	64	48	44	34	54	56	52	54	48	68	52	36	40	40	42	34	56	32	52	26	48	32	54	44	34	38	42	44	30	46	34	54	36	34	58	68	52	62	48	36	34	46	40	40	58
12.74	46.04	58	22	48	40	26	38	48	50	72	32	66	44	54	34	68	38	36	24	38	60	58	36	40	40	44	66	40	38	40	42	50	36	36	60	52	46	40	58	22	48	64	40	64	26	66	70	48	42	40	54
12.77	44.08	54	54	40	50	46	38	60	52	46	28	36	40	40	50	46	34	26	52	58	48	38	38	30	30	22	28	40	56	44	54	42	42	42	44	62	66	30	30	44	34	54	38	62	58	42	44	44	54	42	52
12.8	46.88	30	44	46	42	52	46	32	44	54	58	56	58	52	50	52	36	52	42	40	48	50	48	46	56	58	28	34	46	54	58	58	68	34	42	44	44	36	22	56	42	58	58	40	38	48	36	52	54	44	58
12.83	47.44	44	42	52	62	40	48	60	54	38	34	32	48	60	40	42	36	42	38	40	44	58	30	58	50	48	42	36	46	38	42	42	60	48	30	46	82	56	50	62	50	58	82	54	34	38	44	56	44	54	38
12.86	47.88	34	66	36	50	22	48	50	50	74	58	46	32	52	58	32	56	34	66	24	40	42	48	20	38	26	78	62	48	46	66	20	54	72	40	54	52	44	58	50	48	26	58	60	38	36	70	56	50	62	44
12.89	51.12	52	32	50	64	46	52	34	44	44	46	62	42	52	74	64	44	38	52	34	40	52	44	36	60	36	50	74	30	62	44	40	36	42	60	54	62	56	66	52	40	44	72	80	68	62	46	46	64	58	54
12.92	55	56	56	54	70	32	52	40	68	20	42	44	52	44	46	56	52	94	38	44	74	68	48	58	44	74	60	48	56	28	58	74	34	48	92	52	62	38	40	44	38	70	82	64	46	62	66	62	56	92	52
12.95	53.84	72	64	78	68	82	24	36	58	52	34	28	50	24	52	44	66	46	60	66	48	60	46	60	56	38	36	54	76	40	60	78	50	58	56	74	52	48	54	48	44	36	62	66	76	46	58	66	54	40	48
12.98	52.4	56	36	40	64	58	30	60	38	44	64	56	42	38	28	64	68	42	56	68	48	44	40	56	38	42	66	48	54	44	50	66	42	70	70	68	60	48	42	60	58	50	52	72	48	46	46	60	74	58	48
13.01	55.16	72	56	54	52	20	62	44	56	58	54	46	36	50	38	54	46	54	60	60	54	74	50	48	60	80	46	76	44	46	58	68	50	56	86	72	52	54	40	68	66	48	78	50	50	88	54	66	46	26	32
13.04	54.96	48	62	52	46	62	50	54	70	48	36	36	68	80	54	62	54	64	56	60	50	38	36	52	40	68	58	60	64	34	44	60	52	72	76	34	60	42	74	44	68	50	64	26	52	48	68	50	76	62	64
13.07	58.08	66	76	38	56	48	44	40	54	66	66	64	56	52	70	52	90	58	68	38	54	84	68	74	44	58	72	68	82	54	58	42	60	44	68	56	44	72	60	72	72	40	40	42	68	52	68	60	56	50	20
13.1	54.36	62	32	48	52	60	50	46	48	64	50	56	58	50	58	56	62	76	56	40	42	56	66	74	56	60	40	48	64	50	44	46	60	36	54	58	64	68	50	50	74	58	60	26	42	68	62	64	58	42	54
13.13	57.72	64	44	60	30	60	56	48	60	54	56	58	54	42	60	68	84	76	74	70	50	48	52	56	70	46	56	68	64	58	50	66	58	50	52	50	46	70	58	72	52	66	54	36	84	58	72	66	46	34	60
13.16	59.4	46	54	64	52	62	60	72	68	50	56	52	58	58	36	66	52	54	100	66	52	58	48	82	40	58	72	36	52	58	68	66	52	64	52	44	36	70	78	58	70	66	76	44	48	64	68	78	48	86	52
13.19	62.56	74	64	54	62	52	62	60	78	38	70	42	82	32	46	68	62	52	54	50	34	86	70	78	92	44	64	68	42	52	54	70	80	52	82	68	68	66	68	44	86	48	70	80	54	64	88	66	92	50	46
13.22	61.96	64	82	66	52	54	50	60	78	64	70	74	52	62	50	34	24	52	70	50	50	76	72	72	40	78	42	54	64	88	84	48	58	58	54	64	70	50	78	66	78	62	72	90	66	60	66	72	68	50	40
13.25	60.8	60	54	42	68	30	54	62	46	52	74	64	58	58	56	42	68	58	32	56	70	60	56	100	40	56	48	88	42	68	78	72	64	76	72	60	58	80	50	62	58	74	72	52	58	74	42	36	76	72	92
13.28	65.56	58	74	60	60	66	66	48	74	66	66	66	44	54	64	74	72	52	72	84	68	52	56	54	58	56	54	60	88	54	50	70	60	82	52	48	58	84	82	62	62	48	106	74	82	116	54	68	58	84	58
13.31	66.92	78	96	76	46	76	64	64	76	76	62	34	74	70	72	64	72	48	50	42	70	84	74	82	56	60	52	66	38	74	84	84	88	76	68	76	96	36	64	60	106	46	68	48	52	82	72	58	68	58	60
13.34	66.64	58	74	68	40	76	46	56	70	56	52	90	68	68	50	108	96	72	86	60	60	72	44	50	72	54	56	46	76	60	74	90	80	84	68	44	62	70	50	96	76	72	64	62	68	54	64	52	80	66	72
13.37	68.28	84	42	66	48	48	78	68	82	94	46	50	60	76	76	58	64	88	74	72	72	88	64	90	80	52	66	54	76	72	104	68	72	56	44	72	74	96	52	56	66	68	50	56	64	60	72	78	86	86	46
13.4	65.52	66	56	48	76	56	68	50	64	54	68	74	40	72	58	74	72	84	64	60	64	62	64	52	78	80	70	58	68	68	62	50	76	68	64	64	56	62	62	78	64	70	82	62	84	60	70	66	80	74	54
13.43	71.48	68	68	82	62	82	90	60	98	78	90	52	46	76	48	90	58	60	92	102	46	76	50	76	80	88	52	72	76	64	76	78	56	64	60	84	62	62	52	56	60	80	86	44	98	74	100	80	88	78	54
13.46	76.24	66	68	56	90	48	84	104	90	46	104	60	100	52	140	108	76	64	72	118	88	66	72	62	84	60	92	72	78	64	78	62	48	78	70	76	100	84	80	78	78	70	94	58	68	54	70	76	48	80	78
13.49	73.32	64	92	86	46	54	74	96	54	78	70	60	68	60	62	52	62	68	90	80	86	92	60	80	66	76	74	80	50	84	74	64	88	60	84	86	74	70	94	64	66	86	80	74	68	72	86	118	44	76	74
13.52	75.56	114	68	82	68	64	102	74	84	64	42	60	74	62	82	82	80	80	56	74	60	90	74	82	72	56	68	78	60	66	66	114	78	76	74	66	74	60	92	98	100	70	64	84	70	78	90	116	62	64	64
13.55	79.6	86	76	100	48	82	88	56	82	100	68	72	82	94	76	100	68	86	52	62	64	76	92	78	66	46	108	58	96	76	74	80	74	82	90	106	92	62	68	98	68	78	98	80	86	78	92	116	72	80	68
13.58	79.68	50	98	74	86	114	82	84	86	86	54	92	66	74	62	70	64	78	82	76	78	58	70	50	72	96	82	116	70	76	82	66	76	80	110	92	82	104	54	100	78	52	76	84	72	86	72	120	86	78	88
13.61	80.28	70	88	78	116	72	118	106	74	56	78	46	76	94	116	74	74	104	58	64	98	44	88	90	66	92	116	88	60	64	82	88	114	86	112	76	40	58	62	78	88	80	66	92	76	82	72	72	72	64	86
13.64	80.52	72	104	104	84	68	86	70	72	72	62	60	68	104	76	74	100	78	72	62	90	72	136	78	76	60	86	36	102	128	62	108	64	74	76	68	86	104	62	110	84	84	82	60	68	100	76	60	64	92	90
13.67	80.76	90	64	100	86	86	76	100	60	94	92	82	78	72	58	108	62	94	104	70	92	86	70	90	106	100	62	76	36	78	102	56	58	86	86	94	72	70	104	72	96	82	84	72	80	90	78	80	82	50	72
13.7	83.4	86	116	116	64	76	114	64	90	88	108	78	92	60	68	112	78	90	84	78	98	90	94	66	74	70	70	78	110	90	100	74	86	64	66	102	82	108	74	66	56	90	72	108	82	42	70	86	68	96	76
13.73	85.92	114	88	62	92	90	80	90	82	68	76	82	64	110	48	98	72	76	84	80	80	64	74	100	64	90	72	106	84	70	82	80	110	102	96	82	90	78	72	82	78	78	104	90	98	104	114	80	114	98	104
13.76	87.56	78	78	66	92	60	134	92	86	94	78	110	72	86	66	66	72	78	116	62	72	82	96	78	90	84	68	88	80	82	102	74	98	94	100	106	76	94	106	98	124	90	106	52	130	88	100	74	98	70	92
13.79	92.16	80	104	102	78	60	76	112	130	114	124	90	74	86	56	72	70	124	102	102	80	104	84	78	76	88	88	90	114	90	88	112	98	100	100	102	82	88	94	74	110	114	94	100	86	80	88	108	84	96	62
13.82	91.56	104	64	68	78	100	114	68	64	94	100	108	106	98	84	76	78	96	90	76	102	100	68	78	110	62	80	112	76	104	84	80	116	78	74	96	102	100	110	88	78	124	76	82	74	102	128	116	88	116	108
13.85	88.56	76	82	104	80	46	100	74	78	94	74	78	88	82	76	104	70	96	122	102	88	70	94	98	108	84	76	110	68	82	104	102	90	74	82	82	96	64	100	82	94	90	92	78	100	80	118	84	86	118	108
13.88	92.76	96	100	118	102	70	68	88	98	96	50	68	78	126	74	124	74	94	90	92	86	92	112	136	98	68	96	84	70	96	106	94	82	78	102	78	116	128	94	116	106	106	112	92	84	72	124	96	52	72	84
13.91	94.64	96	102	106	98	110	114	76	74	84	116	100	88	84	76	88	84	102	106	106	78	102	64	80	78	76	102	84	98	108	108	88	92	100	78	90	110	98	106	60	122	110	124	68	102	92	96	92	134	96	86
13.94	96.16	82	108	88	82	54	88	88	106	88	110	98	78	106	76	130	94	58	94	80	92	92	92	84	108	116	84	92	100	106	84	90	108	104	98	68	138	106	114	124	108	86	102	84	98	120	76	102	108	110	106
13.97	97.64	80	80	90	118	82	98	100	114	92	108	68	88	104	84	90	98	124	96	88	114	116	100	84	110	88	120	102	88	90	142	100	64	104	118	76	108	96	98	100	94	86	98	96	118	82	72	124	122	78	92
14	102.8	78	110	98	122	118	94	100	116	100	94	96	130	118	62	104	94	94	110	112	74	94	82	94	104	94	110	74	86	104	122	126	114	114	136	112	94	88	168	92	86	94	122	114	96	108	98	76	98	98	120
14.03	101.4	120	106	70	134	74	66	84	84	90	92	134	104	84	124	94	102	110	98	76	116	80	86	108	98	90	108	62	90	86	102	96	136	102	94	122	100	108	78	118	102	74	108	120	90	134	118	108	148	126	114
14.06	102.9	106	62	114	108	114	106	108	110	112	82	110	104	124	112	134	94	120	82	100	76	86	124	138	80	144	104	98	106	130	102	96	118	94	56	108	122	66	102	98	118	96	122	96	94	110	96	92	88	86	96
14.09	100.8	94	96	108	104	88	120	132	106	104	80	84	106	88	90	70	94	76	116	102	94	102	124	104	98	108	90	118	104	74	90	104	78	120	94	106	100	92	116	108	96	98	92	106	116	96	114	88	142	106	102
14.12	107.7	120	118	106	116	92	92	116	94	100	106	118	94	116	92	128	126	102	100	120	114	84	100	124	92	132	104	102	90	126	78	106	122	96	140	84	140	106	80	122	104	100	126	102	114	106	130	94	112	94	104
14.15	108.3	112	110	118	108	122	98	98	96	120	70	134	96	88	96	106	116	108	112	120	96	100	110	94	166	110	112	102	90	70	82	132	96	98	126	124	124	68	146	124	132	98	130	128	100	82	114	124	114	94	100
14.18	110	108	108	114	90	90	112	122	74	126	126	104	114	148	102	120	108	126	100	92	88	136	84	104	98	136	104	100	108	128	94	94	106	94	120	114	134	112	128	104	106	102	134	96	112	134	110	84	112	124	118
14.21	107.8	108	112	110	128	154	120	110	104	78	134	88	106	104	96	110	102	98	118	94	94	94	150	102	98	108	106	92	134	112	70	102	112	116	92	106	90	108	72	120	118	84	104	112	118	108	132	124	112	120	108
14.24	114.5	140	172	116	84	124	106	102	104	114	106	104	118	90	112	128	102	120	118	116	132	136	92	110	128	124	128	106	118	118	124	100	136	108	98	132	74	140	122	132	74	98	128	92	124	124	148	82	104	112	104
14.27	116.4	136	92	90	124	130	140	114	136	134	136	120	116	110	104	110	88	110	124	126	126	110	76	128	100	84	138	118	94	112	132	122	110	132	106	94	122	134	130	104	120	90	148	114	160	104	112	90	142	134	94
14.3	114	98	132	120	104	96	114	116	64	144	100	122	132	84	86	96	130	130	110	90	142	104	136	110	96	106	100	140	110	96	134	136	100	120	78	92	112	132	134	144	142	132	96	102	120	154	108	108	94	112	142
14.33	119.7	162	130	110	126	132	98	124	80	160	98	90	108	138	118	112	98	142	118	124	108	144	122	134	96	104	110	122	162	122	124	118	102	134	118	94	94	138	138	128	124	94	86	132	112	106	114	118	140	144	134
14.36	116.5	96	146	106	104	148	82	84	108	120	118	98	114	110	124	98	128	98	134	116	92	138	112	68	132	124	156	104	74	122	108	86	122	124	116	130	158	116	88	120	128	172	104	102	134	108	118	152	134	126	126
14.39	123.2	108	110	122	116	128	96	124	140	94	122	140	128	122	128	104	122	116	122	102	136	136	126	68	134	116	128	110	114	134	146	122	168	110	140	136	144	122	128	124	132	116	126	142	150	134	96	130	86	132	128
14.42	123.7	118	124	104	98	122	168	120	132	156	114	104	126	118	136	124	148	104	94	138	142	102	132	130	122	144	144	176	80	100	116	138	120	142	124	122	110	84	108	128	142	112	106	112	108	112	126	108	148	140	158
14.45	121.6	104	90	114	126	156	116	130	132	104	192	98	122	124	138	138	130	122	136	114	130	112	122	118	96	82	132	136	120	148	106	116	116	114	118	154	110	122	114	164	118	112	144	144	108	100	110	110	100	104	114
14.48	125.6	142	94	164	138	106	102	118	114	140	142	158	154	116	132	108	118	106	104	114	176	132	118	132	100	120	124	136	136	146	86	122	164	106	130	146	126	138	120	112	136	102	128	148	128	124	134	122	82	138	100
14.51	123.8	138	122	134	174	116	138	132	90	118	104	114	96	106	142	140	110	110	140	138	142	100	122	146	100	110	118	102	108	120	134	160	118	140	104	112	128	96	142	106	140	162	180	126	112	102	124	102	112	100	158
14.54	136.2	150	116	122	138	124	108	118	118	106	140	124	110	110	136	144	164	124	164	162	120	160	156	136	144	152	102	118	112	136	134	174	118	138	146	166	146	134	148	120	140	170	176	126	156	156	140	152	114	120	124
14.57	127.4	96	102	126	84	150	94	92	140	148	128	122	132	146	126	116	124	142	112	114	106	160	110	176	128	120	132	142	124	128	136	128	130	118	138	118	102	122	140	120	164	164	98	140	102	110	132	136	134	148	172
14.6	137.2	142	112	146	156	136	146	134	116	116	118	130	156	128	132	128	156	158	166	134	118	124	144	116	172	116	158	168	138	142	120	170	116	122	136	124	124	156	158	138	134	140	130	156	108	106	136	126	156	148	152
14.63	134	112	138	162	124	152	150	124	128	162	168	120	136	126	116	126	126	122	136	120	136	114	128	150	96	142	124	132	130	170	142	114	104	122	148	128	134	124	170	134	124	122	122	152	152	142	162	126	132	140	138
14.66	137.2	130	120	134	146	132	98	122	136	138	142	92	174	150	124	142	138	134	116	130	152	172	90	150	166	126	168	128	128	114	126	114	156	126	152	154	196	148	146	148	160	156	130	126	154	134	110	114	150	140	130
14.69	141.8	142	126	146	194	132	114	150	134	200	164	114	150	138	118	144	170	166	158	164	134	130	130	102	136	110	156	136	142	150	104	206	128	170	144	122	128	140	120	150	148	110	148	160	114	136	146	148	140	138	140
14.72	137	98	164	128	162	120	114	120	130	180	134	124	114	122	120	126	136	156	120	144	128	122	128	136	150	136	174	180	160	154	114	124	126	102	136	124	160	150	180	140	182	112	148	144	118	98	146	114	196	126	132
14.75	143.1	108	146	134	118	156	156	140	128	142	156	192	164	154	136	136	130	102	164	128	114	130	126	132	148	138	168	126	166	110	150	142	132	134	132	162	108	116	148	150	148	162	164	174	142	140	148	238	130	114	174
14.78	139.6	116	112	130	110	130	116	124	150	148	134	172	128	156	132	138	124	120	128	146	158	162	126	108	154	136	128	142	128	142	114	140	190	158	138	180	160	156	154	120	120	150	154	136	160	156	148	146	140	122	142
14.81	143.9	144	104	176	150	136	140	126	152	126	152	188	116	156	122	122	146	142	152	160	160	158	128	158	154	154	140	178	158	152	138	140	122	122	148	160	126	140	140	142	158	158	160	118	124	118	140	170	136	134	150
14.84	141	118	146	138	154	158	136	156	150	144	116	128	134	134	130	156	142	130	128	132	150	138	162	108	128	156	122	120	140	132	170	128	144	174	146	110	166	126	108	162	160	120	154	200	164	170	114	160	130	134	122
14.87	154.4	162	144	168	170	152	174	126	180	144	124	154	152	162	112	168	184	132	180	166	162	124	108	158	170	170	192	118	174	162	156	134	146	156	138	144	174	146	164	156	188	130	182	148	154	124	136	156	152	178	168
14.9	154.8	144	196	138	146	210	174	134	184	98	140	110	156	152	156	92	130	156	118	182	200	168	148	130	168	172	128	144	146	140	152	130	140	154	152	170	162	176	176	182	170	118	144	194	158	214	208	154	158	146	122
14.93	150.5	162	138	142	134	154	146	138	146	150	138	140	156	146	194	126	164	182	168	154	172	156	170	150	142	150	112	130	132	180	158	172	216	162	136	104	142	154	160	120	168	124	168	138	134	168	160	140	130	180	120
14.96	157	156	166	194	202	110	110	190	146	180	112	148	164	158	140	128	192	158	156	146	156	180	166	164	130	124	160	184	154	156	124	164	152	126	232	142	180	162	144	164	154	162	158	176	158	166	182	142	162	138	130
14.99	159.2	130	190	174	150	116	200	146	144	180	150	144	152	154	176	162	138	174	152	176	152	152	160	186	154	122	154	192	190	154	174	146	142	146	160	182	174	158	170	170	158	166	122	158	126	176	204	154	184	152	112
15.02	156	170	118	168	164	166	152	190	168	150	140	148	144	104	176	140	160	164	188	138	118	166	148	124	160	124	178	186	140	148	196	182	168	130	132	186	144	130	132	180	160	144	176	182	148	168	156	166	148	162	168
15.05	163.2	144	156	168	130	154	182	140	184	154	184	128	188	146	158	164	198	120	176	176	168	140	140	164	136	162	122	148	154	168	152	142	202	192	178	182	182	174	216	172	172	138	170	184	164	158	122	176	166	154	212
15.08	162.6	128	138	174	162	148	190	174	194	180	152	192	172	164	148	176	136	128	172	176	116	192	168	114	164	138	148	148	150	182	158	164	204	158	152	162	156	158	220	182	160	180	190	160	174	198	144	118	160	146	164
15.11	158.5	138	166	158	158	122	188	200	136	148	172	144	194	152	140	140	166	148	180	202	176	134	182	146	128	150	114	156	124	200	164	162	170	174	182	144	150	148	152	164	182	142	146	188	162	148	142	146	188	140	168
15.14	167.7	172	142	154	208	142	138	180	162	166	204	210	116	160	152	170	138	158	176	190	168	202	158	174	174	166	168	148	138	162	152	184	168	188	198	184	152	176	156	158	194	190	174	172	186	154	138	178	156	152	180
15.17	167.9	162	196	154	152	162	170	166	176	164	172	146	154	140	146	192	168	194	168	164	142	196	182	166	140	142	166	130	130	218	134	154	164	162	184	172	184	194	182	158	150	184	204	188	164	170	184	180	202	170	152
15.2	172.2	182	192	152	176	136	156	172	168	138	134	124	172	152	172	174	126	194	138	196	184	180	140	144	200	204	144	150	170	184	190	142	210	168	158	202	164	196	188	198	190	176	164	226	190	184	238	168	192	166	146
15.23	165.7	200	142	160	160	184	178	134	160	164	182	132	176	148	150	120	162	176	156	150	178	170	172	164	152	182	138	186	178	190	156	180	180	166	132	148	182	144	182	158	210	148	170	178	190	186	158	146	158	156	214
15.26	175.8	158	186	184	154	212	224	154	162	178	172	156	182	170	158	174	154	182	180	142	182	200	130	202	178	174	168	184	172	196	138	206	174	158	216	200	128	174	154	230	186	198	150	180	194	160	164	204	134	194	180
15.29	190.1	224	144	186	204	208	184	186	158	184	166	190	164	188	194	152	208	192	222	212	252	160	184	172	182	174	182	208	192	212	190	226	186	208	164	148	194	168	160	196	198	204	212	186	182	242	204	158	178	222	194
15.32	173.5	178	132	184	214	162	184	182	150	222	172	154	156	184	180	170	174	174	176	174	184	154	126	170	146	152	174	180	160	194	210	168	184	136	148	166	226	188	148	184	154	166	204	176	208	110	188	184	186	188	192
15.35	182.6	170	162	190	186	186	200	146	160	206	166	224	214	172	156	178	184	158	190	204	168	136	204	208	160	180	178	220	160	210	160	150	182	212	204	166	178	182	162	184	194	236	256	178	182	168	168	154	198	178	162
15.38	182.4	164	156	190	152	160	196	180	176	196	184	202	192	142	168	194	148	204	166	162	176	164	206	166	184	192	170	206	160	174	224	204	172	202	186	202	178	194	196	176	206	178	172	174	166	222	166	194	190	200	190
15.41	188.9	162	144	204	156	196	210	208	152	184	164	150	220	190	168	218	214	176	208	210	204	204	216	176	150	226	180	184	174	178	174	204	188	182	220	182	212	174	140	184	208	194	180	202	200	188	192	198	202	196	200
15.44	188.8	202	170	216	166	188	162	204	206	242	212	182	152	194	196	232	178	180	194	196	196	210	158	186	120	196	200	216	208	194	156	220	160	258	192	186	162	236	178	192	198	220	174	178	158	198	140	122	190	212	152
15.47	188.6	160	150	182	162	194	166	184	178	184	142	140	152	176	170	176	204	172	202	228	196	214	196	182	194	234	188	196	220	142	258	214	190	148	198	198	194	196	262	216	206	194	174	184	210	190	190	208	196	152	168
15.5	191.1	198	150	144	166	190	234	192	204	164	232	194	140	212	180	176	200	188	220	174	144	226	188	172	184	138	186	182	196	186	200	206	220	222	150	234	144	192	212	184	206	190	218	164	198	224	180	248	208	176	220
15.53	188	178	152	182	184	156	206	238	188	230	192	182	224	194	214	208	194	190	198	156	176	174	166	166	184	172	156	216	218	166	208	198	180	176	216	180	188	194	208	132	160	184	204	192	174	194	176	184	230	182	182
15.56	200.4	202	152	220	224	192	228	192	178	204	224	230	238	178	220	182	184	190	176	188	184	212	194	174	244	242	188	188	170	208	172	244	190	210	212	216	190	182	192	190	228	226	210	156	218	226	186	182	212	198	174
15.59	201.9	188	190	228	162	162	204	200	230	190	248	160	168	220	202	178	198	230	208	184	174	208	210	230	160	212	186	188	202	230	214	178	170	222	254	236	226	248	206	172	188	162	220	212	210	170	190	230	188	210	240
15.62	204.8	224	238	190	200	190	240	174	182	186	224	158	196	194	168	166	200	190	212	214	204	184	208	224	206	218	190	228	182	198	174	234	214	220	220	212	220	200	222	224	210	230	182	250	186	248	176	210	216	206	200
15.65	196.2	194	138	206	174	176	164	202	214	160	202	230	190	192	206	196	196	194	182	226	242	194	208	166	222	190	234	152	224	168	192	192	192	194	190	212	174	216	214	172	224	248	214	176	180	224	200	174	226	190	164
15.68	197.8	156	200	244	208	198	174	206	198	180	226	162	194	222	170	178	174	162	214	206	174	162	232	176	166	138	196	210	236	208	184	212	188	188	202	194	180	236	228	168	232	146	246	180	230	184	264	194	204	200	258
15.71	203.1	174	238	190	214	200	234	188	238	204	162	252	208	224	202	170	168	214	194	178	208	214	190	172	198	182	202	206	202	192	214	164	192	180	232	222	192	234	212	210	220	184	226	198	160	182	214	234	208	208	252
15.74	210.9	236	244	202	266	216	186	206	190	188	206	202	174	172	222	248	196	242	234	218	148	204	172	220	206	190	168	184	220	222	230	228	176	210	218	178	214	246	264	224	198	242	226	214	174	214	202	252	196	206	252
15.77	210.2	204	224	232	258	194	218	164	240	206	160	230	260	174	220	210	190	218	222	178	194	172	220	184	230	246	200	158	228	242	210	240	180	152	180	196	232	240	202	210	214	182	226	192	198	236	236	190	256	230	232
15.8	214.4	202	208	188	220	232	208	200	196	234	192	230	216	286	190	194	184	240	216	240	234	260	210	204	228	208	212	194	216	204	250	248	210	212	224	220	246	194	186	150	174	210	228	220	208	188	224	268	204	196	212
15.83	213.6	222	246	226	172	200	156	180	200	224	208	188	206	190	198	226	178	230	248	254	256	192	208	206	210	214	244	202	210	190	208	224	202	218	172	220	192	168	250	242	248	238	186	210	252	238	256	218	220	210	226
15.86	215.1	266	260	186	164	202	242	190	222	290	222	230	176	222	176	180	216	232	280	220	220	188	200	184	236	242	224	176	198	202	220	164	184	236	234	266	194	262	214	280	190	210	216	224	200	222	206	218	178	220	172
15.89	219	212	252	176	198	196	224	216	196	210	240	230	216	200	206	238	226	234	216	184	222	230	210	210	220	236	192	214	202	230	186	246	222	200	272	278	226	188	188	244	216	266	256	234	198	238	196	226	228	222	184
15.92	222.1	196	166	250	222	194	230	190	204	230	198	184	204	202	154	234	224	256	192	196	198	242	218	210	220	240	280	214	234	240	230	252	236	240	200	276	214	210	204	244	264	230	212	222	264	254	234	206	270	232	188
15.95	220.1	192	214	186	176	208	262	230	230	200	202	182	200	240	198	216	204	262	246	226	184	234	228	180	236	210	198	240	248	244	204	194	236	240	236	190	208	230	248	250	202	272	270	256	202	164	214	252	218	196	248
15.98	223.6	194	232	188	218	200	224	256	204	184	152	236	226	216	232	272	208	226	162	220	202	236	226	230	256	242	210	234	230	272	276	268	190	196	214	208	248	238	218	188	246	212	196	260	262	260	238	242	208	212	214
