# Energy shift = 1.07
# Y-offset = 0.0042+-0.0012, AE = 13.7643+-0.0799, Scale Factor = 0.1124+-0.0178, Alpha = 1.6025+-0.1437
# Y-offset = 0.0+-0.0202, AE = 16.2897+-0.137, Scale Factor = 0.7313+-0.0813, Alpha = 0.9629+-0.407
# Y-offset = 0.0+-0.0099, AE = 17.2758+-0.1, Scale Factor = 3.6267+-1.3694, Alpha = 0.6705+-0.5226
# -------------------------------------------------------------
Energy	Counts	Errors	Combined Fit	Fit 1	Fit 2(incl. prev.)	Fit 3(incl. prev.)
12.070000	5.848000	0.295262	0.004157	0.004157	0.004157	0.004157
12.090000	0.000000	0.000000	0.004157	0.004157	0.004157	0.004157
12.110000	0.030300	0.004140	0.004157	0.004157	0.004157	0.004157
12.130000	0.000000	0.000000	0.004157	0.004157	0.004157	0.004157
12.150000	0.015150	0.002893	0.004157	0.004157	0.004157	0.004157
12.170000	0.030300	0.004140	0.004157	0.004157	0.004157	0.004157
12.190000	0.015150	0.002893	0.004157	0.004157	0.004157	0.004157
12.210000	0.015150	0.002893	0.004157	0.004157	0.004157	0.004157
12.230000	0.015150	0.002893	0.004157	0.004157	0.004157	0.004157
12.250000	0.015150	0.002893	0.004157	0.004157	0.004157	0.004157
12.270000	0.030300	0.004140	0.004157	0.004157	0.004157	0.004157
12.290000	0.000000	0.000000	0.004157	0.004157	0.004157	0.004157
12.310000	0.030300	0.005785	0.004157	0.004157	0.004157	0.004157
12.330000	0.030300	0.004140	0.004157	0.004157	0.004157	0.004157
12.350000	0.015150	0.002893	0.004157	0.004157	0.004157	0.004157
12.370000	0.015150	0.002893	0.004157	0.004157	0.004157	0.004157
12.390000	0.000000	0.000000	0.004157	0.004157	0.004157	0.004157
12.410000	0.030300	0.004140	0.004157	0.004157	0.004157	0.004157
12.430000	0.045450	0.006531	0.004157	0.004157	0.004157	0.004157
12.450000	0.015150	0.002893	0.004157	0.004157	0.004157	0.004157
12.470000	0.090910	0.010262	0.004157	0.004157	0.004157	0.004157
12.490000	0.000000	0.000000	0.004157	0.004157	0.004157	0.004157
12.510000	0.015150	0.002893	0.004157	0.004157	0.004157	0.004157
12.530000	0.030300	0.004140	0.004157	0.004157	0.004157	0.004157
12.550000	0.015150	0.002893	0.004157	0.004157	0.004157	0.004157
12.570000	0.015150	0.002893	0.004157	0.004157	0.004157	0.004157
12.590000	0.015150	0.002893	0.004157	0.004157	0.004157	0.004157
12.610000	0.030300	0.004140	0.004157	0.004157	0.004157	0.004157
12.630000	0.015150	0.002893	0.004157	0.004157	0.004157	0.004157
12.650000	0.060610	0.007228	0.004157	0.004157	0.004157	0.004157
12.670000	0.030300	0.004140	0.004157	0.004157	0.004157	0.004157
12.690000	0.000000	0.000000	0.004157	0.004157	0.004157	0.004157
12.710000	0.060610	0.007228	0.004157	0.004157	0.004157	0.004157
12.730000	0.015150	0.002893	0.004157	0.004157	0.004157	0.004157
12.750000	0.000000	0.000000	0.004157	0.004157	0.004157	0.004157
12.770000	0.030300	0.004140	0.004157	0.004157	0.004157	0.004157
12.790000	0.030300	0.004140	0.004157	0.004157	0.004157	0.004157
12.810000	0.000000	0.000000	0.004157	0.004157	0.004157	0.004157
12.830000	0.015150	0.002893	0.004157	0.004157	0.004157	0.004157
12.850000	0.045450	0.006531	0.004157	0.004157	0.004157	0.004157
12.870000	0.030300	0.004140	0.004157	0.004157	0.004157	0.004157
12.890000	0.015150	0.002893	0.004157	0.004157	0.004157	0.004157
12.910000	0.030300	0.004140	0.004157	0.004157	0.004157	0.004157
12.930000	0.000000	0.000000	0.004157	0.004157	0.004157	0.004157
12.950000	0.030300	0.004140	0.004157	0.004157	0.004157	0.004157
12.970000	0.045450	0.005131	0.004157	0.004157	0.004157	0.004157
12.990000	0.015150	0.002893	0.004157	0.004157	0.004157	0.004157
13.010000	0.000000	0.000000	0.004157	0.004157	0.004157	0.004157
13.030000	0.045450	0.006531	0.004157	0.004157	0.004157	0.004157
13.050000	0.000000	0.000000	0.004157	0.004157	0.004157	0.004157
13.070000	0.015150	0.002893	0.004157	0.004157	0.004157	0.004157
13.090000	0.000000	0.000000	0.004157	0.004157	0.004157	0.004157
13.110000	0.000000	0.000000	0.004157	0.004157	0.004157	0.004157
13.130000	0.000000	0.000000	0.004157	0.004157	0.004157	0.004157
13.150000	0.030300	0.004140	0.004157	0.004157	0.004157	0.004157
13.170000	0.060610	0.011571	0.004157	0.004157	0.004157	0.004157
13.190000	0.030300	0.004140	0.004157	0.004157	0.004157	0.004157
13.210000	0.030300	0.004140	0.004157	0.004157	0.004157	0.004157
13.230000	0.030300	0.004140	0.004157	0.004157	0.004157	0.004157
13.250000	0.045450	0.006531	0.004157	0.004157	0.004157	0.004157
13.270000	0.030300	0.004140	0.004157	0.004157	0.004157	0.004157
13.290000	0.015150	0.002893	0.004157	0.004157	0.004157	0.004157
13.310000	0.030300	0.004140	0.004158	0.004158	0.004158	0.004158
13.330000	0.030530	0.004142	0.004158	0.004158	0.004158	0.004158
13.350000	0.000000	0.000000	0.004158	0.004158	0.004158	0.004158
13.370000	0.045800	0.005135	0.004159	0.004159	0.004159	0.004159
13.390000	0.000000	0.000000	0.004161	0.004161	0.004161	0.004161
13.410000	0.045800	0.005135	0.004163	0.004163	0.004163	0.004163
13.430000	0.000000	0.000000	0.004167	0.004167	0.004167	0.004167
13.450000	0.045800	0.005135	0.004173	0.004173	0.004173	0.004173
13.470000	0.076340	0.006784	0.004184	0.004184	0.004184	0.004184
13.490000	0.045800	0.006534	0.004200	0.004200	0.004200	0.004200
13.510000	0.061070	0.007233	0.004225	0.004225	0.004225	0.004225
13.530000	0.076340	0.006784	0.004261	0.004261	0.004261	0.004261
13.550000	0.091600	0.011036	0.004315	0.004315	0.004315	0.004315
13.570000	0.091600	0.008533	0.004392	0.004392	0.004392	0.004392
13.590000	0.015270	0.002893	0.004501	0.004501	0.004501	0.004501
13.610000	0.030530	0.004142	0.004650	0.004650	0.004650	0.004650
13.630000	0.000000	0.000000	0.004852	0.004852	0.004852	0.004852
13.650000	0.030530	0.004142	0.005120	0.005120	0.005120	0.005120
13.670000	0.015270	0.002893	0.005469	0.005469	0.005469	0.005469
13.690000	0.091600	0.009441	0.005917	0.005917	0.005917	0.005917
13.710000	0.030530	0.005787	0.006479	0.006479	0.006479	0.006479
13.730000	0.000000	0.000000	0.007176	0.007176	0.007176	0.007176
13.750000	0.091600	0.007515	0.008024	0.008024	0.008024	0.008024
13.770000	0.076340	0.009747	0.009041	0.009041	0.009041	0.009041
13.790000	0.045800	0.006534	0.010242	0.010242	0.010242	0.010242
13.810000	0.000000	0.000000	0.011643	0.011643	0.011643	0.011643
13.830000	0.091600	0.008533	0.013255	0.013255	0.013255	0.013255
13.850000	0.045800	0.005135	0.015086	0.015086	0.015086	0.015086
13.870000	0.106900	0.010001	0.017144	0.017144	0.017144	0.017144
13.890000	0.122100	0.009745	0.019431	0.019431	0.019431	0.019431
13.910000	0.076340	0.006784	0.021949	0.021949	0.021949	0.021949
13.930000	0.167900	0.012805	0.024697	0.024697	0.024697	0.024697
13.950000	0.061070	0.007233	0.027672	0.027672	0.027672	0.027672
13.970000	0.091600	0.008533	0.030869	0.030869	0.030869	0.030869
13.990000	0.137400	0.011090	0.034282	0.034282	0.034282	0.034282
14.010000	0.015270	0.002893	0.037907	0.037907	0.037907	0.037907
14.030000	0.091600	0.008533	0.041736	0.041736	0.041736	0.041736
14.050000	0.030530	0.004142	0.045762	0.045762	0.045762	0.045762
14.070000	0.076340	0.008870	0.049980	0.049980	0.049980	0.049980
14.090000	0.106900	0.010001	0.054384	0.054384	0.054384	0.054384
14.110000	0.106900	0.011518	0.058968	0.058968	0.058968	0.058968
14.130000	0.122100	0.010549	0.063726	0.063726	0.063726	0.063726
14.150000	0.030530	0.004142	0.068654	0.068654	0.068654	0.068654
14.170000	0.061070	0.005999	0.073748	0.073748	0.073748	0.073748
14.190000	0.122100	0.008867	0.079002	0.079002	0.079002	0.079002
14.210000	0.152700	0.011625	0.084415	0.084415	0.084415	0.084415
14.230000	0.076340	0.007896	0.089982	0.089982	0.089982	0.089982
14.250000	0.183200	0.013302	0.095701	0.095701	0.095701	0.095701
14.270000	0.045800	0.005135	0.101567	0.101567	0.101567	0.101567
14.290000	0.106900	0.010001	0.107580	0.107580	0.107580	0.107580
14.310000	0.152700	0.012953	0.113735	0.113735	0.113735	0.113735
14.330000	0.183200	0.012012	0.120032	0.120032	0.120032	0.120032
14.350000	0.229000	0.014212	0.126467	0.126467	0.126467	0.126467
14.370000	0.152700	0.011625	0.133039	0.133039	0.133039	0.133039
14.390000	0.167900	0.012805	0.139745	0.139745	0.139745	0.139745
14.410000	0.213700	0.013093	0.146584	0.146584	0.146584	0.146584
14.430000	0.213700	0.013093	0.153555	0.153555	0.153555	0.153555
14.450000	0.167900	0.012805	0.160654	0.160654	0.160654	0.160654
14.470000	0.244300	0.016791	0.167882	0.167882	0.167882	0.167882
14.490000	0.320600	0.021045	0.175235	0.175235	0.175235	0.175235
14.510000	0.213700	0.013702	0.182714	0.182714	0.182714	0.182714
14.530000	0.229000	0.015318	0.190315	0.190315	0.190315	0.190315
14.550000	0.305300	0.019421	0.198039	0.198039	0.198039	0.198039
14.570000	0.274800	0.017207	0.205884	0.205884	0.205884	0.205884
14.590000	0.366400	0.020741	0.213848	0.213848	0.213848	0.213848
14.610000	0.290100	0.018564	0.221930	0.221930	0.221930	0.221930
14.630000	0.381700	0.021562	0.230129	0.230129	0.230129	0.230129
14.650000	0.274800	0.018576	0.238444	0.238444	0.238444	0.238444
14.670000	0.320600	0.019847	0.246874	0.246874	0.246874	0.246874
14.690000	0.198500	0.013796	0.255419	0.255419	0.255419	0.255419
14.710000	0.244300	0.016297	0.264075	0.264075	0.264075	0.264075
14.730000	0.213700	0.013093	0.272844	0.272844	0.272844	0.272844
14.750000	0.412200	0.023492	0.281724	0.281724	0.281724	0.281724
14.770000	0.381700	0.021938	0.290713	0.290713	0.290713	0.290713
14.790000	0.366400	0.022260	0.299812	0.299812	0.299812	0.299812
14.810000	0.274800	0.016726	0.309019	0.309019	0.309019	0.309019
14.830000	0.396900	0.022723	0.318333	0.318333	0.318333	0.318333
14.850000	0.290100	0.018564	0.327754	0.327754	0.327754	0.327754
14.870000	0.351100	0.021476	0.337281	0.337281	0.337281	0.337281
14.890000	0.274800	0.016726	0.346912	0.346912	0.346912	0.346912
14.910000	0.320600	0.018572	0.356648	0.356648	0.356648	0.356648
14.930000	0.396900	0.021237	0.366487	0.366487	0.366487	0.366487
14.950000	0.473300	0.025480	0.376429	0.376429	0.376429	0.376429
14.970000	0.335900	0.020673	0.386473	0.386473	0.386473	0.386473
14.990000	0.412200	0.022786	0.396619	0.396619	0.396619	0.396619
15.010000	0.442700	0.022939	0.406865	0.406865	0.406865	0.406865
15.030000	0.473300	0.025798	0.417211	0.417211	0.417211	0.417211
15.050000	0.366400	0.021514	0.427656	0.427656	0.427656	0.427656
15.070000	0.305300	0.018562	0.438201	0.438201	0.438201	0.438201
15.090000	0.427500	0.023214	0.448843	0.448843	0.448843	0.448843
15.110000	0.534400	0.028034	0.459583	0.459583	0.459583	0.459583
15.130000	0.458000	0.024738	0.470420	0.470420	0.470420	0.470420
15.150000	0.641200	0.032201	0.481353	0.481353	0.481353	0.481353
15.170000	0.473300	0.027034	0.492382	0.492382	0.492382	0.492382
15.190000	0.519100	0.026420	0.503507	0.503507	0.503507	0.503507
15.210000	0.396900	0.020051	0.514726	0.514726	0.514726	0.514726
15.230000	0.732800	0.034617	0.526039	0.526039	0.526039	0.526039
15.250000	0.595400	0.029941	0.537446	0.537446	0.537446	0.537446
15.270000	0.519100	0.028213	0.548946	0.548946	0.548946	0.548946
15.290000	0.610700	0.030618	0.560539	0.560539	0.560539	0.560539
15.310000	0.503800	0.025037	0.572224	0.572224	0.572224	0.572224
15.330000	0.809200	0.037764	0.584001	0.584001	0.584001	0.584001
15.350000	0.610700	0.029532	0.595869	0.595869	0.595869	0.595869
15.370000	0.748100	0.035026	0.607828	0.607828	0.607828	0.607828
15.390000	0.580200	0.028409	0.619877	0.619877	0.619877	0.619877
15.410000	0.503800	0.025361	0.632016	0.632016	0.632016	0.632016
15.430000	0.702300	0.034760	0.644245	0.644245	0.644245	0.644245
15.450000	0.396900	0.020849	0.656562	0.656562	0.656562	0.656562
15.470000	0.671800	0.030695	0.668968	0.668968	0.668968	0.668968
15.490000	0.595400	0.031012	0.681462	0.681462	0.681462	0.681462
15.510000	0.839700	0.038355	0.694044	0.694044	0.694044	0.694044
15.530000	0.442700	0.022580	0.706714	0.706714	0.706714	0.706714
15.550000	0.717600	0.033489	0.719470	0.719470	0.719470	0.719470
15.570000	0.687000	0.032910	0.732313	0.732313	0.732313	0.732313
15.590000	0.793900	0.037582	0.745242	0.745242	0.745242	0.745242
15.610000	0.626000	0.029954	0.758256	0.758256	0.758256	0.758256
15.630000	0.656500	0.029992	0.771356	0.771356	0.771356	0.771356
15.650000	0.748100	0.033598	0.784542	0.784542	0.784542	0.784542
15.670000	0.610700	0.028405	0.797812	0.797812	0.797812	0.797812
15.690000	0.885500	0.041390	0.811166	0.811166	0.811166	0.811166
15.710000	0.824400	0.038800	0.824604	0.824604	0.824604	0.824604
15.730000	0.717600	0.034451	0.838126	0.838126	0.838126	0.838126
15.750000	0.793900	0.036479	0.851732	0.851731	0.851732	0.851732
15.770000	1.191000	0.051535	0.865420	0.865419	0.865420	0.865420
15.790000	0.977100	0.043193	0.879192	0.879190	0.879192	0.879192
15.810000	0.748100	0.034319	0.893048	0.893043	0.893048	0.893048
15.830000	1.145000	0.049202	0.906988	0.906978	0.906988	0.906988
15.850000	1.084000	0.049789	0.921013	0.920995	0.921013	0.921013
15.870000	0.870200	0.040599	0.935126	0.935093	0.935126	0.935126
15.890000	0.824400	0.036188	0.949332	0.949272	0.949332	0.949332
15.910000	1.069000	0.044917	0.963638	0.963531	0.963638	0.963638
15.930000	0.885500	0.038104	0.978055	0.977871	0.978055	0.978055
15.950000	1.069000	0.045639	0.992599	0.992292	0.992599	0.992599
15.970000	0.931300	0.040201	1.007297	1.006792	1.007297	1.007297
15.990000	1.328000	0.056286	1.022185	1.021372	1.022185	1.022185
16.010000	0.870200	0.039167	1.037311	1.036031	1.037311	1.037311
16.030000	0.961800	0.041629	1.052746	1.050769	1.052746	1.052746
16.050000	1.221000	0.051841	1.068576	1.065585	1.068576	1.068576
16.070000	0.946600	0.040620	1.084914	1.080480	1.084914	1.084914
16.090000	1.252000	0.053882	1.101898	1.095453	1.101898	1.101898
16.110000	1.099000	0.045735	1.119693	1.110505	1.119693	1.119693
16.130000	0.977100	0.041457	1.138488	1.125633	1.138488	1.138488
16.150000	1.481000	0.060689	1.158491	1.140839	1.158491	1.158491
16.170000	1.023000	0.043669	1.179927	1.156122	1.179927	1.179927
16.190000	1.176000	0.050018	1.203022	1.171482	1.203022	1.203022
16.210000	1.237000	0.052573	1.227996	1.186919	1.227996	1.227996
16.230000	1.221000	0.051207	1.255051	1.202432	1.255051	1.255051
16.250000	1.267000	0.052120	1.284352	1.218021	1.284352	1.284352
16.270000	1.221000	0.051841	1.316025	1.233686	1.316025	1.316025
16.290000	1.573000	0.065651	1.350138	1.249426	1.350138	1.350138
16.310000	1.389000	0.057869	1.386704	1.265242	1.386704	1.386704
16.330000	1.542000	0.062816	1.425672	1.281133	1.425672	1.425672
16.350000	1.450000	0.060419	1.466938	1.297099	1.466938	1.466938
16.370000	1.588000	0.063897	1.510345	1.313139	1.510345	1.510345
16.390000	1.725000	0.070033	1.555699	1.329254	1.555699	1.555699
16.410000	1.695000	0.068072	1.602777	1.345443	1.602777	1.602777
16.430000	1.664000	0.066651	1.651344	1.361706	1.651344	1.651344
16.450000	1.817000	0.071858	1.701164	1.378043	1.701164	1.701164
16.470000	1.847000	0.074533	1.752010	1.394453	1.752010	1.752010
16.490000	1.206000	0.051922	1.803674	1.410937	1.803674	1.803674
16.510000	1.786000	0.071728	1.855972	1.427494	1.855972	1.855972
16.530000	1.725000	0.070729	1.908748	1.444123	1.908748	1.908748
16.550000	2.244000	0.088172	1.961873	1.460826	1.961873	1.961873
16.570000	2.214000	0.085418	2.015245	1.477601	2.015245	2.015245
16.590000	2.244000	0.087241	2.068787	1.494448	2.068787	2.068787
16.610000	2.244000	0.087428	2.122440	1.511367	2.122440	2.122440
16.630000	2.382000	0.091131	2.176165	1.528358	2.176165	2.176165
16.650000	2.748000	0.103761	2.229935	1.545420	2.229934	2.229935
16.670000	2.458000	0.093135	2.283731	1.562555	2.283730	2.283731
16.690000	2.565000	0.096233	2.337543	1.579760	2.337541	2.337543
16.710000	2.626000	0.099431	2.391366	1.597036	2.391363	2.391366
16.730000	2.718000	0.104862	2.445199	1.614384	2.445192	2.445199
16.750000	2.550000	0.099184	2.499044	1.631802	2.499030	2.499044
16.770000	2.504000	0.094786	2.552904	1.649290	2.552877	2.552904
16.790000	2.641000	0.102408	2.606788	1.666849	2.606734	2.606788
16.810000	2.458000	0.094180	2.660707	1.684478	2.660604	2.660707
16.830000	2.672000	0.099008	2.714681	1.702177	2.714489	2.714681
16.850000	2.595000	0.098449	2.768741	1.719946	2.768390	2.768741
16.870000	2.824000	0.108953	2.822936	1.737784	2.822310	2.822936
16.890000	2.702000	0.104682	2.877343	1.755691	2.876251	2.877343
16.910000	2.534000	0.097187	2.932079	1.773668	2.930215	2.932079
16.930000	2.779000	0.105278	2.987317	1.791714	2.984202	2.987317
16.950000	3.008000	0.112552	3.043306	1.809829	3.038214	3.043306
16.970000	3.053000	0.113732	3.100400	1.828012	3.092253	3.100400
16.990000	2.824000	0.106759	3.159078	1.846264	3.146320	3.159078
17.010000	3.038000	0.114699	3.219979	1.864585	3.200415	3.219979
17.030000	3.176000	0.121306	3.283923	1.882973	3.254541	3.283923
17.050000	3.282000	0.123698	3.351927	1.901430	3.308698	3.351927
17.070000	3.847000	0.142984	3.425215	1.919954	3.362887	3.425215
17.090000	3.481000	0.130208	3.505204	1.938546	3.417108	3.505204
17.110000	3.435000	0.129268	3.593471	1.957206	3.471364	3.593471
17.130000	3.389000	0.125895	3.691695	1.975933	3.525653	3.691695
17.150000	3.405000	0.126059	3.801577	1.994727	3.579978	3.801577
17.170000	3.985000	0.148295	3.924736	2.013588	3.634338	3.924736
17.190000	4.198000	0.156299	4.062599	2.032517	3.688734	4.062599
17.210000	4.229000	0.155848	4.216281	2.051512	3.743167	4.216281
17.230000	4.427000	0.165168	4.386482	2.070573	3.797638	4.386482
17.250000	4.779000	0.174496	4.573404	2.089701	3.852147	4.573404
17.270000	5.282000	0.194009	4.776703	2.108895	3.906694	4.776703
17.290000	5.313000	0.192236	4.995489	2.128156	3.961280	4.995489
17.310000	4.611000	0.168019	5.228360	2.147482	4.015906	5.228360
17.330000	6.122000	0.220035	5.473489	2.166874	4.070571	5.473489
17.350000	5.695000	0.204571	5.728735	2.186332	4.125276	5.728735
17.370000	6.031000	0.215104	5.991781	2.205855	4.180022	5.991781
17.390000	6.626000	0.235874	6.260266	2.225444	4.234808	6.260266
17.410000	6.321000	0.227627	6.531927	2.245098	4.289636	6.531927
17.430000	6.580000	0.234423	6.804698	2.264817	4.344505	6.804698
17.450000	6.885000	0.246435	7.076794	2.284601	4.399417	7.076794
17.470000	7.115000	0.254293	7.346761	2.304450	4.454370	7.346761
17.490000	7.893000	0.281058	7.613486	2.324364	4.509365	7.613486
17.510000	7.664000	0.272129	7.876187	2.344342	4.564403	7.876187
17.530000	8.672000	0.304643	8.134377	2.364384	4.619484	8.134377
17.550000	8.183000	0.286516	8.387822	2.384491	4.674609	8.387822
17.570000	9.466000	0.332854	8.636480	2.404662	4.729776	8.636480
17.590000	8.015000	0.284069	8.880458	2.424897	4.784987	8.880458
17.610000	8.687000	0.308575	9.119955	2.445196	4.840242	9.119955
17.630000	10.350000	0.362499	9.355233	2.465558	4.895540	9.355233
17.650000	9.130000	0.323977	9.586575	2.485985	4.950883	9.586575
17.670000	9.878000	0.347886	9.814272	2.506474	5.006270	9.814272
17.690000	10.430000	0.365029	10.038603	2.527027	5.061701	10.038603
17.710000	10.350000	0.363488	10.259827	2.547643	5.117177	10.259827
17.730000	10.610000	0.371793	10.478182	2.568323	5.172698	10.478182
17.750000	11.850000	0.415381	nan	2.589065	5.228263	 
17.770000	11.390000	0.399246	nan	2.609870	5.283874	 
17.790000	11.010000	0.388112	nan	2.630738	5.339529	 
17.810000	10.320000	0.365330	nan	2.651668	5.395230	 
17.830000	10.870000	0.380590	nan	2.672661	5.450977	 
17.850000	11.150000	0.389295	nan	2.693716	5.506769	 
17.870000	11.270000	0.395134	nan	2.714834	5.562606	 
17.890000	11.920000	0.417599	nan	2.736013	5.618489	 
17.910000	11.850000	0.415794	nan	2.757255	5.674418	 
17.930000	11.620000	0.405809	nan	2.778558	5.730393	 
17.950000	12.290000	0.428231	nan	2.799923	5.786413	 
17.970000	12.320000	0.432918	nan	2.821350	5.842480	 
17.990000	12.470000	0.438231	nan	2.842838	5.898593	 
18.010000	11.080000	0.387941	nan	2.864388	5.954752	 
18.030000	12.350000	0.432490	nan	2.885999	6.010958	 
18.050000	13.820000	0.480574	nan	2.907671	6.067209	 
18.070000	12.380000	0.432327	nan	2.929404	6.123508	 
18.090000	13.680000	0.478080	nan	2.951198	6.179852	 
18.110000	12.230000	0.428248	nan	2.973053	6.236243	 
18.130000	13.100000	0.456177	nan	2.994968	6.292681	 
18.150000	12.310000	0.430709	nan	3.016944	6.349165	 
18.170000	12.000000	0.421271	nan	3.038981	6.405696	 
18.190000	13.160000	0.458903	nan	3.061078	6.462274	 
18.210000	13.070000	0.455716	nan	3.083235	6.518898	 
18.230000	13.390000	0.468293	nan	3.105453	6.575569	 
18.250000	12.950000	0.453146	nan	3.127730	6.632287	 
18.270000	13.450000	0.470532	nan	3.150068	6.689052	 
18.290000	13.210000	0.459232	nan	3.172465	6.745864	 
18.310000	14.260000	0.498020	nan	3.194922	6.802723	 
18.330000	14.230000	0.500024	nan	3.217439	6.859629	 
18.350000	13.800000	0.482729	nan	3.240015	6.916581	 
18.370000	13.950000	0.486597	nan	3.262651	6.973581	 
18.390000	14.000000	0.486965	nan	3.285345	7.030628	 
18.410000	14.400000	0.503699	nan	3.308100	7.087721	 
18.430000	14.260000	0.495226	nan	3.330913	7.144862	 
18.450000	14.460000	0.503071	nan	3.353785	7.202050	 
18.470000	14.760000	0.514374	nan	3.376716	7.259285	 
18.490000	14.670000	0.509347	nan	3.399707	7.316567	 
18.510000	16.560000	0.576650	nan	3.422755	7.373896	 
18.530000	15.010000	0.521283	nan	3.445863	7.431273	 
18.550000	15.770000	0.551302	nan	3.469029	7.488696	 
18.570000	16.790000	0.584146	nan	3.492253	7.546167	 
18.590000	15.830000	0.553773	nan	3.515536	7.603684	 
18.610000	16.230000	0.564976	nan	3.538876	7.661249	 
18.630000	15.910000	0.549368	nan	3.562275	7.718861	 
18.650000	16.410000	0.569810	nan	3.585732	7.776521	 
18.670000	16.870000	0.585276	nan	3.609248	7.834227	 
18.690000	17.340000	0.600693	nan	3.632820	7.891981	 
18.710000	17.790000	0.620601	nan	3.656451	7.949781	 
18.730000	17.680000	0.612459	nan	3.680139	8.007629	 
18.750000	17.980000	0.623732	nan	3.703885	8.065524	 
18.770000	17.600000	0.608620	nan	3.727688	8.123467	 
18.790000	18.660000	0.648009	nan	3.751549	8.181456	 
18.810000	18.490000	0.639864	nan	3.775467	8.239493	 
18.830000	19.110000	0.661556	nan	3.799442	8.297576	 
18.850000	19.280000	0.668712	nan	3.823475	8.355707	 
18.870000	18.660000	0.646559	nan	3.847564	8.413885	 
18.890000	20.060000	0.694866	nan	3.871710	8.472110	 
18.910000	19.970000	0.692522	nan	3.895914	8.530382	 
18.930000	19.740000	0.685625	nan	3.920174	8.588702	 
18.950000	20.200000	0.700841	nan	3.944490	8.647068	 
18.970000	19.450000	0.675118	nan	3.968863	8.705481	 
18.990000	20.180000	0.698323	nan	3.993293	8.763942	 
19.010000	21.110000	0.732496	nan	4.017779	8.822449	 
19.030000	21.560000	0.745387	nan	4.042322	8.881004	 
19.050000	21.180000	0.732254	nan	4.066920	8.939605	 
19.070000	22.790000	0.785729	nan	4.091575	8.998254	 
19.090000	22.950000	0.794656	nan	4.116286	9.056950	 
19.110000	22.290000	0.770573	nan	4.141053	9.115692	 
19.130000	22.980000	0.794677	nan	4.165876	9.174482	 
19.150000	24.350000	0.840972	nan	4.190754	9.233318	 
19.170000	24.460000	0.844150	nan	4.215689	9.292202	 
19.190000	23.390000	0.806917	nan	4.240679	9.351132	 
19.210000	24.850000	0.857793	nan	4.265725	9.410109	 
19.230000	24.210000	0.835355	nan	4.290826	9.469133	 
19.250000	26.380000	0.912224	nan	4.315982	9.528204	 
19.270000	25.790000	0.891504	nan	4.341194	9.587322	 
19.290000	24.780000	0.854976	nan	4.366461	9.646486	 
19.310000	25.440000	0.877603	nan	4.391783	9.705697	 
19.330000	25.630000	0.883856	nan	4.417161	9.764955	 
19.350000	25.340000	0.874686	nan	4.442593	9.824260	 
19.370000	26.200000	0.903543	nan	4.468081	9.883612	 
19.390000	25.850000	0.892471	nan	4.493623	9.943010	 
19.410000	28.990000	0.998605	nan	4.519220	10.002455	 
19.430000	28.930000	0.999657	nan	4.544872	10.061946	 
19.450000	28.410000	0.979327	nan	4.570578	10.121484	 
19.470000	28.980000	1.000237	nan	4.596339	10.181069	 
19.490000	27.850000	0.960143	nan	4.622154	10.240700	 
19.510000	28.690000	0.990427	nan	4.648024	10.300378	 
19.530000	30.110000	1.036573	nan	4.673948	10.360103	 
19.550000	29.950000	1.033099	nan	4.699927	10.419873	 
19.570000	30.380000	1.046070	nan	4.725959	10.479691	 
19.590000	30.170000	1.039506	nan	4.752046	10.539555	 
19.610000	31.340000	1.077602	nan	4.778186	10.599465	 
19.630000	29.850000	1.027599	nan	4.804381	10.659422	 
19.650000	30.980000	1.068941	nan	4.830630	10.719425	 
19.670000	31.890000	1.100259	nan	4.856932	10.779474	 
19.690000	32.950000	1.137293	nan	4.883288	10.839570	 
19.710000	32.920000	1.133067	nan	4.909698	10.899712	 
19.730000	33.630000	1.156917	nan	4.936161	10.959900	 
19.750000	31.680000	1.089246	nan	4.962678	11.020134	 
19.770000	34.730000	1.196527	nan	4.989248	11.080415	 
19.790000	34.370000	1.185556	nan	5.015872	11.140742	 
19.810000	35.270000	1.212357	nan	5.042549	11.201115	 
19.830000	35.510000	1.224137	nan	5.069279	11.261534	 
19.850000	35.790000	1.232147	nan	5.096062	11.322000	 
19.870000	36.930000	1.271537	nan	5.122899	11.382511	 
19.890000	35.480000	1.220551	nan	5.149788	11.443068	 
19.910000	37.710000	1.296394	nan	5.176731	11.503672	 
19.930000	37.450000	1.292156	nan	5.203726	11.564321	 
19.950000	36.670000	1.262796	nan	5.230774	11.625017	 
19.970000	38.920000	1.336288	nan	5.257875	11.685758	 
19.990000	40.240000	1.384118	nan	5.285029	11.746545	 
20.010000	39.910000	1.370103	nan	5.312235	11.807378	 
20.030000	40.790000	1.402372	nan	5.339494	11.868257	 
20.050000	40.470000	1.390362	nan	5.366805	11.929182	 
20.070000	42.140000	1.449079	nan	5.394169	11.990152	 
20.090000	40.930000	1.408102	nan	5.421585	12.051168	 
20.110000	42.610000	1.463171	nan	5.449053	12.112230	 
20.130000	42.000000	1.441719	nan	5.476574	12.173338	 
20.150000	41.920000	1.441249	nan	5.504146	12.234491	 
20.170000	43.590000	1.496987	nan	5.531771	12.295690	 
20.190000	43.530000	1.495205	nan	5.559448	12.356935	 
20.210000	43.790000	1.505522	nan	5.587177	12.418225	 
20.230000	43.540000	1.492542	nan	5.614958	12.479561	 
20.250000	44.640000	1.531904	nan	5.642790	12.540942	 
20.270000	44.370000	1.521108	nan	5.670674	12.602369	 
20.290000	47.160000	1.617530	nan	5.698610	12.663841	 
20.310000	47.220000	1.621010	nan	5.726598	12.725358	 
20.330000	46.960000	1.614031	nan	5.754637	12.786921	 
20.350000	49.020000	1.685462	nan	5.782728	12.848530	 
20.370000	48.320000	1.658670	nan	5.810870	12.910183	 
20.390000	50.780000	1.743874	nan	5.839064	12.971882	 
20.410000	52.090000	1.787805	nan	5.867309	13.033626	 
20.430000	49.530000	1.699393	nan	5.895605	13.095416	 
20.450000	48.640000	1.668221	nan	5.923953	13.157251	 
20.470000	49.180000	1.688400	nan	5.952351	13.219130	 
20.490000	51.440000	1.765221	nan	5.980801	13.281055	 
20.510000	51.770000	1.776275	nan	6.009301	13.343025	 
20.530000	54.530000	1.870067	nan	6.038656	13.405844	 
20.550000	50.530000	1.735135	nan	6.067258	13.467903	 
20.570000	53.050000	1.821399	nan	6.095911	13.530007	 
20.590000	52.840000	1.811287	nan	6.124614	13.592157	 
20.610000	55.100000	1.890731	nan	6.153368	13.654351	 
20.630000	54.980000	1.887021	nan	6.182173	13.716590	 
20.650000	54.260000	1.859097	nan	6.211028	13.778874	 
20.670000	57.590000	1.973438	nan	6.239934	13.841203	 
20.690000	56.120000	1.925124	nan	6.268890	13.903577	 
20.710000	55.970000	1.918133	nan	6.297897	13.965995	 
20.730000	57.040000	1.958162	nan	6.326954	14.028459	 
20.750000	56.030000	1.922176	nan	6.356062	14.090967	 
20.770000	57.820000	1.982347	nan	6.385219	14.153520	 
20.790000	56.470000	1.935855	nan	6.414427	14.216117	 
20.810000	59.210000	2.032027	nan	6.443685	14.278759	 
20.830000	59.480000	2.036097	nan	6.472994	14.341446	 
20.850000	60.180000	2.065305	nan	6.502352	14.404177	 
20.870000	58.380000	2.002957	nan	6.531760	14.466953	 
20.890000	60.490000	2.073736	nan	6.561218	14.529773	 
20.910000	61.790000	2.117252	nan	6.590726	14.592638	 
20.930000	60.700000	2.079601	nan	6.620284	14.655548	 
20.950000	63.160000	2.163568	nan	6.649892	14.718501	 
20.970000	63.880000	2.190269	nan	6.679549	14.781500	 
20.990000	62.530000	2.142212	nan	6.709256	14.844542	 
21.010000	62.470000	2.143486	nan	6.739013	14.907629	 
21.030000	65.080000	2.230605	nan	6.768819	14.970760	 
21.050000	63.250000	2.168556	nan	6.798675	15.033936	 
21.070000	65.300000	2.236916	nan	6.828580	15.097155	 
21.090000	68.900000	2.360621	nan	6.858534	15.160419	 
21.110000	66.700000	2.285469	nan	6.888538	15.223727	 
21.130000	70.240000	2.406296	nan	6.918591	15.287079	 
21.150000	67.050000	2.296130	nan	6.948693	15.350476	 
21.170000	68.530000	2.349852	nan	6.978845	15.413916	 
21.190000	70.140000	2.402849	nan	7.009045	15.477401	 
21.210000	70.260000	2.406402	nan	7.039295	15.540929	 
21.230000	71.770000	2.457561	nan	7.069593	15.604502	 
21.250000	69.630000	2.383134	nan	7.099941	15.668118	 
21.270000	73.310000	2.508701	nan	7.130337	15.731778	 
21.290000	72.180000	2.472828	nan	7.160783	15.795483	 
21.310000	76.140000	2.605517	nan	7.191277	15.859231	 
21.330000	74.790000	2.559606	nan	7.221820	15.923023	 
21.350000	76.730000	2.624407	nan	7.252411	15.986858	 
21.370000	76.610000	2.625669	nan	7.283052	16.050738	 
21.390000	76.440000	2.616940	nan	7.313740	16.114661	 
21.410000	75.390000	2.577718	nan	7.344478	16.178628	 
21.430000	77.390000	2.651360	nan	7.375264	16.242639	 
21.450000	79.450000	2.721214	nan	7.406098	16.306693	 
21.470000	80.550000	2.757484	nan	7.436981	16.370791	 
21.490000	80.840000	2.766763	nan	7.467912	16.434933	 
21.510000	82.290000	2.819446	nan	7.498891	16.499118	 
21.530000	81.050000	2.776201	nan	7.529919	16.563346	 
21.550000	83.020000	2.841574	nan	7.560994	16.627618	 
21.570000	82.980000	2.840823	nan	7.592118	16.691934	 
21.590000	85.180000	2.913408	nan	7.623290	16.756293	 
21.610000	86.180000	2.950128	nan	7.654510	16.820695	 
21.630000	83.650000	2.862621	nan	7.685779	16.885141	 
21.650000	86.850000	2.972493	nan	7.717095	16.949630	 
21.670000	86.930000	2.973753	nan	7.748459	17.014162	 
21.690000	87.540000	2.994717	nan	7.779870	17.078738	 
21.710000	90.920000	3.109507	nan	7.811330	17.143357	 
21.730000	91.330000	3.124176	nan	7.842837	17.208019	 
21.750000	92.350000	3.161825	nan	7.874392	17.272724	 
21.770000	93.680000	3.204155	nan	7.905995	17.337473	 
21.790000	94.150000	3.222377	nan	7.937645	17.402265	 
21.810000	98.870000	3.382002	nan	7.969343	17.467099	 
21.830000	95.370000	3.264591	nan	8.001089	17.531977	 
21.850000	93.450000	3.199530	nan	8.032882	17.596898	 
21.870000	97.650000	3.338536	nan	8.064722	17.661862	 
21.890000	99.270000	3.396516	nan	8.096610	17.726868	 
21.910000	101.900000	3.485778	nan	8.128545	17.791918	 
21.930000	98.410000	3.365212	nan	8.160527	17.857011	 
21.950000	100.500000	3.437751	nan	8.192557	17.922146	 
21.970000	102.900000	3.522415	nan	8.224633	17.987325	 
21.990000	103.400000	3.538778	nan	8.256757	18.052546	 
22.010000	104.500000	3.575852	nan	8.288928	18.117810	 
22.030000	106.100000	3.628014	nan	8.321146	18.183117	 
22.050000	106.600000	3.643740	nan	8.353412	18.248466	 
22.070000	105.100000	3.594528	nan	8.385724	18.313859	 
22.090000	108.600000	3.715201	nan	8.418083	18.379294	 
22.110000	108.400000	3.707780	nan	8.450488	18.444771	 
22.130000	110.100000	3.764524	nan	8.482941	18.510291	 
22.150000	112.800000	3.855264	nan	8.515441	18.575854	 
22.170000	112.400000	3.841738	nan	8.547987	18.641460	 
22.190000	114.900000	3.927380	nan	8.580580	18.707107	 
22.210000	116.400000	3.977993	nan	8.613219	18.772798	 
22.230000	114.400000	3.913510	nan	8.645906	18.838531	 
22.250000	116.500000	3.982291	nan	8.678638	18.904306	 
22.270000	120.400000	4.113910	nan	8.711418	18.970124	 
22.290000	117.600000	4.022225	nan	8.744244	19.035984	 
22.310000	118.100000	4.039108	nan	8.777116	19.101886	 
22.330000	119.900000	4.100402	nan	8.810034	19.167831	 
22.350000	124.100000	4.245922	nan	8.842999	19.233818	 
22.370000	121.800000	4.162453	nan	8.876011	19.299847	 
22.390000	124.700000	4.263497	nan	8.909068	19.365919	 
22.410000	128.900000	4.406329	nan	8.942172	19.432033	 
22.430000	129.500000	4.427361	nan	8.975322	19.498188	 
22.450000	128.100000	4.378964	nan	9.008518	19.564387	 
22.470000	130.500000	4.461287	nan	9.041760	19.630627	 
22.490000	131.300000	4.487015	nan	9.075049	19.696909	 
22.510000	133.400000	4.558959	nan	9.108383	19.763233	 
22.530000	134.900000	4.609857	nan	9.141763	19.829600	 
22.550000	135.600000	4.634787	nan	9.175189	19.896008	 
22.570000	132.700000	4.535612	nan	9.208661	19.962459	 
22.590000	135.900000	4.646500	nan	9.242179	20.028951	 
22.610000	140.800000	4.810269	nan	9.275743	20.095485	 
22.630000	139.100000	4.754247	nan	9.309352	20.162061	 
22.650000	140.300000	4.794791	nan	9.343008	20.228679	 
22.670000	140.800000	4.812654	nan	9.376708	20.295339	 
22.690000	142.200000	4.859368	nan	9.410455	20.362041	 
22.710000	144.900000	4.952530	nan	9.444247	20.428784	 
22.730000	143.500000	4.906382	nan	9.478085	20.495570	 
22.750000	145.100000	4.958857	nan	9.511968	20.562397	 
22.770000	149.600000	5.109647	nan	9.545897	20.629265	 
22.790000	147.400000	5.033850	nan	9.580792	20.697096	 
22.810000	148.800000	5.085119	nan	9.614811	20.764048	 
22.830000	150.800000	5.156427	nan	9.648875	20.831040	 
22.850000	153.900000	5.259137	nan	9.682984	20.898075	 
22.870000	152.400000	5.207224	nan	9.717139	20.965151	 
22.890000	154.500000	5.276868	nan	9.751339	21.032268	 
22.910000	156.800000	5.357464	nan	9.785584	21.099427	 
22.930000	158.500000	5.414974	nan	9.819874	21.166627	 
22.950000	154.400000	5.274868	nan	9.854209	21.233869	 
22.970000	158.000000	5.398370	nan	9.888590	21.301152	 
22.990000	159.600000	5.452615	nan	9.923015	21.368477	 
23.010000	160.300000	5.478345	nan	9.957486	21.435843	 
23.030000	166.100000	5.674103	nan	9.992001	21.503250	 
23.050000	163.400000	5.583922	nan	10.026562	21.570699	 
23.070000	165.400000	5.650093	nan	10.061167	21.638132	 
23.090000	165.800000	5.666521	nan	10.095817	21.705663	 
23.110000	168.200000	5.746646	nan	10.130512	21.773236	 
23.130000	171.100000	5.843877	nan	10.165252	21.840850	 
23.150000	170.200000	5.814232	nan	10.200036	21.908505	 
23.170000	174.100000	5.950347	nan	10.234866	21.976201	 
23.190000	174.900000	5.976309	nan	10.269740	22.043938	 
23.210000	173.900000	5.937806	nan	10.304658	22.111716	 
23.230000	174.800000	5.967479	nan	10.339621	22.179536	 
23.250000	174.300000	5.960733	nan	10.374629	22.247396	 
23.270000	175.000000	5.978243	nan	10.409681	22.315297	 
23.290000	176.900000	6.042726	nan	10.444777	22.383240	 
23.310000	182.300000	6.225778	nan	10.479918	22.451223	 
23.330000	179.300000	6.123324	nan	10.515104	22.519247	 
23.350000	184.700000	6.310436	nan	10.550334	22.587313	 
23.370000	186.700000	6.373979	nan	10.585608	22.655419	 
23.390000	185.700000	6.342453	nan	10.620926	22.723565	 
23.410000	187.400000	6.397868	nan	10.656289	22.791753	 
23.430000	189.700000	6.477641	nan	10.691696	22.859982	 
23.450000	189.900000	6.484514	nan	10.727147	22.928251	 
23.470000	189.600000	6.476681	nan	10.762642	22.996561	 
23.490000	194.200000	6.630345	nan	10.798181	23.064912	 
23.510000	194.100000	6.630839	nan	10.833765	23.133303	 
23.530000	197.500000	6.746358	nan	10.869392	23.201735	 
23.550000	193.100000	6.592685	nan	10.905064	23.270208	 
23.570000	199.000000	6.800244	nan	10.940779	23.338721	 
23.590000	196.300000	6.704208	nan	10.976538	23.407275	 
23.610000	197.700000	6.751445	nan	11.012342	23.475870	 
23.630000	203.600000	6.955757	nan	11.048189	23.544505	 
23.650000	204.500000	6.983253	nan	11.084080	23.613180	 
23.670000	206.700000	7.059436	nan	11.120014	23.681896	 
23.690000	210.900000	7.202272	nan	11.155993	23.750653	 
23.710000	206.400000	7.051798	nan	11.192015	23.819450	 
23.730000	209.800000	7.165975	nan	11.228081	23.888287	 
23.750000	212.200000	7.248043	nan	11.264190	23.957165	 
23.770000	207.900000	7.099109	nan	11.300343	24.026083	 
23.790000	212.500000	7.256914	nan	11.336540	24.095041	 
23.810000	213.800000	7.301835	nan	11.372780	24.164040	 
23.830000	214.700000	7.330451	nan	11.409064	24.233079	 
23.850000	216.400000	7.390744	nan	11.445391	24.302158	 
23.870000	222.300000	7.589924	nan	11.481762	24.371277	 
23.890000	221.000000	7.549037	nan	11.518176	24.440437	 
23.910000	222.400000	7.593281	nan	11.554633	24.509637	 
23.930000	222.900000	7.609803	nan	11.591134	24.578877	 
23.950000	224.200000	7.655677	nan	11.627678	24.648157	 
23.970000	223.300000	7.627195	nan	11.664265	24.717477	 
23.990000	228.700000	7.808958	nan	11.700896	24.786837	 
24.010000	231.100000	7.890940	nan	11.737570	24.856237	 
24.030000	228.900000	7.815458	nan	11.774287	24.925678	 
24.050000	229.100000	7.822603	nan	11.811047	24.995158	 
24.070000	231.200000	7.896976	nan	11.847850	25.064678	 
24.090000	235.900000	8.054663	nan	11.884696	25.134238	 
24.110000	238.100000	8.128757	nan	11.921585	25.203839	 
24.130000	236.400000	8.074922	nan	11.958518	25.273479	 
24.150000	239.500000	8.177538	nan	11.995493	25.343159	 
24.170000	241.500000	8.244080	nan	12.032511	25.412878	 
24.190000	241.200000	8.238321	nan	12.069572	25.482638	 
24.210000	241.500000	8.249314	nan	12.106676	25.552437	 
24.230000	247.300000	8.441734	nan	12.143823	25.622276	 
24.250000	248.100000	8.470036	nan	12.181012	25.692155	 
24.270000	247.400000	8.446628	nan	12.218245	25.762074	 
24.290000	249.100000	8.504843	nan	12.255520	25.832032	 
24.310000	248.000000	8.467905	nan	12.292838	25.902030	 
24.330000	252.500000	8.620460	nan	12.330198	25.972068	 
24.350000	259.100000	8.845785	nan	12.367601	26.042145	 
24.370000	257.600000	8.795608	nan	12.405047	26.112262	 
24.390000	259.700000	8.866759	nan	12.442535	26.182419	 
24.410000	256.700000	8.762706	nan	12.480066	26.252615	 
24.430000	260.800000	8.902595	nan	12.517639	26.322850	 
24.450000	259.500000	8.859934	nan	12.555255	26.393125	 
24.470000	261.000000	8.908438	nan	12.592914	26.463440	 
24.490000	264.500000	9.030025	nan	12.630614	26.533794	 
24.510000	267.600000	9.134941	nan	12.668358	26.604187	 
24.530000	269.400000	9.197448	nan	12.706143	26.674620	 
24.550000	266.600000	9.101373	nan	12.743971	26.745092	 
24.570000	271.600000	9.276141	nan	12.781841	26.815604	 
24.590000	273.400000	9.332036	nan	12.819753	26.886155	 
24.610000	274.700000	9.379987	nan	12.857708	26.956745	 
24.630000	275.400000	9.403419	nan	12.895705	27.027375	 
24.650000	282.300000	9.634615	nan	12.933744	27.098044	 
24.670000	279.000000	9.525427	nan	12.971825	27.168752	 
24.690000	277.700000	9.479757	nan	13.009948	27.239499	 
24.710000	280.000000	9.556392	nan	13.048113	27.310285	 
24.730000	280.000000	9.560820	nan	13.086321	27.381111	 
24.750000	283.900000	9.690598	nan	13.124570	27.451976	 
24.770000	280.700000	9.583123	nan	13.162861	27.522880	 
24.790000	283.900000	9.689792	nan	13.201195	27.593823	 
24.810000	288.500000	9.845255	nan	13.239570	27.664805	 
24.830000	287.000000	9.794424	nan	13.277987	27.735826	 
24.850000	290.800000	9.924592	nan	13.316446	27.806886	 
24.870000	293.400000	10.016512	nan	13.354947	27.877986	 
24.890000	291.600000	9.954001	nan	13.393490	27.949124	 
24.910000	295.500000	10.087989	nan	13.432074	28.020301	 
24.930000	295.700000	10.095185	nan	13.470700	28.091517	 
24.950000	298.300000	10.186706	nan	13.509368	28.162772	 
24.970000	293.500000	10.018388	nan	13.548078	28.234066	 
24.990000	302.900000	10.338341	nan	13.586829	28.305399	 
25.010000	302.200000	10.312656	nan	13.625622	28.376770	 
25.030000	305.600000	10.431540	nan	13.665487	28.449212	 
25.050000	305.600000	10.430818	nan	13.704362	28.520660	 
25.070000	304.700000	10.401812	nan	13.743279	28.592148	 
25.090000	309.400000	10.560265	nan	13.782238	28.663674	 
25.110000	311.500000	10.631752	nan	13.821237	28.735239	 
25.130000	310.500000	10.597789	nan	13.860279	28.806842	 
25.150000	310.400000	10.592225	nan	13.899361	28.878484	 
25.170000	316.700000	10.810121	nan	13.938486	28.950165	 
25.190000	314.700000	10.743256	nan	13.977651	29.021885	 
25.210000	319.300000	10.897953	nan	14.016858	29.093643	 
25.230000	320.700000	10.945713	nan	14.056106	29.165440	 
25.250000	323.300000	11.033285	nan	14.095395	29.237275	 
25.270000	321.800000	10.985087	nan	14.134726	29.309149	 
25.290000	329.200000	11.236496	nan	14.174098	29.381062	 
25.310000	331.600000	11.317640	nan	14.213511	29.453013	 
25.330000	326.500000	11.141435	nan	14.252965	29.524948	 
25.350000	329.800000	11.254947	nan	14.292461	29.596976	 
25.370000	332.000000	11.330416	nan	14.331997	29.669042	 
25.390000	332.400000	11.347051	nan	14.371575	29.741147	 
25.410000	337.100000	11.511320	nan	14.411193	29.813291	 
25.430000	337.600000	11.521064	nan	14.450853	29.885472	 
25.450000	336.200000	11.478504	nan	14.490554	29.957692	 
25.470000	342.700000	11.699042	nan	14.530295	30.029951	 
25.490000	337.100000	11.506328	nan	14.570078	30.102248	 
25.510000	340.800000	11.632426	nan	14.609901	30.174583	 
25.530000	342.000000	11.672719	nan	14.649766	30.246956	 
25.550000	343.700000	11.730281	nan	14.689671	30.319367	 
25.570000	345.500000	11.794177	nan	14.729617	30.391817	 
25.590000	345.100000	11.781336	nan	14.769604	30.464305	 
25.610000	347.400000	11.860483	nan	14.809632	30.536831	 
25.630000	352.100000	12.017403	nan	14.849700	30.609396	 
25.650000	351.900000	12.007747	nan	14.889809	30.681998	 
25.670000	349.400000	11.925034	nan	14.929959	30.754639	 
25.690000	355.000000	12.117771	nan	14.970150	30.827317	 
25.710000	356.100000	12.156280	nan	15.010381	30.900034	 
25.730000	362.100000	12.361498	nan	15.050652	30.972789	 
25.750000	357.000000	12.184644	nan	15.090965	31.045582	 
25.770000	363.600000	12.412043	nan	15.131318	31.118412	 
25.790000	358.000000	12.222130	nan	15.171711	31.191281	 
25.810000	365.100000	12.462253	nan	15.212145	31.264188	 
25.830000	368.800000	12.588942	nan	15.252619	31.337133	 
25.850000	369.500000	12.608959	nan	15.293134	31.410115	 
25.870000	369.200000	12.597354	nan	15.333690	31.483136	 
25.890000	376.300000	12.843064	nan	15.374285	31.556195	 
25.910000	374.500000	12.781160	nan	15.414921	31.629291	 
25.930000	375.000000	12.804699	nan	15.455598	31.702425	 
25.950000	376.400000	12.846369	nan	15.496314	31.775597	 
25.970000	377.200000	12.873889	nan	15.537071	31.848807	 
25.990000	379.000000	12.937475	nan	15.577869	31.922054	 
26.010000	384.000000	13.108190	nan	15.618706	31.995340	 
26.030000	384.000000	13.102439	nan	15.659584	32.068663	 
26.050000	389.700000	13.298774	nan	15.700502	32.142024	 
26.070000	384.100000	13.113237	nan	15.741460	32.215422	 
