# SCAN started at: 2017-02-21 15:10:32
# Elen_Scan Temperature: 100K Mass: 20.2 Resolution: 30
# ----------------------------------------
# 
19	7.161e-08	7.2e-08	7.215e-08	7.125e-08	7.089e-08	7.108e-08	7.112e-08	7.135e-08	7.229e-08	7.145e-08	7.047e-08	7.076e-08	7.093e-08	7.192e-08	7.248e-08	7.279e-08	7.257e-08	7.249e-08	7.148e-08	7.215e-08	7.198e-08	7.351e-08	7.369e-08	7.369e-08	7.389e-08	7.222e-08	7.208e-08	7.244e-08	7.34e-08	7.389e-08
19.05	7.161e-08	7.2e-08	7.215e-08	7.125e-08	7.089e-08	7.108e-08	7.112e-08	7.135e-08	7.229e-08	7.145e-08	7.047e-08	7.076e-08	7.093e-08	7.192e-08	7.248e-08	7.279e-08	7.257e-08	7.249e-08	7.148e-08	7.215e-08	7.198e-08	7.351e-08	7.369e-08	7.369e-08	7.389e-08	7.222e-08	7.208e-08	7.244e-08	7.34e-08	7.389e-08
19.1	7.161e-08	7.2e-08	7.215e-08	7.125e-08	7.089e-08	7.108e-08	7.112e-08	7.135e-08	7.229e-08	7.145e-08	7.047e-08	7.076e-08	7.093e-08	7.192e-08	7.248e-08	7.279e-08	7.257e-08	7.249e-08	7.148e-08	7.215e-08	7.198e-08	7.351e-08	7.369e-08	7.369e-08	7.389e-08	7.222e-08	7.208e-08	7.244e-08	7.34e-08	7.389e-08
19.15	7.161e-08	7.2e-08	7.215e-08	7.125e-08	7.089e-08	7.108e-08	7.112e-08	7.135e-08	7.229e-08	7.145e-08	7.047e-08	7.076e-08	7.093e-08	7.192e-08	7.248e-08	7.279e-08	7.257e-08	7.249e-08	7.148e-08	7.215e-08	7.198e-08	7.351e-08	7.369e-08	7.369e-08	7.389e-08	7.222e-08	7.208e-08	7.244e-08	7.34e-08	7.389e-08
19.2	7.161e-08	7.2e-08	7.215e-08	7.125e-08	7.089e-08	7.108e-08	7.112e-08	7.135e-08	7.229e-08	7.145e-08	7.047e-08	7.076e-08	7.093e-08	7.192e-08	7.248e-08	7.279e-08	7.257e-08	7.249e-08	7.148e-08	7.215e-08	7.198e-08	7.351e-08	7.369e-08	7.369e-08	7.389e-08	7.222e-08	7.208e-08	7.244e-08	7.34e-08	7.389e-08
19.25	7.161e-08	7.2e-08	7.215e-08	7.125e-08	7.089e-08	7.108e-08	7.112e-08	7.135e-08	7.229e-08	7.145e-08	7.047e-08	7.076e-08	7.093e-08	7.192e-08	7.248e-08	7.279e-08	7.257e-08	7.249e-08	7.148e-08	7.215e-08	7.198e-08	7.351e-08	7.369e-08	7.369e-08	7.389e-08	7.222e-08	7.208e-08	7.244e-08	7.34e-08	7.389e-08
19.3	7.161e-08	7.2e-08	7.215e-08	7.125e-08	7.089e-08	7.108e-08	7.112e-08	7.135e-08	7.229e-08	7.145e-08	7.047e-08	7.076e-08	7.093e-08	7.192e-08	7.248e-08	7.279e-08	7.257e-08	7.249e-08	7.148e-08	7.215e-08	7.198e-08	7.351e-08	7.369e-08	7.369e-08	7.389e-08	7.222e-08	7.208e-08	7.244e-08	7.34e-08	7.389e-08
19.35	7.161e-08	7.2e-08	7.215e-08	7.125e-08	7.089e-08	7.108e-08	7.112e-08	7.135e-08	7.229e-08	7.145e-08	7.047e-08	7.076e-08	7.093e-08	7.192e-08	7.248e-08	7.279e-08	7.257e-08	7.249e-08	7.148e-08	7.215e-08	7.198e-08	7.351e-08	7.369e-08	7.369e-08	7.389e-08	7.222e-08	7.208e-08	7.244e-08	7.34e-08	7.389e-08
19.4	7.161e-08	7.2e-08	7.215e-08	7.125e-08	7.089e-08	7.108e-08	7.112e-08	7.135e-08	7.229e-08	7.145e-08	7.047e-08	7.076e-08	7.093e-08	7.192e-08	7.248e-08	7.279e-08	7.257e-08	7.249e-08	7.148e-08	7.215e-08	7.198e-08	7.351e-08	7.369e-08	7.369e-08	7.389e-08	7.222e-08	7.208e-08	7.244e-08	7.34e-08	7.389e-08
19.45	7.161e-08	7.2e-08	7.215e-08	7.125e-08	7.089e-08	7.108e-08	7.112e-08	7.135e-08	7.229e-08	7.145e-08	7.047e-08	7.076e-08	7.093e-08	7.192e-08	7.248e-08	7.279e-08	7.257e-08	7.249e-08	7.148e-08	7.215e-08	7.198e-08	7.351e-08	7.369e-08	7.369e-08	7.389e-08	7.222e-08	7.208e-08	7.244e-08	7.34e-08	7.389e-08
19.5	7.172e-08	7.2e-08	7.17e-08	7.077e-08	7.132e-08	7.071e-08	7.117e-08	7.14e-08	7.181e-08	7.223e-08	7.081e-08	7.084e-08	7.147e-08	7.211e-08	7.259e-08	7.32e-08	7.251e-08	7.232e-08	7.188e-08	7.178e-08	7.258e-08	7.365e-08	7.375e-08	7.405e-08	7.296e-08	7.214e-08	7.208e-08	7.293e-08	7.318e-08	7.4e-08
19.55	7.172e-08	7.2e-08	7.17e-08	7.077e-08	7.132e-08	7.071e-08	7.117e-08	7.14e-08	7.181e-08	7.223e-08	7.081e-08	7.084e-08	7.147e-08	7.211e-08	7.259e-08	7.32e-08	7.251e-08	7.232e-08	7.188e-08	7.178e-08	7.258e-08	7.365e-08	7.375e-08	7.405e-08	7.296e-08	7.214e-08	7.208e-08	7.293e-08	7.318e-08	7.4e-08
19.6	7.172e-08	7.2e-08	7.17e-08	7.077e-08	7.132e-08	7.071e-08	7.117e-08	7.14e-08	7.181e-08	7.223e-08	7.081e-08	7.084e-08	7.147e-08	7.211e-08	7.259e-08	7.32e-08	7.251e-08	7.232e-08	7.188e-08	7.178e-08	7.258e-08	7.365e-08	7.375e-08	7.405e-08	7.296e-08	7.214e-08	7.208e-08	7.293e-08	7.318e-08	7.4e-08
19.65	7.172e-08	7.2e-08	7.17e-08	7.077e-08	7.132e-08	7.071e-08	7.117e-08	7.14e-08	7.181e-08	7.223e-08	7.081e-08	7.084e-08	7.147e-08	7.211e-08	7.259e-08	7.32e-08	7.251e-08	7.232e-08	7.188e-08	7.178e-08	7.258e-08	7.365e-08	7.375e-08	7.405e-08	7.296e-08	7.214e-08	7.208e-08	7.293e-08	7.318e-08	7.4e-08
19.7	7.172e-08	7.2e-08	7.17e-08	7.077e-08	7.132e-08	7.071e-08	7.117e-08	7.14e-08	7.181e-08	7.223e-08	7.081e-08	7.084e-08	7.147e-08	7.211e-08	7.259e-08	7.32e-08	7.251e-08	7.232e-08	7.188e-08	7.178e-08	7.258e-08	7.365e-08	7.375e-08	7.405e-08	7.296e-08	7.214e-08	7.208e-08	7.293e-08	7.318e-08	7.4e-08
19.75	7.172e-08	7.2e-08	7.17e-08	7.077e-08	7.132e-08	7.071e-08	7.117e-08	7.14e-08	7.181e-08	7.223e-08	7.081e-08	7.084e-08	7.147e-08	7.211e-08	7.259e-08	7.32e-08	7.251e-08	7.232e-08	7.188e-08	7.178e-08	7.258e-08	7.365e-08	7.375e-08	7.405e-08	7.296e-08	7.214e-08	7.208e-08	7.293e-08	7.318e-08	7.4e-08
19.8	7.172e-08	7.2e-08	7.17e-08	7.077e-08	7.132e-08	7.071e-08	7.117e-08	7.14e-08	7.181e-08	7.223e-08	7.081e-08	7.084e-08	7.147e-08	7.211e-08	7.259e-08	7.32e-08	7.251e-08	7.232e-08	7.188e-08	7.178e-08	7.258e-08	7.365e-08	7.375e-08	7.405e-08	7.296e-08	7.214e-08	7.208e-08	7.293e-08	7.318e-08	7.4e-08
19.85	7.172e-08	7.2e-08	7.17e-08	7.077e-08	7.132e-08	7.071e-08	7.117e-08	7.14e-08	7.181e-08	7.223e-08	7.081e-08	7.084e-08	7.147e-08	7.211e-08	7.259e-08	7.32e-08	7.251e-08	7.232e-08	7.188e-08	7.178e-08	7.258e-08	7.365e-08	7.375e-08	7.405e-08	7.296e-08	7.214e-08	7.208e-08	7.293e-08	7.318e-08	7.4e-08
19.9	7.172e-08	7.2e-08	7.17e-08	7.077e-08	7.132e-08	7.071e-08	7.117e-08	7.14e-08	7.181e-08	7.223e-08	7.081e-08	7.084e-08	7.147e-08	7.211e-08	7.259e-08	7.32e-08	7.251e-08	7.232e-08	7.188e-08	7.178e-08	7.258e-08	7.365e-08	7.375e-08	7.405e-08	7.296e-08	7.214e-08	7.208e-08	7.293e-08	7.318e-08	7.4e-08
19.95	7.172e-08	7.2e-08	7.17e-08	7.077e-08	7.132e-08	7.071e-08	7.117e-08	7.14e-08	7.181e-08	7.223e-08	7.081e-08	7.084e-08	7.147e-08	7.211e-08	7.259e-08	7.32e-08	7.251e-08	7.232e-08	7.188e-08	7.178e-08	7.258e-08	7.365e-08	7.375e-08	7.405e-08	7.296e-08	7.214e-08	7.208e-08	7.293e-08	7.318e-08	7.4e-08
20	7.178e-08	7.24e-08	7.161e-08	7.108e-08	7.055e-08	7.074e-08	7.086e-08	7.143e-08	7.175e-08	7.16e-08	7.076e-08	7.047e-08	7.152e-08	7.185e-08	7.306e-08	7.314e-08	7.283e-08	7.135e-08	7.15e-08	7.27e-08	7.234e-08	7.338e-08	7.372e-08	7.352e-08	7.282e-08	7.205e-08	7.217e-08	7.22e-08	7.332e-08	7.409e-08
20.05	7.178e-08	7.24e-08	7.161e-08	7.108e-08	7.055e-08	7.074e-08	7.086e-08	7.143e-08	7.175e-08	7.16e-08	7.076e-08	7.047e-08	7.152e-08	7.185e-08	7.306e-08	7.314e-08	7.283e-08	7.135e-08	7.15e-08	7.27e-08	7.234e-08	7.338e-08	7.372e-08	7.352e-08	7.282e-08	7.205e-08	7.217e-08	7.22e-08	7.332e-08	7.409e-08
20.1	7.178e-08	7.24e-08	7.161e-08	7.108e-08	7.055e-08	7.074e-08	7.086e-08	7.143e-08	7.175e-08	7.16e-08	7.076e-08	7.047e-08	7.152e-08	7.185e-08	7.306e-08	7.314e-08	7.283e-08	7.135e-08	7.15e-08	7.27e-08	7.234e-08	7.338e-08	7.372e-08	7.352e-08	7.282e-08	7.205e-08	7.217e-08	7.22e-08	7.332e-08	7.409e-08
20.15	7.178e-08	7.24e-08	7.161e-08	7.108e-08	7.055e-08	7.074e-08	7.086e-08	7.143e-08	7.175e-08	7.16e-08	7.076e-08	7.047e-08	7.152e-08	7.185e-08	7.306e-08	7.314e-08	7.283e-08	7.135e-08	7.15e-08	7.27e-08	7.234e-08	7.338e-08	7.372e-08	7.352e-08	7.282e-08	7.205e-08	7.217e-08	7.22e-08	7.332e-08	7.409e-08
20.2	7.178e-08	7.24e-08	7.161e-08	7.108e-08	7.055e-08	7.074e-08	7.086e-08	7.143e-08	7.175e-08	7.16e-08	7.076e-08	7.047e-08	7.152e-08	7.185e-08	7.306e-08	7.314e-08	7.283e-08	7.135e-08	7.15e-08	7.27e-08	7.234e-08	7.338e-08	7.372e-08	7.352e-08	7.282e-08	7.205e-08	7.217e-08	7.22e-08	7.332e-08	7.409e-08
20.25	7.178e-08	7.24e-08	7.161e-08	7.108e-08	7.055e-08	7.074e-08	7.086e-08	7.143e-08	7.175e-08	7.16e-08	7.076e-08	7.047e-08	7.152e-08	7.185e-08	7.306e-08	7.314e-08	7.283e-08	7.135e-08	7.15e-08	7.27e-08	7.234e-08	7.338e-08	7.372e-08	7.352e-08	7.282e-08	7.205e-08	7.217e-08	7.22e-08	7.332e-08	7.409e-08
20.3	7.178e-08	7.24e-08	7.161e-08	7.108e-08	7.055e-08	7.074e-08	7.086e-08	7.143e-08	7.175e-08	7.16e-08	7.076e-08	7.047e-08	7.152e-08	7.185e-08	7.306e-08	7.314e-08	7.283e-08	7.135e-08	7.15e-08	7.27e-08	7.234e-08	7.338e-08	7.372e-08	7.352e-08	7.282e-08	7.205e-08	7.217e-08	7.22e-08	7.332e-08	7.409e-08
20.35	7.178e-08	7.24e-08	7.161e-08	7.108e-08	7.055e-08	7.074e-08	7.086e-08	7.143e-08	7.175e-08	7.16e-08	7.076e-08	7.047e-08	7.152e-08	7.185e-08	7.306e-08	7.314e-08	7.283e-08	7.135e-08	7.15e-08	7.27e-08	7.234e-08	7.338e-08	7.372e-08	7.352e-08	7.282e-08	7.205e-08	7.217e-08	7.22e-08	7.332e-08	7.409e-08
20.4	7.178e-08	7.24e-08	7.161e-08	7.108e-08	7.055e-08	7.074e-08	7.086e-08	7.143e-08	7.175e-08	7.16e-08	7.076e-08	7.047e-08	7.152e-08	7.185e-08	7.306e-08	7.314e-08	7.283e-08	7.135e-08	7.15e-08	7.27e-08	7.234e-08	7.338e-08	7.372e-08	7.352e-08	7.282e-08	7.205e-08	7.217e-08	7.22e-08	7.332e-08	7.409e-08
20.45	7.178e-08	7.24e-08	7.161e-08	7.108e-08	7.055e-08	7.074e-08	7.086e-08	7.143e-08	7.175e-08	7.16e-08	7.076e-08	7.047e-08	7.152e-08	7.185e-08	7.306e-08	7.314e-08	7.283e-08	7.135e-08	7.15e-08	7.27e-08	7.234e-08	7.338e-08	7.372e-08	7.352e-08	7.282e-08	7.205e-08	7.217e-08	7.22e-08	7.332e-08	7.409e-08
20.5	7.186e-08	7.197e-08	7.156e-08	7.063e-08	7.055e-08	7.082e-08	7.177e-08	7.192e-08	7.17e-08	7.144e-08	7.067e-08	7.097e-08	7.206e-08	7.196e-08	7.276e-08	7.314e-08	7.275e-08	7.204e-08	7.196e-08	7.197e-08	7.248e-08	7.346e-08	7.372e-08	7.39e-08	7.3e-08	7.205e-08	7.263e-08	7.272e-08	7.344e-08	7.417e-08
20.55	7.186e-08	7.197e-08	7.156e-08	7.063e-08	7.055e-08	7.082e-08	7.177e-08	7.192e-08	7.17e-08	7.144e-08	7.067e-08	7.097e-08	7.206e-08	7.196e-08	7.276e-08	7.314e-08	7.275e-08	7.204e-08	7.196e-08	7.197e-08	7.248e-08	7.346e-08	7.372e-08	7.39e-08	7.3e-08	7.205e-08	7.263e-08	7.272e-08	7.344e-08	7.417e-08
20.6	7.186e-08	7.197e-08	7.156e-08	7.063e-08	7.055e-08	7.082e-08	7.177e-08	7.192e-08	7.17e-08	7.144e-08	7.067e-08	7.097e-08	7.206e-08	7.196e-08	7.276e-08	7.314e-08	7.275e-08	7.204e-08	7.196e-08	7.197e-08	7.248e-08	7.346e-08	7.372e-08	7.39e-08	7.3e-08	7.205e-08	7.263e-08	7.272e-08	7.344e-08	7.417e-08
20.65	7.186e-08	7.197e-08	7.156e-08	7.063e-08	7.055e-08	7.082e-08	7.177e-08	7.192e-08	7.17e-08	7.144e-08	7.067e-08	7.097e-08	7.206e-08	7.196e-08	7.276e-08	7.314e-08	7.275e-08	7.204e-08	7.196e-08	7.197e-08	7.248e-08	7.346e-08	7.372e-08	7.39e-08	7.3e-08	7.205e-08	7.263e-08	7.272e-08	7.344e-08	7.417e-08
20.7	7.186e-08	7.197e-08	7.156e-08	7.063e-08	7.055e-08	7.082e-08	7.177e-08	7.192e-08	7.17e-08	7.144e-08	7.067e-08	7.097e-08	7.206e-08	7.196e-08	7.276e-08	7.314e-08	7.275e-08	7.204e-08	7.196e-08	7.197e-08	7.248e-08	7.346e-08	7.372e-08	7.39e-08	7.3e-08	7.205e-08	7.263e-08	7.272e-08	7.344e-08	7.417e-08
20.75	7.186e-08	7.197e-08	7.156e-08	7.063e-08	7.055e-08	7.082e-08	7.177e-08	7.192e-08	7.17e-08	7.144e-08	7.067e-08	7.097e-08	7.206e-08	7.196e-08	7.276e-08	7.314e-08	7.275e-08	7.204e-08	7.196e-08	7.197e-08	7.248e-08	7.346e-08	7.372e-08	7.39e-08	7.3e-08	7.205e-08	7.263e-08	7.272e-08	7.344e-08	7.417e-08
20.8	7.186e-08	7.197e-08	7.156e-08	7.063e-08	7.055e-08	7.082e-08	7.177e-08	7.192e-08	7.17e-08	7.144e-08	7.067e-08	7.097e-08	7.206e-08	7.196e-08	7.276e-08	7.314e-08	7.275e-08	7.204e-08	7.196e-08	7.197e-08	7.248e-08	7.346e-08	7.372e-08	7.39e-08	7.3e-08	7.205e-08	7.263e-08	7.272e-08	7.344e-08	7.417e-08
20.85	7.186e-08	7.197e-08	7.156e-08	7.063e-08	7.055e-08	7.082e-08	7.177e-08	7.192e-08	7.17e-08	7.144e-08	7.067e-08	7.097e-08	7.206e-08	7.196e-08	7.276e-08	7.314e-08	7.275e-08	7.204e-08	7.196e-08	7.197e-08	7.248e-08	7.346e-08	7.372e-08	7.39e-08	7.3e-08	7.205e-08	7.263e-08	7.272e-08	7.344e-08	7.417e-08
20.9	7.186e-08	7.197e-08	7.156e-08	7.063e-08	7.055e-08	7.082e-08	7.177e-08	7.192e-08	7.17e-08	7.144e-08	7.067e-08	7.097e-08	7.206e-08	7.196e-08	7.276e-08	7.314e-08	7.275e-08	7.204e-08	7.196e-08	7.197e-08	7.248e-08	7.346e-08	7.372e-08	7.39e-08	7.3e-08	7.205e-08	7.263e-08	7.272e-08	7.344e-08	7.417e-08
20.95	7.186e-08	7.197e-08	7.156e-08	7.063e-08	7.055e-08	7.082e-08	7.177e-08	7.192e-08	7.17e-08	7.144e-08	7.067e-08	7.097e-08	7.206e-08	7.196e-08	7.276e-08	7.314e-08	7.275e-08	7.204e-08	7.196e-08	7.197e-08	7.248e-08	7.346e-08	7.372e-08	7.39e-08	7.3e-08	7.205e-08	7.263e-08	7.272e-08	7.344e-08	7.417e-08
21	7.197e-08	7.157e-08	7.171e-08	7.097e-08	7.063e-08	7.085e-08	7.148e-08	7.192e-08	7.172e-08	7.082e-08	7.031e-08	7.1e-08	7.142e-08	7.247e-08	7.317e-08	7.273e-08	7.229e-08	7.156e-08	7.156e-08	7.162e-08	7.303e-08	7.396e-08	7.375e-08	7.382e-08	7.278e-08	7.2e-08	7.23e-08	7.286e-08	7.361e-08	7.42e-08
21.05	7.197e-08	7.157e-08	7.171e-08	7.097e-08	7.063e-08	7.085e-08	7.148e-08	7.192e-08	7.172e-08	7.082e-08	7.031e-08	7.1e-08	7.142e-08	7.247e-08	7.317e-08	7.273e-08	7.229e-08	7.156e-08	7.156e-08	7.162e-08	7.303e-08	7.396e-08	7.375e-08	7.382e-08	7.278e-08	7.2e-08	7.23e-08	7.286e-08	7.361e-08	7.42e-08
21.1	7.197e-08	7.157e-08	7.171e-08	7.097e-08	7.063e-08	7.085e-08	7.148e-08	7.192e-08	7.172e-08	7.082e-08	7.031e-08	7.1e-08	7.142e-08	7.247e-08	7.317e-08	7.273e-08	7.229e-08	7.156e-08	7.156e-08	7.162e-08	7.303e-08	7.396e-08	7.375e-08	7.382e-08	7.278e-08	7.2e-08	7.23e-08	7.286e-08	7.361e-08	7.42e-08
21.15	7.197e-08	7.157e-08	7.171e-08	7.097e-08	7.063e-08	7.085e-08	7.148e-08	7.192e-08	7.172e-08	7.082e-08	7.031e-08	7.1e-08	7.142e-08	7.247e-08	7.317e-08	7.273e-08	7.229e-08	7.156e-08	7.156e-08	7.162e-08	7.303e-08	7.396e-08	7.375e-08	7.382e-08	7.278e-08	7.2e-08	7.23e-08	7.286e-08	7.361e-08	7.42e-08
21.2	7.197e-08	7.157e-08	7.171e-08	7.097e-08	7.063e-08	7.085e-08	7.148e-08	7.192e-08	7.172e-08	7.082e-08	7.031e-08	7.1e-08	7.142e-08	7.247e-08	7.317e-08	7.273e-08	7.229e-08	7.156e-08	7.156e-08	7.162e-08	7.303e-08	7.396e-08	7.375e-08	7.382e-08	7.278e-08	7.2e-08	7.23e-08	7.286e-08	7.361e-08	7.42e-08
21.25	7.197e-08	7.157e-08	7.171e-08	7.097e-08	7.063e-08	7.085e-08	7.148e-08	7.192e-08	7.172e-08	7.082e-08	7.031e-08	7.1e-08	7.142e-08	7.247e-08	7.317e-08	7.273e-08	7.229e-08	7.156e-08	7.156e-08	7.162e-08	7.303e-08	7.396e-08	7.375e-08	7.382e-08	7.278e-08	7.2e-08	7.23e-08	7.286e-08	7.361e-08	7.42e-08
21.3	7.197e-08	7.157e-08	7.171e-08	7.097e-08	7.063e-08	7.085e-08	7.148e-08	7.192e-08	7.172e-08	7.082e-08	7.031e-08	7.1e-08	7.142e-08	7.247e-08	7.317e-08	7.273e-08	7.229e-08	7.156e-08	7.156e-08	7.162e-08	7.303e-08	7.396e-08	7.375e-08	7.382e-08	7.278e-08	7.2e-08	7.23e-08	7.286e-08	7.361e-08	7.42e-08
21.35	7.197e-08	7.157e-08	7.171e-08	7.097e-08	7.063e-08	7.085e-08	7.148e-08	7.192e-08	7.172e-08	7.082e-08	7.031e-08	7.1e-08	7.142e-08	7.247e-08	7.317e-08	7.273e-08	7.229e-08	7.156e-08	7.156e-08	7.162e-08	7.303e-08	7.396e-08	7.375e-08	7.382e-08	7.278e-08	7.2e-08	7.23e-08	7.286e-08	7.361e-08	7.42e-08
21.4	7.197e-08	7.157e-08	7.171e-08	7.097e-08	7.063e-08	7.085e-08	7.148e-08	7.192e-08	7.172e-08	7.082e-08	7.031e-08	7.1e-08	7.142e-08	7.247e-08	7.317e-08	7.273e-08	7.229e-08	7.156e-08	7.156e-08	7.162e-08	7.303e-08	7.396e-08	7.375e-08	7.382e-08	7.278e-08	7.2e-08	7.23e-08	7.286e-08	7.361e-08	7.42e-08
21.45	7.197e-08	7.157e-08	7.171e-08	7.097e-08	7.063e-08	7.085e-08	7.148e-08	7.192e-08	7.172e-08	7.082e-08	7.031e-08	7.1e-08	7.142e-08	7.247e-08	7.317e-08	7.273e-08	7.229e-08	7.156e-08	7.156e-08	7.162e-08	7.303e-08	7.396e-08	7.375e-08	7.382e-08	7.278e-08	7.2e-08	7.23e-08	7.286e-08	7.361e-08	7.42e-08
21.5	7.24e-08	7.229e-08	7.152e-08	7.092e-08	7.066e-08	7.093e-08	7.116e-08	7.194e-08	7.161e-08	7.108e-08	7.067e-08	7.108e-08	7.161e-08	7.264e-08	7.325e-08	7.265e-08	7.209e-08	7.193e-08	7.161e-08	7.211e-08	7.317e-08	7.366e-08	7.369e-08	7.332e-08	7.299e-08	7.2e-08	7.236e-08	7.259e-08	7.407e-08	7.459e-08
21.55	7.24e-08	7.229e-08	7.152e-08	7.092e-08	7.066e-08	7.093e-08	7.116e-08	7.194e-08	7.161e-08	7.108e-08	7.067e-08	7.108e-08	7.161e-08	7.264e-08	7.325e-08	7.265e-08	7.209e-08	7.193e-08	7.161e-08	7.211e-08	7.317e-08	7.366e-08	7.369e-08	7.332e-08	7.299e-08	7.2e-08	7.236e-08	7.259e-08	7.407e-08	7.459e-08
21.6	7.24e-08	7.229e-08	7.152e-08	7.092e-08	7.066e-08	7.093e-08	7.116e-08	7.194e-08	7.161e-08	7.108e-08	7.067e-08	7.108e-08	7.161e-08	7.264e-08	7.325e-08	7.265e-08	7.209e-08	7.193e-08	7.161e-08	7.211e-08	7.317e-08	7.366e-08	7.369e-08	7.332e-08	7.299e-08	7.2e-08	7.236e-08	7.259e-08	7.407e-08	7.459e-08
21.65	7.24e-08	7.229e-08	7.152e-08	7.092e-08	7.066e-08	7.093e-08	7.116e-08	7.194e-08	7.161e-08	7.108e-08	7.067e-08	7.108e-08	7.161e-08	7.264e-08	7.325e-08	7.265e-08	7.209e-08	7.193e-08	7.161e-08	7.211e-08	7.317e-08	7.366e-08	7.369e-08	7.332e-08	7.299e-08	7.2e-08	7.236e-08	7.259e-08	7.407e-08	7.459e-08
21.7	7.24e-08	7.229e-08	7.152e-08	7.092e-08	7.066e-08	7.093e-08	7.116e-08	7.194e-08	7.161e-08	7.108e-08	7.067e-08	7.108e-08	7.161e-08	7.264e-08	7.325e-08	7.265e-08	7.209e-08	7.193e-08	7.161e-08	7.211e-08	7.317e-08	7.366e-08	7.369e-08	7.332e-08	7.299e-08	7.2e-08	7.236e-08	7.259e-08	7.407e-08	7.459e-08
21.75	7.24e-08	7.229e-08	7.152e-08	7.092e-08	7.066e-08	7.093e-08	7.116e-08	7.194e-08	7.161e-08	7.108e-08	7.067e-08	7.108e-08	7.161e-08	7.264e-08	7.325e-08	7.265e-08	7.209e-08	7.193e-08	7.161e-08	7.211e-08	7.317e-08	7.366e-08	7.369e-08	7.332e-08	7.299e-08	7.2e-08	7.236e-08	7.259e-08	7.407e-08	7.459e-08
21.8	7.24e-08	7.229e-08	7.152e-08	7.092e-08	7.066e-08	7.093e-08	7.116e-08	7.194e-08	7.161e-08	7.108e-08	7.067e-08	7.108e-08	7.161e-08	7.264e-08	7.325e-08	7.265e-08	7.209e-08	7.193e-08	7.161e-08	7.211e-08	7.317e-08	7.366e-08	7.369e-08	7.332e-08	7.299e-08	7.2e-08	7.236e-08	7.259e-08	7.407e-08	7.459e-08
21.85	7.24e-08	7.229e-08	7.152e-08	7.092e-08	7.066e-08	7.093e-08	7.116e-08	7.194e-08	7.161e-08	7.108e-08	7.067e-08	7.108e-08	7.161e-08	7.264e-08	7.325e-08	7.265e-08	7.209e-08	7.193e-08	7.161e-08	7.211e-08	7.317e-08	7.366e-08	7.369e-08	7.332e-08	7.299e-08	7.2e-08	7.236e-08	7.259e-08	7.407e-08	7.459e-08
21.9	7.24e-08	7.229e-08	7.152e-08	7.092e-08	7.066e-08	7.093e-08	7.116e-08	7.194e-08	7.161e-08	7.108e-08	7.067e-08	7.108e-08	7.161e-08	7.264e-08	7.325e-08	7.265e-08	7.209e-08	7.193e-08	7.161e-08	7.211e-08	7.317e-08	7.366e-08	7.369e-08	7.332e-08	7.299e-08	7.2e-08	7.236e-08	7.259e-08	7.407e-08	7.459e-08
21.95	7.24e-08	7.229e-08	7.152e-08	7.092e-08	7.066e-08	7.093e-08	7.116e-08	7.194e-08	7.161e-08	7.108e-08	7.067e-08	7.108e-08	7.161e-08	7.264e-08	7.325e-08	7.265e-08	7.209e-08	7.193e-08	7.161e-08	7.211e-08	7.317e-08	7.366e-08	7.369e-08	7.332e-08	7.299e-08	7.2e-08	7.236e-08	7.259e-08	7.407e-08	7.459e-08
22	7.203e-08	7.186e-08	7.136e-08	7.092e-08	7.06e-08	7.141e-08	7.164e-08	7.157e-08	7.15e-08	7.097e-08	7.073e-08	7.122e-08	7.253e-08	7.237e-08	7.323e-08	7.303e-08	7.236e-08	7.11e-08	7.167e-08	7.26e-08	7.331e-08	7.407e-08	7.413e-08	7.362e-08	7.239e-08	7.243e-08	7.239e-08	7.317e-08	7.425e-08	7.42e-08
22.05	7.203e-08	7.186e-08	7.136e-08	7.092e-08	7.06e-08	7.141e-08	7.164e-08	7.157e-08	7.15e-08	7.097e-08	7.073e-08	7.122e-08	7.253e-08	7.237e-08	7.323e-08	7.303e-08	7.236e-08	7.11e-08	7.167e-08	7.26e-08	7.331e-08	7.407e-08	7.413e-08	7.362e-08	7.239e-08	7.243e-08	7.239e-08	7.317e-08	7.425e-08	7.42e-08
22.1	7.203e-08	7.186e-08	7.136e-08	7.092e-08	7.06e-08	7.141e-08	7.164e-08	7.157e-08	7.15e-08	7.097e-08	7.073e-08	7.122e-08	7.253e-08	7.237e-08	7.323e-08	7.303e-08	7.236e-08	7.11e-08	7.167e-08	7.26e-08	7.331e-08	7.407e-08	7.413e-08	7.362e-08	7.239e-08	7.243e-08	7.239e-08	7.317e-08	7.425e-08	7.42e-08
22.15	7.203e-08	7.186e-08	7.136e-08	7.092e-08	7.06e-08	7.141e-08	7.164e-08	7.157e-08	7.15e-08	7.097e-08	7.073e-08	7.122e-08	7.253e-08	7.237e-08	7.323e-08	7.303e-08	7.236e-08	7.11e-08	7.167e-08	7.26e-08	7.331e-08	7.407e-08	7.413e-08	7.362e-08	7.239e-08	7.243e-08	7.239e-08	7.317e-08	7.425e-08	7.42e-08
22.2	7.203e-08	7.186e-08	7.136e-08	7.092e-08	7.06e-08	7.141e-08	7.164e-08	7.157e-08	7.15e-08	7.097e-08	7.073e-08	7.122e-08	7.253e-08	7.237e-08	7.323e-08	7.303e-08	7.236e-08	7.11e-08	7.167e-08	7.26e-08	7.331e-08	7.407e-08	7.413e-08	7.362e-08	7.239e-08	7.243e-08	7.239e-08	7.317e-08	7.425e-08	7.42e-08
22.25	7.203e-08	7.186e-08	7.136e-08	7.092e-08	7.06e-08	7.141e-08	7.164e-08	7.157e-08	7.15e-08	7.097e-08	7.073e-08	7.122e-08	7.253e-08	7.237e-08	7.323e-08	7.303e-08	7.236e-08	7.11e-08	7.167e-08	7.26e-08	7.331e-08	7.407e-08	7.413e-08	7.362e-08	7.239e-08	7.243e-08	7.239e-08	7.317e-08	7.425e-08	7.42e-08
22.3	7.203e-08	7.186e-08	7.136e-08	7.092e-08	7.06e-08	7.141e-08	7.164e-08	7.157e-08	7.15e-08	7.097e-08	7.073e-08	7.122e-08	7.253e-08	7.237e-08	7.323e-08	7.303e-08	7.236e-08	7.11e-08	7.167e-08	7.26e-08	7.331e-08	7.407e-08	7.413e-08	7.362e-08	7.239e-08	7.243e-08	7.239e-08	7.317e-08	7.425e-08	7.42e-08
22.35	7.203e-08	7.186e-08	7.136e-08	7.092e-08	7.06e-08	7.141e-08	7.164e-08	7.157e-08	7.15e-08	7.097e-08	7.073e-08	7.122e-08	7.253e-08	7.237e-08	7.323e-08	7.303e-08	7.236e-08	7.11e-08	7.167e-08	7.26e-08	7.331e-08	7.407e-08	7.413e-08	7.362e-08	7.239e-08	7.243e-08	7.239e-08	7.317e-08	7.425e-08	7.42e-08
22.4	7.203e-08	7.186e-08	7.136e-08	7.092e-08	7.06e-08	7.141e-08	7.164e-08	7.157e-08	7.15e-08	7.097e-08	7.073e-08	7.122e-08	7.253e-08	7.237e-08	7.323e-08	7.303e-08	7.236e-08	7.11e-08	7.167e-08	7.26e-08	7.331e-08	7.407e-08	7.413e-08	7.362e-08	7.239e-08	7.243e-08	7.239e-08	7.317e-08	7.425e-08	7.42e-08
22.45	7.203e-08	7.186e-08	7.136e-08	7.092e-08	7.06e-08	7.141e-08	7.164e-08	7.157e-08	7.15e-08	7.097e-08	7.073e-08	7.122e-08	7.253e-08	7.237e-08	7.323e-08	7.303e-08	7.236e-08	7.11e-08	7.167e-08	7.26e-08	7.331e-08	7.407e-08	7.413e-08	7.362e-08	7.239e-08	7.243e-08	7.239e-08	7.317e-08	7.425e-08	7.42e-08
22.5	7.203e-08	7.181e-08	7.087e-08	7.092e-08	7.066e-08	7.109e-08	7.17e-08	7.227e-08	7.188e-08	7.089e-08	7.076e-08	7.09e-08	7.183e-08	7.245e-08	7.323e-08	7.257e-08	7.219e-08	7.148e-08	7.175e-08	7.239e-08	7.31e-08	7.413e-08	7.366e-08	7.348e-08	7.228e-08	7.205e-08	7.239e-08	7.293e-08	7.392e-08	7.417e-08
