# SCAN started at: 2017-02-22 11:46:38
# Elen_Scan Temperature: 65K Mass: 20.2 Resolution: 30
# ----------------------------------------
# 
19	65.01	65	65	65	64.99	65.01	65	65.01	65	64.99	65.01	65	65.02	64.99	64.99	65	65	65.01	65	65.01	65	64.99	65	65	65.01	64.99	65	65	64.99	65.01	65	65	65	64.99	65	65	65.02	64.99	65	65	64.99	65.01	64.99	65	64.99	65	65	65	65.01	65
19.03	65.01	65	65	65	64.99	65.01	65	65.01	65	64.99	65.01	65	65.02	64.99	64.99	65	65	65.01	65	65.01	65	64.99	65	65	65.01	64.99	65	65	64.99	65.01	65	65	65	64.99	65	65	65.02	64.99	65	65	64.99	65.01	64.99	65	64.99	65	65	65	65.01	65
19.06	65.01	65	65	65	64.99	65.01	65	65.01	65	64.99	65.01	65	65.02	64.99	64.99	65	65	65.01	65	65.01	65	64.99	65	65	65.01	64.99	65	65	64.99	65.01	65	65	65	64.99	65	65	65.02	64.99	65	65	64.99	65.01	64.99	65	64.99	65	65	65	65.01	65
19.09	65.01	65	65	65	64.99	65.01	65	65.01	65	64.99	65.01	65	65.02	64.99	64.99	65	65	65.01	65	65.01	65	64.99	65	65	65.01	64.99	65	65	64.99	65.01	65	65	65	64.99	65	65	65.02	64.99	65	65	64.99	65.01	64.99	65	64.99	65	65	65	65.01	65
19.12	65.01	65	65	65	64.99	65.01	65	65.01	65	64.99	65.01	65	65.02	64.99	64.99	65	65	65.01	65	65.01	65	64.99	65	65	65.01	64.99	65	65	64.99	65.01	65	65	65	64.99	65	65	65.02	64.99	65	65	64.99	65.01	64.99	65	64.99	65	65	65	65.01	65
19.15	65.01	65	65	65	64.99	65.01	65	65.01	65	64.99	65.01	65	65.02	64.99	64.99	65	65	65.01	65	65.01	65	64.99	65	65	65.01	64.99	65	65	64.99	65.01	65	65	65	64.99	65	65	65.02	64.99	65	65	64.99	65.01	64.99	65	64.99	65	65	65	65.01	65
19.18	65.01	65	65	65	64.99	65.01	65	65.01	65	64.99	65.01	65	65.02	64.99	64.99	65	65	65.01	65	65.01	65	64.99	65	65	65.01	64.99	65	65	64.99	65.01	65	65	65	64.99	65	65	65.02	64.99	65	65	64.99	65.01	64.99	65	64.99	65	65	65	65.01	65
19.21	65.01	65	65	65	64.99	65.01	65	65.01	65	64.99	65.01	65	65.02	64.99	64.99	65	65	65.01	65	65.01	65	64.99	65	65	65.01	64.99	65	65	64.99	65.01	65	65	65	64.99	65	65	65.02	64.99	65	65	64.99	65.01	64.99	65	64.99	65	65	65	65.01	65
19.24	65.01	65	65	65	64.99	65.01	65	65.01	65	64.99	65.01	65	65.02	64.99	64.99	65	65	65.01	65	65.01	65	64.99	65	65	65.01	64.99	65	65	64.99	65.01	65	65	65	64.99	65	65	65.02	64.99	65	65	64.99	65.01	64.99	65	64.99	65	65	65	65.01	65
19.27	65.01	65	65	65	64.99	65.01	65	65.01	65	64.99	65.01	65	65.02	64.99	64.99	65	65	65.01	65	65.01	65	64.99	65	65	65.01	64.99	65	65	64.99	65.01	65	65	65	64.99	65	65	65.02	64.99	65	65	64.99	65.01	64.99	65	64.99	65	65	65	65.01	65
19.3	65.01	64.99	64.99	65	65	65.01	65	65	65	64.99	65.01	65	65.01	65	64.99	65.01	64.99	65.02	65	65.01	65	64.99	65.01	65	65.01	65	64.99	65	64.99	65.01	64.99	64.99	65	65	65.01	65	65.01	65	64.99	65	65	65.01	64.99	64.99	65	65	65.01	64.99	65.01	65
19.33	65.01	64.99	64.99	65	65	65.01	65	65	65	64.99	65.01	65	65.01	65	64.99	65.01	64.99	65.02	65	65.01	65	64.99	65.01	65	65.01	65	64.99	65	64.99	65.01	64.99	64.99	65	65	65.01	65	65.01	65	64.99	65	65	65.01	64.99	64.99	65	65	65.01	64.99	65.01	65
19.36	65.01	64.99	64.99	65	65	65.01	65	65	65	64.99	65.01	65	65.01	65	64.99	65.01	64.99	65.02	65	65.01	65	64.99	65.01	65	65.01	65	64.99	65	64.99	65.01	64.99	64.99	65	65	65.01	65	65.01	65	64.99	65	65	65.01	64.99	64.99	65	65	65.01	64.99	65.01	65
19.39	65.01	64.99	64.99	65	65	65.01	65	65	65	64.99	65.01	65	65.01	65	64.99	65.01	64.99	65.02	65	65.01	65	64.99	65.01	65	65.01	65	64.99	65	64.99	65.01	64.99	64.99	65	65	65.01	65	65.01	65	64.99	65	65	65.01	64.99	64.99	65	65	65.01	64.99	65.01	65
19.42	65.01	64.99	64.99	65	65	65.01	65	65	65	64.99	65.01	65	65.01	65	64.99	65.01	64.99	65.02	65	65.01	65	64.99	65.01	65	65.01	65	64.99	65	64.99	65.01	64.99	64.99	65	65	65.01	65	65.01	65	64.99	65	65	65.01	64.99	64.99	65	65	65.01	64.99	65.01	65
19.45	65.01	64.99	64.99	65	65	65.01	65	65	65	64.99	65.01	65	65.01	65	64.99	65.01	64.99	65.02	65	65.01	65	64.99	65.01	65	65.01	65	64.99	65	64.99	65.01	64.99	64.99	65	65	65.01	65	65.01	65	64.99	65	65	65.01	64.99	64.99	65	65	65.01	64.99	65.01	65
19.48	65.01	64.99	64.99	65	65	65.01	65	65	65	64.99	65.01	65	65.01	65	64.99	65.01	64.99	65.02	65	65.01	65	64.99	65.01	65	65.01	65	64.99	65	64.99	65.01	64.99	64.99	65	65	65.01	65	65.01	65	64.99	65	65	65.01	64.99	64.99	65	65	65.01	64.99	65.01	65
19.51	65.01	64.99	64.99	65	65	65.01	65	65	65	64.99	65.01	65	65.01	65	64.99	65.01	64.99	65.02	65	65.01	65	64.99	65.01	65	65.01	65	64.99	65	64.99	65.01	64.99	64.99	65	65	65.01	65	65.01	65	64.99	65	65	65.01	64.99	64.99	65	65	65.01	64.99	65.01	65
19.54	65.01	64.99	64.99	65	65	65.01	65	65	65	64.99	65.01	65	65.01	65	64.99	65.01	64.99	65.02	65	65.01	65	64.99	65.01	65	65.01	65	64.99	65	64.99	65.01	64.99	64.99	65	65	65.01	65	65.01	65	64.99	65	65	65.01	64.99	64.99	65	65	65.01	64.99	65.01	65
19.57	65.01	64.99	64.99	65	65	65.01	65	65	65	64.99	65.01	65	65.01	65	64.99	65.01	64.99	65.02	65	65.01	65	64.99	65.01	65	65.01	65	64.99	65	64.99	65.01	64.99	64.99	65	65	65.01	65	65.01	65	64.99	65	65	65.01	64.99	64.99	65	65	65.01	64.99	65.01	65
19.6	65.01	64.99	64.99	65	65	65.01	64.99	64.99	65	65	65.01	64.99	65	65	64.99	65.01	65	65.02	64.99	65	65	65	65.01	64.99	65.01	65	65	65.02	65	65.01	65	64.99	65	65	65.01	64.99	65.01	65	64.99	65.01	65	65.01	65	64.99	65	65	65.02	64.99	65	65
19.63	65.01	64.99	64.99	65	65	65.01	64.99	64.99	65	65	65.01	64.99	65	65	64.99	65.01	65	65.02	64.99	65	65	65	65.01	64.99	65.01	65	65	65.02	65	65.01	65	64.99	65	65	65.01	64.99	65.01	65	64.99	65.01	65	65.01	65	64.99	65	65	65.02	64.99	65	65
19.66	65.01	64.99	64.99	65	65	65.01	64.99	64.99	65	65	65.01	64.99	65	65	64.99	65.01	65	65.02	64.99	65	65	65	65.01	64.99	65.01	65	65	65.02	65	65.01	65	64.99	65	65	65.01	64.99	65.01	65	64.99	65.01	65	65.01	65	64.99	65	65	65.02	64.99	65	65
19.69	65.01	64.99	64.99	65	65	65.01	64.99	64.99	65	65	65.01	64.99	65	65	64.99	65.01	65	65.02	64.99	65	65	65	65.01	64.99	65.01	65	65	65.02	65	65.01	65	64.99	65	65	65.01	64.99	65.01	65	64.99	65.01	65	65.01	65	64.99	65	65	65.02	64.99	65	65
19.72	65.01	64.99	64.99	65	65	65.01	64.99	64.99	65	65	65.01	64.99	65	65	64.99	65.01	65	65.02	64.99	65	65	65	65.01	64.99	65.01	65	65	65.02	65	65.01	65	64.99	65	65	65.01	64.99	65.01	65	64.99	65.01	65	65.01	65	64.99	65	65	65.02	64.99	65	65
19.75	65.01	64.99	64.99	65	65	65.01	64.99	64.99	65	65	65.01	64.99	65	65	64.99	65.01	65	65.02	64.99	65	65	65	65.01	64.99	65.01	65	65	65.02	65	65.01	65	64.99	65	65	65.01	64.99	65.01	65	64.99	65.01	65	65.01	65	64.99	65	65	65.02	64.99	65	65
19.78	65.01	64.99	64.99	65	65	65.01	64.99	64.99	65	65	65.01	64.99	65	65	64.99	65.01	65	65.02	64.99	65	65	65	65.01	64.99	65.01	65	65	65.02	65	65.01	65	64.99	65	65	65.01	64.99	65.01	65	64.99	65.01	65	65.01	65	64.99	65	65	65.02	64.99	65	65
19.81	65.01	64.99	64.99	65	65	65.01	64.99	64.99	65	65	65.01	64.99	65	65	64.99	65.01	65	65.02	64.99	65	65	65	65.01	64.99	65.01	65	65	65.02	65	65.01	65	64.99	65	65	65.01	64.99	65.01	65	64.99	65.01	65	65.01	65	64.99	65	65	65.02	64.99	65	65
19.84	65.01	64.99	64.99	65	65	65.01	64.99	64.99	65	65	65.01	64.99	65	65	64.99	65.01	65	65.02	64.99	65	65	65	65.01	64.99	65.01	65	65	65.02	65	65.01	65	64.99	65	65	65.01	64.99	65.01	65	64.99	65.01	65	65.01	65	64.99	65	65	65.02	64.99	65	65
19.87	65.01	64.99	64.99	65	65	65.01	64.99	64.99	65	65	65.01	64.99	65	65	64.99	65.01	65	65.02	64.99	65	65	65	65.01	64.99	65.01	65	65	65.02	65	65.01	65	64.99	65	65	65.01	64.99	65.01	65	64.99	65.01	65	65.01	65	64.99	65	65	65.02	64.99	65	65
19.9	65	65	64.99	65.01	65	65.01	65	64.99	65	65	65.01	64.99	64.99	65	64.99	65.01	65	65.02	65	64.99	65	65	65.02	64.99	65	65	65	65.02	65	65.01	65	64.99	65.01	65	65.02	64.99	65	65	65	65.01	64.98	65.01	64.99	64.99	65.01	65	65.01	64.99	64.99	65.01
19.93	65	65	64.99	65.01	65	65.01	65	64.99	65	65	65.01	64.99	64.99	65	64.99	65.01	65	65.02	65	64.99	65	65	65.02	64.99	65	65	65	65.02	65	65.01	65	64.99	65.01	65	65.02	64.99	65	65	65	65.01	64.98	65.01	64.99	64.99	65.01	65	65.01	64.99	64.99	65.01
19.96	65	65	64.99	65.01	65	65.01	65	64.99	65	65	65.01	64.99	64.99	65	64.99	65.01	65	65.02	65	64.99	65	65	65.02	64.99	65	65	65	65.02	65	65.01	65	64.99	65.01	65	65.02	64.99	65	65	65	65.01	64.98	65.01	64.99	64.99	65.01	65	65.01	64.99	64.99	65.01
19.99	65	65	64.99	65.01	65	65.01	65	64.99	65	65	65.01	64.99	64.99	65	64.99	65.01	65	65.02	65	64.99	65	65	65.02	64.99	65	65	65	65.02	65	65.01	65	64.99	65.01	65	65.02	64.99	65	65	65	65.01	64.98	65.01	64.99	64.99	65.01	65	65.01	64.99	64.99	65.01
20.02	65	65	64.99	65.01	65	65.01	65	64.99	65	65	65.01	64.99	64.99	65	64.99	65.01	65	65.02	65	64.99	65	65	65.02	64.99	65	65	65	65.02	65	65.01	65	64.99	65.01	65	65.02	64.99	65	65	65	65.01	64.98	65.01	64.99	64.99	65.01	65	65.01	64.99	64.99	65.01
20.05	65	65	64.99	65.01	65	65.01	65	64.99	65	65	65.01	64.99	64.99	65	64.99	65.01	65	65.02	65	64.99	65	65	65.02	64.99	65	65	65	65.02	65	65.01	65	64.99	65.01	65	65.02	64.99	65	65	65	65.01	64.98	65.01	64.99	64.99	65.01	65	65.01	64.99	64.99	65.01
20.08	65	65	64.99	65.01	65	65.01	65	64.99	65	65	65.01	64.99	64.99	65	64.99	65.01	65	65.02	65	64.99	65	65	65.02	64.99	65	65	65	65.02	65	65.01	65	64.99	65.01	65	65.02	64.99	65	65	65	65.01	64.98	65.01	64.99	64.99	65.01	65	65.01	64.99	64.99	65.01
20.11	65	65	64.99	65.01	65	65.01	65	64.99	65	65	65.01	64.99	64.99	65	64.99	65.01	65	65.02	65	64.99	65	65	65.02	64.99	65	65	65	65.02	65	65.01	65	64.99	65.01	65	65.02	64.99	65	65	65	65.01	64.98	65.01	64.99	64.99	65.01	65	65.01	64.99	64.99	65.01
20.14	65	65	64.99	65.01	65	65.01	65	64.99	65	65	65.01	64.99	64.99	65	64.99	65.01	65	65.02	65	64.99	65	65	65.02	64.99	65	65	65	65.02	65	65.01	65	64.99	65.01	65	65.02	64.99	65	65	65	65.01	64.98	65.01	64.99	64.99	65.01	65	65.01	64.99	64.99	65.01
20.17	65	65	64.99	65.01	65	65.01	65	64.99	65	65	65.01	64.99	64.99	65	64.99	65.01	65	65.02	65	64.99	65	65	65.02	64.99	65	65	65	65.02	65	65.01	65	64.99	65.01	65	65.02	64.99	65	65	65	65.01	64.98	65.01	64.99	64.99	65.01	65	65.01	64.99	64.99	65.01
20.2	64.99	65	65	65.01	64.99	65.01	65	64.99	65.01	65	65	64.99	64.99	65	65	65.02	64.99	65.01	65	65	65.01	65	65.01	65	64.99	65	65	65.01	64.99	65	65	65	65.01	65	65.01	64.99	64.99	65	65	65.02	64.99	65	65	65	65.01	64.99	64.99	65	64.99	65.01
20.23	64.99	65	65	65.01	64.99	65.01	65	64.99	65.01	65	65	64.99	64.99	65	65	65.02	64.99	65.01	65	65	65.01	65	65.01	65	64.99	65	65	65.01	64.99	65	65	65	65.01	65	65.01	64.99	64.99	65	65	65.02	64.99	65	65	65	65.01	64.99	64.99	65	64.99	65.01
20.26	64.99	65	65	65.01	64.99	65.01	65	64.99	65.01	65	65	64.99	64.99	65	65	65.02	64.99	65.01	65	65	65.01	65	65.01	65	64.99	65	65	65.01	64.99	65	65	65	65.01	65	65.01	64.99	64.99	65	65	65.02	64.99	65	65	65	65.01	64.99	64.99	65	64.99	65.01
20.29	64.99	65	65	65.01	64.99	65.01	65	64.99	65.01	65	65	64.99	64.99	65	65	65.02	64.99	65.01	65	65	65.01	65	65.01	65	64.99	65	65	65.01	64.99	65	65	65	65.01	65	65.01	64.99	64.99	65	65	65.02	64.99	65	65	65	65.01	64.99	64.99	65	64.99	65.01
20.32	64.99	65	65	65.01	64.99	65.01	65	64.99	65.01	65	65	64.99	64.99	65	65	65.02	64.99	65.01	65	65	65.01	65	65.01	65	64.99	65	65	65.01	64.99	65	65	65	65.01	65	65.01	64.99	64.99	65	65	65.02	64.99	65	65	65	65.01	64.99	64.99	65	64.99	65.01
20.35	64.99	65	65	65.01	64.99	65.01	65	64.99	65.01	65	65	64.99	64.99	65	65	65.02	64.99	65.01	65	65	65.01	65	65.01	65	64.99	65	65	65.01	64.99	65	65	65	65.01	65	65.01	64.99	64.99	65	65	65.02	64.99	65	65	65	65.01	64.99	64.99	65	64.99	65.01
20.38	64.99	65	65	65.01	64.99	65.01	65	64.99	65.01	65	65	64.99	64.99	65	65	65.02	64.99	65.01	65	65	65.01	65	65.01	65	64.99	65	65	65.01	64.99	65	65	65	65.01	65	65.01	64.99	64.99	65	65	65.02	64.99	65	65	65	65.01	64.99	64.99	65	64.99	65.01
20.41	64.99	65	65	65.01	64.99	65.01	65	64.99	65.01	65	65	64.99	64.99	65	65	65.02	64.99	65.01	65	65	65.01	65	65.01	65	64.99	65	65	65.01	64.99	65	65	65	65.01	65	65.01	64.99	64.99	65	65	65.02	64.99	65	65	65	65.01	64.99	64.99	65	64.99	65.01
20.44	64.99	65	65	65.01	64.99	65.01	65	64.99	65.01	65	65	64.99	64.99	65	65	65.02	64.99	65.01	65	65	65.01	65	65.01	65	64.99	65	65	65.01	64.99	65	65	65	65.01	65	65.01	64.99	64.99	65	65	65.02	64.99	65	65	65	65.01	64.99	64.99	65	64.99	65.01
20.47	64.99	65	65	65.01	64.99	65.01	65	64.99	65.01	65	65	64.99	64.99	65	65	65.02	64.99	65.01	65	65	65.01	65	65.01	65	64.99	65	65	65.01	64.99	65	65	65	65.01	65	65.01	64.99	64.99	65	65	65.02	64.99	65	65	65	65.01	64.99	64.99	65	64.99	65.01
20.5	64.99	65	65	65.01	64.99	65	65	65	65.01	64.99	64.99	65	64.99	65	65	65.02	64.99	65.01	65	65	65.01	65	65	65	64.99	65.01	65	65	64.99	64.99	65	65	65.01	65	65	65	64.99	65.01	65	65.01	64.99	64.99	65.01	65	65.01	64.99	64.98	65	65	65.01
20.53	64.99	65	65	65.01	64.99	65	65	65	65.01	64.99	64.99	65	64.99	65	65	65.02	64.99	65.01	65	65	65.01	65	65	65	64.99	65.01	65	65	64.99	64.99	65	65	65.01	65	65	65	64.99	65.01	65	65.01	64.99	64.99	65.01	65	65.01	64.99	64.98	65	65	65.01
20.56	64.99	65	65	65.01	64.99	65	65	65	65.01	64.99	64.99	65	64.99	65	65	65.02	64.99	65.01	65	65	65.01	65	65	65	64.99	65.01	65	65	64.99	64.99	65	65	65.01	65	65	65	64.99	65.01	65	65.01	64.99	64.99	65.01	65	65.01	64.99	64.98	65	65	65.01
20.59	64.99	65	65	65.01	64.99	65	65	65	65.01	64.99	64.99	65	64.99	65	65	65.02	64.99	65.01	65	65	65.01	65	65	65	64.99	65.01	65	65	64.99	64.99	65	65	65.01	65	65	65	64.99	65.01	65	65.01	64.99	64.99	65.01	65	65.01	64.99	64.98	65	65	65.01
20.62	64.99	65	65	65.01	64.99	65	65	65	65.01	64.99	64.99	65	64.99	65	65	65.02	64.99	65.01	65	65	65.01	65	65	65	64.99	65.01	65	65	64.99	64.99	65	65	65.01	65	65	65	64.99	65.01	65	65.01	64.99	64.99	65.01	65	65.01	64.99	64.98	65	65	65.01
20.65	64.99	65	65	65.01	64.99	65	65	65	65.01	64.99	64.99	65	64.99	65	65	65.02	64.99	65.01	65	65	65.01	65	65	65	64.99	65.01	65	65	64.99	64.99	65	65	65.01	65	65	65	64.99	65.01	65	65.01	64.99	64.99	65.01	65	65.01	64.99	64.98	65	65	65.01
20.68	64.99	65	65	65.01	64.99	65	65	65	65.01	64.99	64.99	65	64.99	65	65	65.02	64.99	65.01	65	65	65.01	65	65	65	64.99	65.01	65	65	64.99	64.99	65	65	65.01	65	65	65	64.99	65.01	65	65.01	64.99	64.99	65.01	65	65.01	64.99	64.98	65	65	65.01
20.71	64.99	65	65	65.01	64.99	65	65	65	65.01	64.99	64.99	65	64.99	65	65	65.02	64.99	65.01	65	65	65.01	65	65	65	64.99	65.01	65	65	64.99	64.99	65	65	65.01	65	65	65	64.99	65.01	65	65.01	64.99	64.99	65.01	65	65.01	64.99	64.98	65	65	65.01
20.74	64.99	65	65	65.01	64.99	65	65	65	65.01	64.99	64.99	65	64.99	65	65	65.02	64.99	65.01	65	65	65.01	65	65	65	64.99	65.01	65	65	64.99	64.99	65	65	65.01	65	65	65	64.99	65.01	65	65.01	64.99	64.99	65.01	65	65.01	64.99	64.98	65	65	65.01
20.77	64.99	65	65	65.01	64.99	65	65	65	65.01	64.99	64.99	65	64.99	65	65	65.02	64.99	65.01	65	65	65.01	65	65	65	64.99	65.01	65	65	64.99	64.99	65	65	65.01	65	65	65	64.99	65.01	65	65.01	64.99	64.99	65.01	65	65.01	64.99	64.98	65	65	65.01
20.8	64.99	65.01	65	65.01	65	64.99	65	65	65.01	64.99	64.99	65	64.99	65.01	64.99	65.01	64.99	65	65	65	65.01	64.99	64.99	65	65	65.01	64.99	65	65	64.99	65.01	65	65.01	64.99	64.98	65	65	65.01	65	64.99	65	65	65.01	65	65.01	65	64.99	65	65	65.01
20.83	64.99	65.01	65	65.01	65	64.99	65	65	65.01	64.99	64.99	65	64.99	65.01	64.99	65.01	64.99	65	65	65	65.01	64.99	64.99	65	65	65.01	64.99	65	65	64.99	65.01	65	65.01	64.99	64.98	65	65	65.01	65	64.99	65	65	65.01	65	65.01	65	64.99	65	65	65.01
20.86	64.99	65.01	65	65.01	65	64.99	65	65	65.01	64.99	64.99	65	64.99	65.01	64.99	65.01	64.99	65	65	65	65.01	64.99	64.99	65	65	65.01	64.99	65	65	64.99	65.01	65	65.01	64.99	64.98	65	65	65.01	65	64.99	65	65	65.01	65	65.01	65	64.99	65	65	65.01
20.89	64.99	65.01	65	65.01	65	64.99	65	65	65.01	64.99	64.99	65	64.99	65.01	64.99	65.01	64.99	65	65	65	65.01	64.99	64.99	65	65	65.01	64.99	65	65	64.99	65.01	65	65.01	64.99	64.98	65	65	65.01	65	64.99	65	65	65.01	65	65.01	65	64.99	65	65	65.01
20.92	64.99	65.01	65	65.01	65	64.99	65	65	65.01	64.99	64.99	65	64.99	65.01	64.99	65.01	64.99	65	65	65	65.01	64.99	64.99	65	65	65.01	64.99	65	65	64.99	65.01	65	65.01	64.99	64.98	65	65	65.01	65	64.99	65	65	65.01	65	65.01	65	64.99	65	65	65.01
20.95	64.99	65.01	65	65.01	65	64.99	65	65	65.01	64.99	64.99	65	64.99	65.01	64.99	65.01	64.99	65	65	65	65.01	64.99	64.99	65	65	65.01	64.99	65	65	64.99	65.01	65	65.01	64.99	64.98	65	65	65.01	65	64.99	65	65	65.01	65	65.01	65	64.99	65	65	65.01
20.98	64.99	65.01	65	65.01	65	64.99	65	65	65.01	64.99	64.99	65	64.99	65.01	64.99	65.01	64.99	65	65	65	65.01	64.99	64.99	65	65	65.01	64.99	65	65	64.99	65.01	65	65.01	64.99	64.98	65	65	65.01	65	64.99	65	65	65.01	65	65.01	65	64.99	65	65	65.01
21.01	64.99	65.01	65	65.01	65	64.99	65	65	65.01	64.99	64.99	65	64.99	65.01	64.99	65.01	64.99	65	65	65	65.01	64.99	64.99	65	65	65.01	64.99	65	65	64.99	65.01	65	65.01	64.99	64.98	65	65	65.01	65	64.99	65	65	65.01	65	65.01	65	64.99	65	65	65.01
21.04	64.99	65.01	65	65.01	65	64.99	65	65	65.01	64.99	64.99	65	64.99	65.01	64.99	65.01	64.99	65	65	65	65.01	64.99	64.99	65	65	65.01	64.99	65	65	64.99	65.01	65	65.01	64.99	64.98	65	65	65.01	65	64.99	65	65	65.01	65	65.01	65	64.99	65	65	65.01
21.07	64.99	65.01	65	65.01	65	64.99	65	65	65.01	64.99	64.99	65	64.99	65.01	64.99	65.01	64.99	65	65	65	65.01	64.99	64.99	65	65	65.01	64.99	65	65	64.99	65.01	65	65.01	64.99	64.98	65	65	65.01	65	64.99	65	65	65.01	65	65.01	65	64.99	65	65	65.01
21.1	65	65.01	65	65.01	64.99	64.99	65.01	65	65.01	65	64.99	65	65	65.02	64.98	65	64.99	65	65.01	65	65.01	65	64.99	65	65	65.01	64.99	64.99	65	65	65.01	64.99	65.01	64.99	64.98	65	65	65.01	64.99	64.99	65	65	65.01	64.99	65	65	65	65.01	65	65.01
21.13	65	65.01	65	65.01	64.99	64.99	65.01	65	65.01	65	64.99	65	65	65.02	64.98	65	64.99	65	65.01	65	65.01	65	64.99	65	65	65.01	64.99	64.99	65	65	65.01	64.99	65.01	64.99	64.98	65	65	65.01	64.99	64.99	65	65	65.01	64.99	65	65	65	65.01	65	65.01
21.16	65	65.01	65	65.01	64.99	64.99	65.01	65	65.01	65	64.99	65	65	65.02	64.98	65	64.99	65	65.01	65	65.01	65	64.99	65	65	65.01	64.99	64.99	65	65	65.01	64.99	65.01	64.99	64.98	65	65	65.01	64.99	64.99	65	65	65.01	64.99	65	65	65	65.01	65	65.01
21.19	65	65.01	65	65.01	64.99	64.99	65.01	65	65.01	65	64.99	65	65	65.02	64.98	65	64.99	65	65.01	65	65.01	65	64.99	65	65	65.01	64.99	64.99	65	65	65.01	64.99	65.01	64.99	64.98	65	65	65.01	64.99	64.99	65	65	65.01	64.99	65	65	65	65.01	65	65.01
21.22	65	65.01	65	65.01	64.99	64.99	65.01	65	65.01	65	64.99	65	65	65.02	64.98	65	64.99	65	65.01	65	65.01	65	64.99	65	65	65.01	64.99	64.99	65	65	65.01	64.99	65.01	64.99	64.98	65	65	65.01	64.99	64.99	65	65	65.01	64.99	65	65	65	65.01	65	65.01
21.25	65	65.01	65	65.01	64.99	64.99	65.01	65	65.01	65	64.99	65	65	65.02	64.98	65	64.99	65	65.01	65	65.01	65	64.99	65	65	65.01	64.99	64.99	65	65	65.01	64.99	65.01	64.99	64.98	65	65	65.01	64.99	64.99	65	65	65.01	64.99	65	65	65	65.01	65	65.01
21.28	65	65.01	65	65.01	64.99	64.99	65.01	65	65.01	65	64.99	65	65	65.02	64.98	65	64.99	65	65.01	65	65.01	65	64.99	65	65	65.01	64.99	64.99	65	65	65.01	64.99	65.01	64.99	64.98	65	65	65.01	64.99	64.99	65	65	65.01	64.99	65	65	65	65.01	65	65.01
21.31	65	65.01	65	65.01	64.99	64.99	65.01	65	65.01	65	64.99	65	65	65.02	64.98	65	64.99	65	65.01	65	65.01	65	64.99	65	65	65.01	64.99	64.99	65	65	65.01	64.99	65.01	64.99	64.98	65	65	65.01	64.99	64.99	65	65	65.01	64.99	65	65	65	65.01	65	65.01
21.34	65	65.01	65	65.01	64.99	64.99	65.01	65	65.01	65	64.99	65	65	65.02	64.98	65	64.99	65	65.01	65	65.01	65	64.99	65	65	65.01	64.99	64.99	65	65	65.01	64.99	65.01	64.99	64.98	65	65	65.01	64.99	64.99	65	65	65.01	64.99	65	65	65	65.01	65	65.01
21.37	65	65.01	65	65.01	64.99	64.99	65.01	65	65.01	65	64.99	65	65	65.02	64.98	65	64.99	65	65.01	65	65.01	65	64.99	65	65	65.01	64.99	64.99	65	65	65.01	64.99	65.01	64.99	64.98	65	65	65.01	64.99	64.99	65	65	65.01	64.99	65	65	65	65.01	65	65.01
21.4	65	65.01	64.99	65	65	64.99	65.01	64.99	65	65	65	65	65	65.01	64.99	64.99	65	65	65.01	65	65.01	65	64.99	65	65	65.01	65	64.98	65	65	65.02	64.98	65	65	64.99	65.01	65	65.01	65	64.99	65.01	65	65.01	64.99	64.99	65	65	65.01	65	65
21.43	65	65.01	64.99	65	65	64.99	65.01	64.99	65	65	65	65	65	65.01	64.99	64.99	65	65	65.01	65	65.01	65	64.99	65	65	65.01	65	64.98	65	65	65.02	64.98	65	65	64.99	65.01	65	65.01	65	64.99	65.01	65	65.01	64.99	64.99	65	65	65.01	65	65
21.46	65	65.01	64.99	65	65	64.99	65.01	64.99	65	65	65	65	65	65.01	64.99	64.99	65	65	65.01	65	65.01	65	64.99	65	65	65.01	65	64.98	65	65	65.02	64.98	65	65	64.99	65.01	65	65.01	65	64.99	65.01	65	65.01	64.99	64.99	65	65	65.01	65	65
21.49	65	65.01	64.99	65	65	64.99	65.01	64.99	65	65	65	65	65	65.01	64.99	64.99	65	65	65.01	65	65.01	65	64.99	65	65	65.01	65	64.98	65	65	65.02	64.98	65	65	64.99	65.01	65	65.01	65	64.99	65.01	65	65.01	64.99	64.99	65	65	65.01	65	65
21.52	65	65.01	64.99	65	65	64.99	65.01	64.99	65	65	65	65	65	65.01	64.99	64.99	65	65	65.01	65	65.01	65	64.99	65	65	65.01	65	64.98	65	65	65.02	64.98	65	65	64.99	65.01	65	65.01	65	64.99	65.01	65	65.01	64.99	64.99	65	65	65.01	65	65
21.55	65	65.01	64.99	65	65	64.99	65.01	64.99	65	65	65	65	65	65.01	64.99	64.99	65	65	65.01	65	65.01	65	64.99	65	65	65.01	65	64.98	65	65	65.02	64.98	65	65	64.99	65.01	65	65.01	65	64.99	65.01	65	65.01	64.99	64.99	65	65	65.01	65	65
21.58	65	65.01	64.99	65	65	64.99	65.01	64.99	65	65	65	65	65	65.01	64.99	64.99	65	65	65.01	65	65.01	65	64.99	65	65	65.01	65	64.98	65	65	65.02	64.98	65	65	64.99	65.01	65	65.01	65	64.99	65.01	65	65.01	64.99	64.99	65	65	65.01	65	65
21.61	65	65.01	64.99	65	65	64.99	65.01	64.99	65	65	65	65	65	65.01	64.99	64.99	65	65	65.01	65	65.01	65	64.99	65	65	65.01	65	64.98	65	65	65.02	64.98	65	65	64.99	65.01	65	65.01	65	64.99	65.01	65	65.01	64.99	64.99	65	65	65.01	65	65
21.64	65	65.01	64.99	65	65	64.99	65.01	64.99	65	65	65	65	65	65.01	64.99	64.99	65	65	65.01	65	65.01	65	64.99	65	65	65.01	65	64.98	65	65	65.02	64.98	65	65	64.99	65.01	65	65.01	65	64.99	65.01	65	65.01	64.99	64.99	65	65	65.01	65	65
21.67	65	65.01	64.99	65	65	64.99	65.01	64.99	65	65	65	65	65	65.01	64.99	64.99	65	65	65.01	65	65.01	65	64.99	65	65	65.01	65	64.98	65	65	65.02	64.98	65	65	64.99	65.01	65	65.01	65	64.99	65.01	65	65.01	64.99	64.99	65	65	65.01	65	65
21.7	65	65.01	65	64.99	65	65	65.01	64.99	64.99	65	64.99	65.01	64.99	65	65	64.99	65	65	65.01	64.99	65	65	64.99	65.01	64.99	65	65	64.98	65	65.01	65.01	64.99	65	65	65	65.01	65	65.01	65	64.99	65.01	65	65.01	64.99	64.99	65	64.99	65.01	64.99	64.99
21.73	65	65.01	65	64.99	65	65	65.01	64.99	64.99	65	64.99	65.01	64.99	65	65	64.99	65	65	65.01	64.99	65	65	64.99	65.01	64.99	65	65	64.98	65	65.01	65.01	64.99	65	65	65	65.01	65	65.01	65	64.99	65.01	65	65.01	64.99	64.99	65	64.99	65.01	64.99	64.99
21.76	65	65.01	65	64.99	65	65	65.01	64.99	64.99	65	64.99	65.01	64.99	65	65	64.99	65	65	65.01	64.99	65	65	64.99	65.01	64.99	65	65	64.98	65	65.01	65.01	64.99	65	65	65	65.01	65	65.01	65	64.99	65.01	65	65.01	64.99	64.99	65	64.99	65.01	64.99	64.99
21.79	65	65.01	65	64.99	65	65	65.01	64.99	64.99	65	64.99	65.01	64.99	65	65	64.99	65	65	65.01	64.99	65	65	64.99	65.01	64.99	65	65	64.98	65	65.01	65.01	64.99	65	65	65	65.01	65	65.01	65	64.99	65.01	65	65.01	64.99	64.99	65	64.99	65.01	64.99	64.99
21.82	65	65.01	65	64.99	65	65	65.01	64.99	64.99	65	64.99	65.01	64.99	65	65	64.99	65	65	65.01	64.99	65	65	64.99	65.01	64.99	65	65	64.98	65	65.01	65.01	64.99	65	65	65	65.01	65	65.01	65	64.99	65.01	65	65.01	64.99	64.99	65	64.99	65.01	64.99	64.99
21.85	65	65.01	65	64.99	65	65	65.01	64.99	64.99	65	64.99	65.01	64.99	65	65	64.99	65	65	65.01	64.99	65	65	64.99	65.01	64.99	65	65	64.98	65	65.01	65.01	64.99	65	65	65	65.01	65	65.01	65	64.99	65.01	65	65.01	64.99	64.99	65	64.99	65.01	64.99	64.99
21.88	65	65.01	65	64.99	65	65	65.01	64.99	64.99	65	64.99	65.01	64.99	65	65	64.99	65	65	65.01	64.99	65	65	64.99	65.01	64.99	65	65	64.98	65	65.01	65.01	64.99	65	65	65	65.01	65	65.01	65	64.99	65.01	65	65.01	64.99	64.99	65	64.99	65.01	64.99	64.99
21.91	65	65.01	65	64.99	65	65	65.01	64.99	64.99	65	64.99	65.01	64.99	65	65	64.99	65	65	65.01	64.99	65	65	64.99	65.01	64.99	65	65	64.98	65	65.01	65.01	64.99	65	65	65	65.01	65	65.01	65	64.99	65.01	65	65.01	64.99	64.99	65	64.99	65.01	64.99	64.99
21.94	65	65.01	65	64.99	65	65	65.01	64.99	64.99	65	64.99	65.01	64.99	65	65	64.99	65	65	65.01	64.99	65	65	64.99	65.01	64.99	65	65	64.98	65	65.01	65.01	64.99	65	65	65	65.01	65	65.01	65	64.99	65.01	65	65.01	64.99	64.99	65	64.99	65.01	64.99	64.99
21.97	65	65.01	65	64.99	65	65	65.01	64.99	64.99	65	64.99	65.01	64.99	65	65	64.99	65	65	65.01	64.99	65	65	64.99	65.01	64.99	65	65	64.98	65	65.01	65.01	64.99	65	65	65	65.01	65	65.01	65	64.99	65.01	65	65.01	64.99	64.99	65	64.99	65.01	64.99	64.99
22	65	65.01	65	64.99	65.01	65	65.01	65	64.98	65	65	65.02	64.99	65	65	64.99	65.01	65	65.01	65	64.99	65	65	65.01	64.99	65	65	64.99	65.01	65	65	65	64.99	65	65	65.01	64.99	65	65	64.99	65.01	64.99	65	64.99	64.99	65	65	65.02	65	64.99
