# SCAN started at: 2017-02-21 16:29:51
# Elen_Scan Temperature: 100K Mass: 176.6 Resolution: 30
# ----------------------------------------
# 
11	0.23	2	1	0	0	3	0	0	2	0	0	1	0	0	0	0	0	0	0	1	0	0	0	1	2	0	0	0	0	0	0	0	0	0	0	0	0	3	0	0	0	0	0	0	0	1	0	0	0	1	0	0	2	2	0	0	0	0	0	0	0	0	0	0	0	0	0	0	0	0	0	0	0	0	0	0	0	0	0	0	0	0	0	0	0	0	0	0	0	0	0	0	0	0	0	0	1	0	0	0	0
11.07	0.02	0	0	0	0	0	0	0	0	0	0	0	0	0	0	0	0	0	0	0	0	0	0	0	0	0	0	0	0	0	0	0	0	0	0	0	0	0	0	0	0	0	0	0	0	0	0	0	0	0	0	0	0	0	0	0	0	0	0	0	0	0	0	0	0	0	0	0	0	0	0	0	0	0	0	0	0	2	0	0	0	0	0	0	0	0	0	0	0	0	0	0	0	0	0	0	0	0	0	0	0
11.15	0	0	0	0	0	0	0	0	0	0	0	0	0	0	0	0	0	0	0	0	0	0	0	0	0	0	0	0	0	0	0	0	0	0	0	0	0	0	0	0	0	0	0	0	0	0	0	0	0	0	0	0	0	0	0	0	0	0	0	0	0	0	0	0	0	0	0	0	0	0	0	0	0	0	0	0	0	0	0	0	0	0	0	0	0	0	0	0	0	0	0	0	0	0	0	0	0	0	0	0	0
11.22	0	0	0	0	0	0	0	0	0	0	0	0	0	0	0	0	0	0	0	0	0	0	0	0	0	0	0	0	0	0	0	0	0	0	0	0	0	0	0	0	0	0	0	0	0	0	0	0	0	0	0	0	0	0	0	0	0	0	0	0	0	0	0	0	0	0	0	0	0	0	0	0	0	0	0	0	0	0	0	0	0	0	0	0	0	0	0	0	0	0	0	0	0	0	0	0	0	0	0	0	0
11.3	0	0	0	0	0	0	0	0	0	0	0	0	0	0	0	0	0	0	0	0	0	0	0	0	0	0	0	0	0	0	0	0	0	0	0	0	0	0	0	0	0	0	0	0	0	0	0	0	0	0	0	0	0	0	0	0	0	0	0	0	0	0	0	0	0	0	0	0	0	0	0	0	0	0	0	0	0	0	0	0	0	0	0	0	0	0	0	0	0	0	0	0	0	0	0	0	0	0	0	0	0
11.37	0.04	0	0	0	0	0	0	0	0	0	0	0	0	0	0	0	1	0	0	0	0	0	0	0	1	0	0	0	0	0	0	0	0	0	0	0	0	0	0	0	0	0	0	0	0	0	0	0	0	0	1	0	0	0	0	0	0	0	0	0	0	0	0	0	0	0	0	0	0	0	0	0	0	0	0	0	0	0	0	0	0	0	0	0	0	0	1	0	0	0	0	0	0	0	0	0	0	0	0	0	0
11.45	0	0	0	0	0	0	0	0	0	0	0	0	0	0	0	0	0	0	0	0	0	0	0	0	0	0	0	0	0	0	0	0	0	0	0	0	0	0	0	0	0	0	0	0	0	0	0	0	0	0	0	0	0	0	0	0	0	0	0	0	0	0	0	0	0	0	0	0	0	0	0	0	0	0	0	0	0	0	0	0	0	0	0	0	0	0	0	0	0	0	0	0	0	0	0	0	0	0	0	0	0
11.52	0.04	3	0	0	0	0	0	0	0	0	0	0	0	0	0	0	0	0	0	0	0	0	0	0	0	0	0	0	0	0	0	0	0	0	0	0	0	0	0	0	0	0	0	0	0	1	0	0	0	0	0	0	0	0	0	0	0	0	0	0	0	0	0	0	0	0	0	0	0	0	0	0	0	0	0	0	0	0	0	0	0	0	0	0	0	0	0	0	0	0	0	0	0	0	0	0	0	0	0	0	0
11.6	0	0	0	0	0	0	0	0	0	0	0	0	0	0	0	0	0	0	0	0	0	0	0	0	0	0	0	0	0	0	0	0	0	0	0	0	0	0	0	0	0	0	0	0	0	0	0	0	0	0	0	0	0	0	0	0	0	0	0	0	0	0	0	0	0	0	0	0	0	0	0	0	0	0	0	0	0	0	0	0	0	0	0	0	0	0	0	0	0	0	0	0	0	0	0	0	0	0	0	0	0
11.67	0	0	0	0	0	0	0	0	0	0	0	0	0	0	0	0	0	0	0	0	0	0	0	0	0	0	0	0	0	0	0	0	0	0	0	0	0	0	0	0	0	0	0	0	0	0	0	0	0	0	0	0	0	0	0	0	0	0	0	0	0	0	0	0	0	0	0	0	0	0	0	0	0	0	0	0	0	0	0	0	0	0	0	0	0	0	0	0	0	0	0	0	0	0	0	0	0	0	0	0	0
11.75	0.02	0	0	0	0	0	0	0	0	0	0	0	0	0	0	0	0	0	0	0	0	0	0	0	0	0	0	0	0	0	0	0	1	0	0	0	0	0	0	0	0	0	0	0	0	0	0	0	0	0	1	0	0	0	0	0	0	0	0	0	0	0	0	0	0	0	0	0	0	0	0	0	0	0	0	0	0	0	0	0	0	0	0	0	0	0	0	0	0	0	0	0	0	0	0	0	0	0	0	0	0
11.82	0	0	0	0	0	0	0	0	0	0	0	0	0	0	0	0	0	0	0	0	0	0	0	0	0	0	0	0	0	0	0	0	0	0	0	0	0	0	0	0	0	0	0	0	0	0	0	0	0	0	0	0	0	0	0	0	0	0	0	0	0	0	0	0	0	0	0	0	0	0	0	0	0	0	0	0	0	0	0	0	0	0	0	0	0	0	0	0	0	0	0	0	0	0	0	0	0	0	0	0	0
11.9	0.01	0	0	0	0	0	0	0	0	0	0	0	0	0	0	0	0	0	0	0	0	0	0	0	0	0	0	0	0	0	0	0	0	0	0	0	0	0	0	0	0	0	0	0	0	0	0	0	0	0	0	0	0	0	0	0	0	0	0	0	0	0	0	0	0	0	0	0	0	0	0	0	0	0	0	0	0	0	0	0	0	0	0	0	0	0	0	0	0	1	0	0	0	0	0	0	0	0	0	0	0
11.97	0.02	0	0	0	0	0	0	0	0	0	0	0	0	0	0	0	0	0	0	0	0	0	0	0	0	0	0	0	0	0	0	0	0	0	0	0	0	0	0	0	0	0	0	0	0	0	0	0	0	1	0	0	0	0	0	0	1	0	0	0	0	0	0	0	0	0	0	0	0	0	0	0	0	0	0	0	0	0	0	0	0	0	0	0	0	0	0	0	0	0	0	0	0	0	0	0	0	0	0	0	0
12.05	0.01	0	0	0	0	0	0	0	0	0	0	0	0	0	0	0	0	0	0	0	0	0	0	0	0	0	0	0	0	0	0	0	0	0	0	0	0	0	0	0	0	0	0	0	0	0	0	0	0	0	0	0	0	0	0	0	0	0	0	0	0	0	0	0	0	0	0	0	1	0	0	0	0	0	0	0	0	0	0	0	0	0	0	0	0	0	0	0	0	0	0	0	0	0	0	0	0	0	0	0	0
12.12	0	0	0	0	0	0	0	0	0	0	0	0	0	0	0	0	0	0	0	0	0	0	0	0	0	0	0	0	0	0	0	0	0	0	0	0	0	0	0	0	0	0	0	0	0	0	0	0	0	0	0	0	0	0	0	0	0	0	0	0	0	0	0	0	0	0	0	0	0	0	0	0	0	0	0	0	0	0	0	0	0	0	0	0	0	0	0	0	0	0	0	0	0	0	0	0	0	0	0	0	0
12.2	0	0	0	0	0	0	0	0	0	0	0	0	0	0	0	0	0	0	0	0	0	0	0	0	0	0	0	0	0	0	0	0	0	0	0	0	0	0	0	0	0	0	0	0	0	0	0	0	0	0	0	0	0	0	0	0	0	0	0	0	0	0	0	0	0	0	0	0	0	0	0	0	0	0	0	0	0	0	0	0	0	0	0	0	0	0	0	0	0	0	0	0	0	0	0	0	0	0	0	0	0
12.27	0.01	0	0	0	0	0	0	0	0	0	0	0	0	0	0	0	0	0	0	0	0	0	0	0	0	0	0	0	0	0	0	0	0	0	0	0	0	0	0	0	0	0	0	0	0	0	0	0	0	0	0	0	0	0	0	0	1	0	0	0	0	0	0	0	0	0	0	0	0	0	0	0	0	0	0	0	0	0	0	0	0	0	0	0	0	0	0	0	0	0	0	0	0	0	0	0	0	0	0	0	0
12.35	0	0	0	0	0	0	0	0	0	0	0	0	0	0	0	0	0	0	0	0	0	0	0	0	0	0	0	0	0	0	0	0	0	0	0	0	0	0	0	0	0	0	0	0	0	0	0	0	0	0	0	0	0	0	0	0	0	0	0	0	0	0	0	0	0	0	0	0	0	0	0	0	0	0	0	0	0	0	0	0	0	0	0	0	0	0	0	0	0	0	0	0	0	0	0	0	0	0	0	0	0
12.42	0	0	0	0	0	0	0	0	0	0	0	0	0	0	0	0	0	0	0	0	0	0	0	0	0	0	0	0	0	0	0	0	0	0	0	0	0	0	0	0	0	0	0	0	0	0	0	0	0	0	0	0	0	0	0	0	0	0	0	0	0	0	0	0	0	0	0	0	0	0	0	0	0	0	0	0	0	0	0	0	0	0	0	0	0	0	0	0	0	0	0	0	0	0	0	0	0	0	0	0	0
12.5	0.01	0	0	0	0	0	0	0	0	0	0	0	0	0	0	0	0	0	0	0	0	0	0	0	0	0	0	0	0	0	0	0	0	0	0	0	0	0	0	0	0	0	0	0	0	0	0	0	0	0	0	0	1	0	0	0	0	0	0	0	0	0	0	0	0	0	0	0	0	0	0	0	0	0	0	0	0	0	0	0	0	0	0	0	0	0	0	0	0	0	0	0	0	0	0	0	0	0	0	0	0
12.57	0.03	0	0	0	1	0	0	0	0	0	0	0	0	0	0	0	0	0	0	0	0	0	0	0	0	0	0	0	0	0	0	1	0	0	0	0	0	0	0	0	0	0	0	0	0	0	0	0	0	0	0	0	0	0	0	0	0	0	0	0	0	0	0	0	0	0	0	0	0	0	0	0	0	0	0	0	0	0	0	0	0	0	0	0	0	0	0	0	0	0	0	0	0	0	1	0	0	0	0	0	0
12.65	0.03	0	0	0	0	0	0	0	0	0	0	0	0	0	0	0	0	0	1	0	0	0	0	0	0	0	0	0	0	0	0	0	0	0	0	0	0	0	0	0	0	0	0	0	0	0	0	0	0	0	0	0	0	0	0	0	0	0	0	0	0	0	0	0	0	0	2	0	0	0	0	0	0	0	0	0	0	0	0	0	0	0	0	0	0	0	0	0	0	0	0	0	0	0	0	0	0	0	0	0	0
12.72	0.04	0	0	0	0	0	0	0	0	0	0	0	0	0	0	0	0	0	0	0	0	0	0	0	0	0	0	1	0	0	0	1	0	0	0	0	0	0	0	0	0	0	0	0	0	0	0	0	0	0	0	0	0	0	0	0	0	0	0	0	0	0	0	0	0	0	0	0	1	0	0	0	0	0	0	0	0	0	0	0	0	0	0	0	0	0	0	0	0	1	0	0	0	0	0	0	0	0	0	0	0
12.8	0.03	0	0	0	0	0	0	0	1	0	0	0	0	0	0	0	0	0	0	0	0	0	0	0	0	0	0	0	0	0	0	0	0	0	0	0	0	0	0	1	0	0	0	0	0	0	0	0	0	0	0	0	0	1	0	0	0	0	0	0	0	0	0	0	0	0	0	0	0	0	0	0	0	0	0	0	0	0	0	0	0	0	0	0	0	0	0	0	0	0	0	0	0	0	0	0	0	0	0	0	0
12.87	0.09	0	2	0	0	0	0	0	0	0	0	0	0	0	0	1	0	0	0	0	0	0	0	1	0	0	0	0	0	0	0	0	0	0	0	0	0	0	0	0	0	0	0	0	0	0	0	0	0	0	2	0	0	0	0	0	0	0	0	0	0	0	0	0	0	2	0	0	0	0	0	0	0	1	0	0	0	0	0	0	0	0	0	0	0	0	0	0	0	0	0	0	0	0	0	0	0	0	0	0	0
12.95	0.13	0	2	0	0	0	0	0	0	0	0	2	0	0	0	0	0	1	1	0	0	0	0	0	0	0	0	0	0	0	0	0	0	0	0	0	0	0	0	0	0	0	0	0	0	2	0	0	0	0	0	2	0	0	0	0	0	0	0	0	0	1	1	0	1	0	0	0	0	0	0	0	0	0	0	0	0	0	0	0	0	0	0	0	0	0	0	0	0	0	0	0	0	0	0	0	0	0	0	0	0
13.02	0.11	0	0	0	0	0	0	0	0	0	0	0	0	0	0	0	0	0	0	0	0	0	0	0	0	0	0	1	0	0	0	0	0	0	0	0	0	1	3	1	0	0	0	0	0	1	0	0	0	0	0	0	0	0	0	2	0	0	0	0	0	0	0	0	0	0	0	0	0	0	0	0	0	0	0	0	0	0	0	0	0	0	0	0	0	0	0	0	0	0	0	0	0	0	0	0	1	0	0	0	1
13.1	0.12	0	0	0	2	0	0	0	0	0	0	0	0	0	0	0	0	1	0	0	0	0	0	0	0	0	1	0	0	0	0	0	0	0	0	0	0	0	0	1	1	0	0	0	0	0	0	0	1	3	0	0	0	0	0	0	0	0	0	0	1	0	0	0	0	0	0	0	0	0	0	0	0	0	0	0	0	0	0	0	0	0	0	0	0	0	1	0	0	0	0	0	0	0	0	0	0	0	0	0	0
13.17	0.08	0	0	0	0	0	0	0	0	0	1	0	0	0	0	0	0	0	0	0	0	1	0	0	0	0	0	1	0	0	0	0	0	0	0	0	2	1	0	0	0	0	0	0	0	0	0	0	0	0	0	0	0	0	0	0	0	0	0	0	1	0	0	0	0	0	0	0	0	0	0	0	0	0	0	0	0	0	0	0	0	0	0	0	0	0	0	0	0	0	0	0	0	0	0	0	0	1	0	0	0
13.25	0.14	0	0	0	0	0	0	0	0	0	0	0	0	0	0	1	0	1	0	0	0	0	0	1	0	0	1	0	0	0	0	0	0	0	0	0	0	3	0	0	3	0	0	0	0	0	0	0	0	0	0	0	0	1	0	0	0	0	0	0	0	1	0	0	0	0	0	0	0	0	0	0	0	0	0	0	0	0	0	0	0	0	0	0	0	0	0	0	0	0	0	0	0	0	0	0	0	0	0	0	2
13.32	0.35	1	0	0	0	1	1	1	0	0	0	0	0	0	1	0	0	0	1	0	1	0	0	0	0	3	0	3	0	0	0	1	0	0	3	0	1	0	0	3	0	0	0	1	0	0	0	1	1	1	0	1	0	0	1	0	0	0	2	1	0	1	0	0	0	0	0	0	2	0	0	1	0	0	0	0	0	0	0	0	0	0	0	0	0	0	0	0	0	0	1	0	0	0	0	0	0	0	0	0	0
13.4	0.3	0	0	0	0	1	0	0	0	0	0	2	0	0	0	1	0	1	0	0	2	0	0	0	0	1	1	0	0	2	1	0	0	0	0	0	0	0	0	0	0	3	1	0	0	0	0	0	0	0	0	1	2	0	0	0	1	0	0	0	0	0	0	0	2	0	0	0	0	0	2	1	0	1	0	0	0	0	0	0	0	0	0	0	0	0	0	1	0	0	0	0	0	2	0	0	0	0	1	0	0
13.47	0.29	0	0	1	0	0	0	0	0	0	0	0	0	0	2	0	0	0	0	1	0	0	3	0	3	0	0	0	0	0	0	2	0	0	0	1	0	0	1	0	2	1	0	0	0	0	2	0	0	0	0	0	0	0	0	0	1	0	0	1	0	0	0	0	0	0	0	0	0	0	1	2	0	0	0	1	0	0	0	0	0	0	0	0	0	0	0	0	0	0	3	0	0	1	0	0	0	0	0	0	0
13.55	0.38	1	0	2	1	3	0	0	0	0	0	0	0	0	2	0	0	1	1	1	1	2	1	0	0	2	0	0	0	0	0	0	3	0	0	1	1	2	1	0	1	0	0	1	2	0	0	1	0	0	0	0	0	0	0	0	1	0	0	0	1	0	0	0	0	2	0	0	2	0	0	0	0	0	0	0	0	0	0	0	0	0	0	0	0	1	0	0	0	0	0	0	0	0	0	0	0	0	0	0	0
13.62	0.31	0	0	1	0	0	3	0	0	0	1	0	0	1	1	0	0	3	0	0	0	0	1	3	0	0	0	0	0	0	0	2	0	1	1	0	0	1	0	1	0	2	0	0	1	0	0	0	0	0	1	0	1	1	0	0	0	0	0	0	0	0	0	0	0	0	0	0	1	0	0	0	1	0	0	0	0	0	0	0	0	0	0	0	0	0	0	0	0	0	0	0	0	0	1	0	0	1	0	0	1
13.7	0.44	0	0	0	0	0	4	0	0	0	0	0	0	0	0	0	3	0	0	0	3	0	1	0	0	2	0	1	0	0	0	0	0	1	0	2	3	0	1	0	1	1	0	2	0	0	1	4	0	2	2	1	1	0	1	0	0	0	1	0	0	2	2	0	0	0	0	0	0	0	0	0	0	0	0	0	0	1	0	0	0	0	0	0	0	0	0	0	0	0	0	0	0	0	0	0	0	0	0	0	1
13.77	0.32	0	0	4	0	0	1	0	2	0	0	1	0	0	0	0	0	1	0	0	0	1	0	2	0	2	2	0	0	0	0	0	0	0	0	0	0	0	2	0	0	0	0	1	0	1	0	1	0	0	2	2	1	0	0	1	1	0	2	0	0	1	0	1	0	0	0	0	0	0	0	0	0	0	0	0	0	0	0	0	0	0	0	0	0	0	0	0	0	0	0	0	0	0	0	0	0	0	0	0	0
13.85	0.35	0	0	0	3	3	3	0	0	0	0	0	0	0	0	0	0	1	0	1	0	0	1	1	1	0	0	0	1	1	3	1	0	1	0	1	0	0	0	0	0	0	2	1	1	2	0	0	0	0	1	0	0	0	1	0	1	1	1	0	0	1	0	0	0	0	0	1	0	0	0	0	0	0	0	0	0	0	0	0	0	0	0	0	0	0	0	0	0	0	0	0	0	0	0	0	0	0	0	0	0
13.92	0.46	0	0	1	1	0	4	0	0	0	0	0	2	0	1	0	0	1	1	0	0	0	3	1	3	0	2	0	4	1	2	0	0	0	0	2	0	0	1	0	0	0	0	2	0	1	0	1	0	0	0	0	0	0	0	0	0	2	2	0	0	0	0	0	0	0	0	0	1	1	0	0	0	0	2	0	0	0	0	0	0	0	0	1	0	0	0	0	0	0	0	0	0	2	1	0	0	0	0	0	0
14	0.52	4	1	1	1	0	0	0	0	0	0	0	2	0	0	1	0	2	0	0	1	1	2	0	0	0	0	1	0	0	1	0	2	0	1	2	2	0	0	0	0	0	0	2	0	1	0	0	1	1	1	0	0	1	1	0	0	0	2	1	0	2	1	2	0	1	0	3	3	0	0	0	0	0	0	0	0	0	0	0	0	0	0	0	0	0	0	2	0	0	0	1	0	0	0	0	1	0	0	0	0
14.07	0.66	0	1	2	4	0	1	0	3	0	0	0	1	0	0	3	0	0	3	2	1	2	2	0	1	1	1	0	0	1	0	1	0	1	2	0	1	0	1	0	0	0	3	0	2	2	0	0	1	1	0	4	1	1	0	1	2	1	0	2	0	0	0	0	2	0	1	2	1	0	0	0	0	0	0	0	0	0	0	0	0	2	0	0	0	0	0	0	1	0	0	0	0	0	0	0	0	0	0	1	0
14.15	0.61	0	2	0	1	1	0	1	4	0	0	1	0	0	1	4	0	0	1	0	2	0	0	0	0	0	2	1	0	0	0	0	0	1	0	0	0	2	4	2	0	0	0	1	0	2	1	0	6	0	1	0	0	1	2	0	3	1	1	2	0	0	0	0	0	0	0	1	0	0	0	1	0	0	3	1	0	0	0	0	1	0	0	0	0	0	0	0	0	0	0	0	0	1	2	0	0	0	0	0	0
14.22	0.63	1	0	0	0	0	0	2	2	2	0	1	2	1	0	0	1	0	0	1	0	0	0	0	0	0	0	0	0	1	1	1	1	1	0	1	4	0	2	4	3	1	3	1	0	3	1	6	0	0	1	0	1	0	2	1	0	0	0	2	3	0	2	1	0	0	0	0	0	0	0	0	0	0	0	0	0	0	0	0	0	0	0	0	0	0	0	0	0	0	0	0	0	0	1	1	1	0	0	0	0
14.3	0.59	0	1	2	0	1	1	0	1	0	1	0	0	0	0	0	0	0	0	1	3	0	0	0	0	0	1	1	0	1	0	1	0	2	0	2	2	1	0	0	1	0	1	0	2	0	1	0	0	2	0	4	2	1	0	1	1	1	1	0	0	2	0	2	0	0	0	1	3	1	0	2	0	2	0	1	0	0	0	0	0	0	0	0	0	0	0	0	0	2	0	0	0	0	0	0	1	1	1	0	0
14.37	0.84	0	4	0	3	0	0	0	0	1	0	2	1	1	1	0	1	1	1	0	1	1	4	1	1	0	0	1	0	6	0	4	0	4	0	8	0	1	0	1	0	3	0	0	0	0	0	1	1	1	1	5	4	2	0	3	2	0	0	0	1	0	0	2	0	0	2	2	0	2	0	0	0	0	0	0	0	0	0	0	0	0	0	0	0	0	0	1	1	0	0	1	0	0	0	0	0	0	0	0	0
14.45	0.93	0	0	2	2	2	0	1	1	0	6	6	3	1	0	3	0	0	0	1	1	1	0	1	1	1	0	1	0	0	0	1	2	1	2	4	3	2	1	5	2	5	0	0	7	0	0	1	1	0	1	2	0	1	2	0	2	0	3	2	0	1	3	0	0	0	0	0	0	0	0	0	0	0	2	0	0	0	0	1	1	0	0	0	1	0	0	0	0	0	0	0	0	0	0	0	0	0	0	0	0
14.52	0.97	6	0	0	0	2	0	2	0	4	0	0	2	5	2	1	1	1	1	0	1	2	0	1	2	1	0	3	1	1	5	0	1	1	2	0	0	2	0	3	0	1	3	4	0	1	0	0	1	2	0	2	1	1	2	0	1	0	1	3	0	2	2	2	0	0	0	0	0	2	0	0	2	0	0	2	0	0	0	2	0	0	0	0	0	0	0	2	0	0	1	0	3	0	0	0	1	0	0	0	0
14.6	0.96	1	1	3	1	3	2	0	1	0	8	0	1	0	1	2	4	0	3	2	1	2	1	0	3	1	0	0	0	0	0	0	5	1	4	1	2	1	1	0	0	0	2	0	2	1	2	1	0	0	0	0	1	0	2	3	0	2	0	1	3	3	0	0	1	1	0	0	1	1	0	1	1	0	0	1	3	0	1	0	0	0	0	0	0	1	1	1	0	0	0	0	0	2	0	0	0	0	0	0	1
14.67	0.94	0	2	0	1	1	2	0	0	2	0	1	0	3	0	2	1	0	0	0	3	0	0	3	1	0	2	0	0	0	1	2	2	2	2	0	1	5	2	4	0	0	2	1	0	0	1	0	2	3	6	2	4	2	1	5	1	1	2	0	2	0	1	0	2	3	0	0	0	1	0	0	0	0	0	0	0	1	0	0	0	0	0	0	0	0	0	0	2	0	0	2	0	1	0	0	0	1	0	0	0
14.75	1.13	0	2	0	1	2	6	2	1	2	0	6	1	1	2	1	3	2	4	1	5	0	0	0	1	2	2	0	1	0	2	0	0	2	4	3	1	0	1	0	0	1	0	1	1	3	2	4	2	2	2	1	0	0	3	2	4	0	4	3	2	1	1	0	1	1	1	1	0	0	0	1	2	2	1	0	0	0	0	0	1	0	0	0	0	0	0	0	1	0	0	0	0	0	0	0	1	0	0	0	0
14.82	1.12	3	2	0	3	0	1	0	1	0	4	1	1	0	1	0	1	0	1	2	2	4	0	2	5	0	0	4	2	0	0	5	1	2	1	3	1	0	0	1	2	4	3	2	0	1	2	3	0	3	2	4	3	1	1	1	1	0	2	2	1	0	1	1	2	1	0	2	0	0	0	3	1	1	0	0	0	0	0	0	0	0	0	1	2	1	0	0	0	0	0	0	0	0	0	0	2	1	0	0	1
14.9	1.33	2	1	2	3	1	0	0	0	2	3	3	1	5	1	2	0	3	2	3	1	3	1	2	1	4	0	1	0	3	7	1	2	1	1	2	2	7	0	4	1	3	1	5	0	0	3	0	2	4	3	2	2	1	0	0	3	0	1	2	3	1	0	1	2	2	1	0	2	0	1	0	0	2	0	0	1	0	0	0	0	0	0	1	0	0	0	0	2	0	2	0	0	1	0	0	0	0	0	1	0
14.97	1.29	2	2	0	5	1	3	1	0	0	1	0	2	0	0	3	1	0	1	0	2	0	1	1	1	2	3	2	2	1	0	4	4	3	3	3	0	1	0	2	6	2	4	1	4	3	0	1	3	2	4	3	0	1	1	1	3	2	1	2	6	2	2	2	1	2	3	0	0	2	1	0	1	0	1	0	0	0	0	0	0	0	0	0	0	0	1	2	0	0	0	0	0	0	0	0	0	1	1	0	0
15.05	1.23	1	0	1	0	0	2	2	0	5	3	2	1	2	0	0	5	2	4	1	0	0	0	1	3	0	0	4	1	0	3	0	0	4	2	2	2	4	2	1	2	2	0	1	2	2	3	4	3	2	2	0	1	1	1	3	1	6	0	1	1	0	0	0	2	0	2	3	3	1	6	1	0	0	1	0	0	0	0	0	0	0	0	0	0	0	0	0	0	0	0	0	0	0	3	0	3	0	0	0	0
15.12	1.76	8	0	5	2	1	0	2	5	2	1	0	3	4	2	2	3	0	5	2	0	2	7	1	6	5	4	1	4	1	1	2	2	5	2	0	2	1	1	2	0	0	4	3	0	4	2	1	2	2	4	3	4	0	1	6	7	1	2	2	5	0	4	0	2	1	1	1	0	2	2	0	3	1	2	0	0	0	0	0	0	0	0	0	0	0	0	0	1	1	0	0	0	0	0	1	2	1	2	0	0
15.2	1.44	3	0	4	2	3	3	0	1	2	1	3	1	2	1	3	2	5	4	0	0	1	2	7	1	1	1	6	0	1	1	1	5	1	3	0	3	3	0	0	1	1	2	2	1	0	0	4	4	1	2	1	0	4	1	3	5	0	4	2	0	0	3	2	2	0	1	0	2	0	1	0	0	2	0	0	0	0	1	0	1	0	0	0	1	0	0	2	0	0	1	1	1	3	1	1	0	1	0	0	2
15.27	1.72	1	8	0	7	8	5	0	2	1	3	0	2	4	1	4	1	1	5	3	4	3	3	2	1	1	3	3	2	1	1	2	1	5	0	1	3	0	4	0	2	2	2	5	0	2	6	1	2	1	0	5	3	1	0	3	4	1	1	3	0	2	1	2	4	1	2	4	1	1	3	1	0	0	0	3	0	0	0	1	0	0	1	0	0	0	0	0	0	0	2	0	2	0	0	1	0	0	0	0	0
15.35	2.04	4	3	3	4	6	1	0	7	3	8	2	3	2	1	1	1	2	1	1	4	1	3	2	0	5	3	2	0	5	1	4	5	6	1	4	5	1	0	0	1	4	4	2	3	5	1	6	2	3	2	3	5	1	3	7	5	4	1	1	2	1	2	2	1	6	2	0	2	2	0	0	1	0	4	0	2	1	0	0	0	0	0	2	0	0	1	0	0	1	0	2	0	0	1	0	0	0	0	1	0
15.42	1.79	2	3	2	2	1	5	1	4	2	2	2	1	1	1	2	0	3	1	0	1	2	2	1	3	0	2	1	6	5	0	2	4	0	4	2	2	1	1	0	2	1	6	3	3	1	0	4	0	4	7	5	4	3	1	7	2	2	5	5	4	2	5	1	0	3	4	1	3	3	2	2	0	0	1	1	0	0	0	0	1	0	0	0	0	1	3	0	0	0	1	0	1	1	0	0	0	0	0	0	0
15.5	1.88	0	4	1	0	1	2	3	4	2	1	1	4	2	4	2	1	3	5	5	1	2	3	2	2	4	2	1	5	2	1	3	3	4	3	1	3	1	6	1	0	1	4	0	8	2	1	2	1	1	6	4	0	1	2	0	5	6	0	3	3	2	4	0	4	2	4	6	3	0	0	5	2	0	0	0	0	0	0	0	0	0	0	1	0	0	0	2	0	1	0	1	0	0	2	1	2	0	0	1	0
15.57	1.94	1	4	8	3	5	3	1	4	2	4	1	2	2	0	2	1	2	3	1	8	2	3	6	2	3	2	3	2	3	1	1	2	2	4	0	1	3	2	0	2	2	1	1	1	7	4	7	5	2	2	2	3	2	4	2	3	2	1	0	6	2	6	1	0	1	4	1	0	2	0	0	1	0	2	0	0	0	0	0	0	0	1	2	0	0	3	1	3	0	0	1	0	0	0	2	0	2	0	0	1
15.65	2.05	2	5	1	0	1	1	2	6	7	4	3	4	4	4	0	1	2	4	1	3	1	6	0	4	4	6	7	1	4	1	1	0	2	3	2	2	1	4	1	2	4	6	1	1	3	1	2	2	4	2	2	3	3	2	2	4	6	1	2	1	3	4	2	6	0	4	1	2	4	0	1	0	0	1	3	0	0	0	0	0	0	0	0	0	2	0	1	1	1	1	4	0	2	0	0	0	0	3	0	0
15.72	2.18	4	1	1	2	6	4	2	1	1	0	1	5	6	1	2	5	2	2	10	2	0	1	5	1	1	3	9	3	6	2	1	2	3	3	6	3	1	4	2	2	6	2	3	0	1	2	4	1	6	9	1	3	3	3	4	4	0	3	0	1	6	4	3	1	2	2	3	0	1	2	0	0	1	0	1	0	0	0	0	1	0	0	0	0	0	1	0	1	0	1	0	6	0	1	0	2	0	4	1	2
15.8	2.29	2	0	4	2	1	4	5	5	6	3	1	3	3	8	2	7	0	4	4	0	3	2	3	0	6	7	2	1	1	5	2	5	2	2	3	4	5	1	1	1	0	3	3	1	2	3	6	10	2	2	7	5	2	3	3	5	3	6	5	6	2	1	2	6	1	1	1	4	3	0	0	0	0	0	0	0	0	1	0	0	0	0	0	0	0	1	3	1	0	0	2	1	1	0	0	0	0	0	0	1
15.87	2.21	6	1	3	1	0	1	2	0	3	6	2	2	5	8	1	0	3	2	0	2	9	2	3	5	0	4	4	3	7	7	6	7	0	6	2	2	1	4	1	1	4	9	3	2	2	2	1	2	4	0	3	5	7	0	3	5	8	1	3	1	0	0	2	5	1	3	0	4	2	1	2	4	0	0	2	0	0	0	0	0	0	0	0	0	2	0	0	1	0	2	0	0	1	0	1	0	0	0	0	1
15.95	2.42	1	5	4	3	2	8	2	7	2	3	4	4	3	5	0	1	3	4	4	1	2	0	5	4	2	8	2	4	2	5	1	1	2	4	2	1	3	7	10	5	4	3	2	6	3	1	4	0	3	1	8	2	4	3	1	3	1	4	3	3	1	1	3	2	4	5	3	0	1	1	1	4	2	1	0	3	0	0	0	0	0	0	0	0	0	0	1	0	2	0	0	2	0	1	4	0	0	1	1	3
16.02	2.71	2	3	2	2	4	7	1	7	7	4	0	2	2	2	3	1	0	2	2	2	3	4	4	9	8	3	2	6	2	4	2	3	8	3	8	3	2	1	3	2	6	2	2	7	3	1	3	3	1	5	3	2	3	3	2	6	6	7	2	5	2	4	4	4	6	3	2	0	3	7	0	4	1	0	0	1	0	0	0	0	0	1	0	0	0	1	1	1	0	6	0	1	4	0	3	0	2	1	0	2
16.1	2.6	2	1	5	2	3	4	1	4	4	0	3	2	7	2	2	3	1	0	1	6	3	9	2	6	1	9	2	5	6	1	5	3	3	3	4	6	3	1	3	2	2	5	4	3	5	2	4	7	6	1	6	2	1	2	4	11	1	3	2	3	3	2	2	2	9	4	0	5	7	2	1	0	2	0	0	1	0	1	0	2	0	0	0	0	0	0	0	0	3	0	2	0	0	2	1	0	4	1	0	0
16.17	2.74	3	6	2	1	1	0	1	3	1	3	3	3	4	2	0	7	7	3	4	4	6	3	4	6	3	5	3	0	4	4	5	2	6	3	1	7	5	9	5	1	1	3	1	4	0	1	5	4	7	5	3	6	6	0	6	12	5	3	6	3	7	8	1	3	1	6	2	2	2	3	1	4	0	0	0	0	0	0	0	0	2	0	0	0	2	0	2	0	0	1	0	0	0	1	0	0	2	1	1	1
16.25	2.74	1	2	7	2	3	4	1	5	1	5	4	1	7	7	6	2	3	2	5	5	0	3	8	0	0	6	2	1	7	3	2	3	3	3	7	4	3	6	3	2	3	4	5	5	2	7	10	3	2	1	2	4	3	5	4	10	7	5	1	2	1	0	4	9	0	4	0	3	2	0	1	3	1	1	0	2	0	0	0	0	0	0	1	3	0	0	0	4	2	0	1	0	1	2	0	2	0	1	2	0
16.32	2.79	3	7	7	2	4	4	2	4	6	1	3	1	7	5	3	6	7	1	1	8	7	3	2	3	13	6	0	1	5	0	1	3	3	2	4	3	4	3	5	2	4	5	6	4	5	3	4	1	5	1	5	4	6	2	3	0	3	0	2	8	7	1	4	6	1	6	0	2	0	6	1	2	4	5	2	0	3	0	0	0	0	0	0	0	0	2	1	0	0	0	0	1	0	0	1	0	0	1	0	0
16.4	2.93	5	6	5	4	6	7	6	7	10	5	3	2	3	1	3	1	2	6	2	1	7	4	4	4	5	2	5	7	3	2	5	4	3	5	4	3	3	3	1	4	5	5	1	6	3	1	8	4	7	3	5	1	1	7	4	2	1	10	1	6	0	6	3	1	1	7	2	0	1	4	0	1	0	0	2	2	0	0	0	2	0	0	0	2	1	1	3	2	2	2	0	1	0	0	1	0	1	1	0	0
16.47	3.13	4	7	1	3	0	5	1	6	5	2	3	7	3	4	5	5	0	2	5	3	4	2	7	4	4	11	3	4	6	6	3	1	8	3	8	5	6	9	8	1	3	0	4	8	3	2	0	5	2	2	5	4	4	4	4	12	0	11	2	5	10	6	3	1	2	4	2	1	5	1	0	0	3	2	1	2	0	0	0	0	0	2	0	2	0	0	0	1	2	0	2	0	0	1	1	0	2	2	0	1
16.55	3.15	2	4	2	14	5	3	2	5	7	2	10	7	4	4	3	4	4	3	7	4	5	5	10	0	2	10	3	3	3	3	5	3	4	8	6	9	6	0	2	4	3	3	6	7	2	5	3	8	6	0	4	5	5	0	1	2	4	2	4	3	4	3	1	4	2	5	5	1	1	0	4	3	1	0	2	0	0	0	1	0	0	0	0	0	0	0	0	0	3	1	0	1	0	1	2	5	1	1	3	0
16.62	3.2	5	3	7	4	3	5	4	9	12	3	5	7	7	1	7	0	2	2	1	10	9	3	8	4	10	7	6	4	5	2	3	2	3	3	9	5	7	4	4	6	2	2	4	1	1	0	6	2	6	3	6	7	6	6	2	1	4	2	7	5	2	0	1	2	4	3	4	5	1	4	4	1	0	0	1	0	0	0	0	0	0	2	2	0	0	0	0	0	0	0	3	2	0	2	1	0	0	2	0	0
16.7	3.38	6	5	7	8	8	5	3	1	5	7	3	5	3	5	8	7	6	4	1	4	3	6	2	5	4	16	5	3	2	6	5	6	5	5	7	1	4	2	4	1	2	5	0	0	6	10	4	3	6	5	5	2	4	0	5	2	7	1	7	5	7	2	6	1	3	5	2	0	3	5	1	2	4	0	4	0	1	0	0	0	0	0	3	0	0	0	0	0	1	2	0	2	2	2	1	0	4	0	0	3
16.77	3.61	6	5	10	7	8	4	4	6	6	2	2	2	7	9	8	5	5	3	5	4	6	6	9	7	5	9	3	3	4	4	3	7	5	5	3	3	1	1	1	3	7	6	1	13	2	4	1	11	6	3	9	4	6	2	8	7	3	3	2	3	2	8	6	1	6	5	7	3	2	6	0	2	0	0	0	0	0	0	2	0	0	0	0	0	0	1	3	1	1	0	0	4	0	1	0	0	1	1	0	1
16.85	3.47	5	1	6	8	7	4	3	4	3	5	7	8	6	4	2	5	5	2	7	8	6	8	12	4	9	3	7	5	8	5	3	3	4	3	5	6	8	7	5	5	4	4	5	5	7	5	6	7	4	3	4	1	4	4	4	4	5	3	5	6	0	5	4	3	1	3	0	1	0	1	1	2	4	0	3	2	1	0	0	0	0	1	0	0	0	0	2	1	0	2	0	0	2	1	0	0	0	0	1	0
16.92	3.99	1	2	5	7	3	6	2	6	9	7	9	6	9	3	7	1	0	4	3	3	8	2	6	8	0	5	12	9	5	6	6	3	17	6	5	5	8	5	1	6	5	9	7	2	9	12	6	4	5	1	11	5	5	5	5	6	0	5	3	13	7	6	3	3	4	6	5	2	2	5	0	1	1	1	1	1	0	0	0	0	0	0	0	0	0	3	0	3	0	0	0	1	0	0	0	1	1	5	2	1
17	3.73	5	4	2	8	3	3	5	4	6	4	4	6	5	8	4	5	4	5	6	12	4	6	9	3	10	1	11	3	4	5	1	1	2	4	3	10	4	6	6	8	6	9	11	6	6	3	13	6	3	5	3	6	8	4	4	5	5	2	4	4	2	2	3	5	3	1	4	0	0	0	3	1	1	0	1	0	1	1	0	0	0	0	1	0	1	4	0	0	0	2	2	0	3	5	1	4	1	1	1	2
17.07	3.7	3	5	4	7	9	2	6	2	7	3	4	3	7	9	4	4	2	7	9	2	3	11	9	1	7	15	3	8	3	3	8	4	5	3	2	7	2	4	3	2	5	2	2	4	2	11	10	6	3	8	8	10	4	4	3	6	3	6	2	4	4	5	3	4	4	4	1	9	2	6	4	1	1	1	1	2	0	2	0	0	2	0	0	0	0	1	1	1	0	1	1	0	0	4	0	0	0	0	0	0
17.15	4.22	1	1	6	5	2	14	8	6	6	2	8	3	7	6	5	5	6	7	4	5	8	4	5	8	3	5	5	4	3	14	1	9	3	7	4	8	7	9	4	13	3	6	11	7	6	1	6	5	3	5	13	3	11	3	6	6	10	8	6	5	3	2	3	4	2	6	3	2	3	5	5	0	0	1	2	5	0	0	0	0	2	1	4	0	0	0	0	3	3	0	1	1	1	1	0	0	0	2	1	1
17.22	4.68	8	6	8	1	12	7	1	10	11	0	9	7	11	3	8	7	5	10	3	12	4	6	8	3	13	4	5	6	3	6	8	4	7	4	9	7	8	5	8	3	7	7	6	5	7	5	9	1	11	9	6	6	4	5	8	2	11	0	5	6	5	3	1	5	0	8	1	7	4	5	4	4	4	3	6	0	0	0	1	0	1	3	2	2	0	2	3	1	0	1	3	0	1	0	2	0	2	2	0	2
17.3	3.87	9	3	7	5	2	2	5	3	4	3	6	2	2	5	6	3	7	5	3	2	0	6	5	5	4	5	3	4	5	4	11	6	11	3	10	3	7	10	8	3	5	3	7	7	11	5	2	8	6	5	5	7	5	8	5	7	4	3	5	10	5	4	0	3	5	1	5	4	6	3	7	1	4	1	0	1	0	0	0	0	0	0	4	1	0	2	1	0	3	3	1	1	1	0	2	0	0	1	1	1
17.37	3.96	3	9	4	7	2	4	4	5	4	0	8	9	4	4	2	7	10	7	3	1	2	7	4	1	6	5	6	5	4	3	4	2	8	9	10	7	10	9	7	6	3	14	2	6	5	6	4	6	9	6	10	7	12	1	8	6	5	3	6	9	2	7	1	4	4	3	2	2	1	3	3	2	0	0	4	1	0	0	0	0	2	1	0	2	0	1	1	1	0	0	1	1	1	1	0	0	3	1	1	0
17.45	4.31	6	7	7	6	8	4	4	1	2	8	9	4	3	6	4	5	4	7	7	2	5	7	6	5	9	6	10	8	5	7	2	12	6	5	6	6	12	8	4	5	2	10	7	10	2	2	9	9	5	7	4	10	5	6	9	9	3	4	4	1	0	5	2	2	7	0	1	1	8	4	4	4	3	2	0	0	0	0	0	1	0	0	1	2	0	1	0	1	1	0	1	1	2	0	1	0	3	5	9	3
17.52	4.3	5	3	8	6	8	4	5	4	4	4	2	8	5	9	10	5	9	5	12	6	8	6	13	9	8	8	6	7	1	2	6	6	2	8	4	2	11	11	5	3	10	12	7	9	3	6	6	1	7	6	2	7	7	7	3	3	7	4	7	3	9	5	4	2	4	3	2	2	5	1	2	0	0	1	0	0	2	0	0	0	0	1	0	2	0	2	2	1	0	4	0	1	1	2	4	2	0	0	1	0
17.6	4.3	4	1	6	2	2	2	4	13	11	7	5	8	6	8	9	3	3	3	5	1	8	7	4	8	4	9	9	8	15	10	5	3	6	11	8	6	13	6	5	6	6	3	1	5	5	8	8	6	5	6	4	4	6	8	8	1	4	5	6	5	3	3	10	6	6	1	3	2	2	3	2	5	1	3	3	0	0	2	0	0	2	0	0	2	0	0	3	2	1	1	1	0	0	0	0	1	0	2	2	0
17.67	4.39	4	7	9	12	6	5	4	7	5	3	4	3	4	5	2	5	7	5	16	3	5	5	9	6	6	4	0	8	7	4	8	8	8	7	9	1	4	12	4	4	3	1	7	5	3	4	1	10	7	6	5	9	8	2	9	7	7	3	3	4	8	7	3	2	5	3	10	8	3	3	7	3	3	2	0	4	0	1	0	0	2	0	1	2	0	2	1	1	1	1	1	3	0	0	3	2	2	3	1	2
17.75	4.71	3	4	7	9	10	8	2	11	7	3	2	6	15	12	3	6	9	6	4	3	2	3	4	10	5	4	8	7	12	4	7	7	9	7	6	14	9	4	3	9	7	4	2	14	7	10	4	10	4	8	8	4	12	11	4	4	2	5	7	4	4	4	3	1	6	1	4	0	4	4	3	5	3	3	0	3	0	0	0	0	1	1	1	1	2	0	0	0	3	0	2	0	0	5	3	2	1	3	1	2
17.82	4.88	5	3	4	2	4	12	5	3	10	10	6	10	3	4	5	9	4	5	4	6	9	6	6	11	14	6	10	7	7	8	6	4	10	5	11	7	7	1	7	5	10	16	5	5	1	1	10	12	14	4	10	4	7	5	7	8	13	3	5	6	5	5	4	3	5	5	4	1	4	4	4	3	2	3	1	0	0	0	0	0	1	0	0	1	0	3	3	1	0	2	2	1	3	3	0	0	5	1	0	2
17.9	4.51	8	5	6	4	9	8	5	2	9	12	12	5	8	8	8	5	10	3	3	4	9	11	8	3	8	5	2	6	5	6	6	3	2	1	4	8	6	2	5	5	6	3	4	8	2	8	11	5	6	7	5	11	6	5	3	1	5	3	11	8	4	8	6	1	6	4	1	3	4	7	0	3	0	0	1	0	0	0	2	0	3	0	0	4	0	3	1	5	3	2	3	0	8	2	0	3	1	3	1	2
17.97	5.03	2	4	5	14	4	11	5	3	8	7	5	5	11	5	19	4	3	7	11	6	15	6	16	6	4	7	11	8	5	6	7	5	6	2	4	8	6	6	11	13	13	5	4	3	3	4	6	5	6	8	5	8	4	5	1	7	3	3	4	5	11	8	3	5	6	2	6	3	2	4	1	9	0	1	4	0	0	0	0	1	0	1	2	1	1	3	4	8	1	4	2	5	1	1	5	3	0	1	0	1
18.05	5.51	8	11	13	9	3	8	8	6	11	10	7	14	5	9	6	6	6	9	10	5	8	5	11	2	7	13	10	4	7	3	7	7	8	2	14	8	2	8	8	5	5	4	5	8	10	9	10	12	7	6	13	8	8	6	13	8	6	4	12	2	3	7	4	7	2	4	5	6	4	0	6	0	5	1	3	7	0	2	0	0	0	0	0	0	1	2	1	0	0	2	2	2	1	0	3	2	3	3	2	2
18.12	5.01	4	9	15	8	9	7	1	9	11	9	10	6	8	8	6	3	6	7	6	8	3	4	11	8	10	6	8	4	7	3	9	4	5	1	4	11	5	12	4	9	4	8	11	7	5	8	4	9	4	12	10	9	4	6	4	8	3	9	1	3	6	3	6	8	4	6	2	5	7	5	0	5	4	0	1	2	0	0	1	1	2	0	2	3	1	1	1	0	2	0	0	1	2	1	2	3	4	0	2	1
18.2	4.8	9	6	2	8	8	5	15	6	2	6	8	7	13	7	6	6	6	4	2	8	9	3	8	4	8	8	5	8	9	10	5	2	9	4	7	5	13	2	11	9	8	1	4	5	7	9	4	10	6	10	4	10	4	12	11	3	7	6	2	6	4	1	2	5	4	1	5	2	3	5	1	1	3	3	2	2	0	0	1	0	0	0	0	1	1	2	0	2	1	0	2	2	2	5	0	2	4	3	2	4
18.27	5.15	2	8	7	8	9	5	6	8	3	7	8	8	10	6	5	5	1	8	5	12	4	8	5	6	9	6	5	4	8	9	8	5	8	4	4	11	10	15	14	7	10	8	0	6	2	11	4	11	8	6	7	4	7	7	2	8	10	8	5	10	9	15	2	4	4	7	10	2	4	4	5	0	1	0	0	1	1	1	0	0	2	2	0	0	1	2	1	1	2	2	1	1	3	2	3	1	0	2	4	0
18.35	5.63	9	6	4	10	10	10	2	7	9	8	8	11	16	6	10	8	8	4	9	13	7	3	23	7	3	9	7	0	2	8	9	8	7	3	4	11	8	8	12	2	21	7	7	9	3	13	4	11	4	0	16	16	3	5	6	1	5	6	4	2	5	5	3	2	7	5	5	4	7	5	1	8	5	4	3	2	0	0	0	0	0	0	0	1	0	4	3	4	4	1	1	2	4	1	2	0	5	3	4	1
18.42	5.23	7	9	12	5	11	9	3	9	3	11	8	11	10	2	7	3	5	4	9	5	7	8	11	10	13	8	6	6	9	9	5	8	5	7	6	6	8	4	9	5	7	6	3	16	1	9	15	7	14	4	14	8	1	4	4	11	6	10	3	6	2	4	6	5	10	3	2	0	1	6	3	1	1	6	2	0	0	0	0	0	0	0	0	3	2	3	2	0	2	1	1	2	2	0	2	1	2	0	4	2
18.5	5.2	1	12	8	14	10	7	3	4	6	2	14	5	9	6	6	3	5	4	17	9	1	11	7	12	8	5	8	6	1	8	2	3	3	6	6	11	3	15	7	8	3	5	8	11	8	4	9	12	16	13	10	7	9	9	2	8	2	3	5	9	8	5	5	5	8	4	2	3	0	5	2	3	0	4	0	2	0	2	0	0	0	0	1	0	0	1	0	4	2	3	3	4	0	2	2	3	3	2	2	1
18.57	5.97	16	12	3	11	7	8	6	13	10	6	6	11	5	6	6	0	5	5	13	7	7	11	9	6	11	7	7	11	5	4	9	7	9	8	4	7	10	7	15	5	7	12	5	9	8	11	12	9	9	9	15	8	10	8	9	9	11	4	3	8	3	9	5	4	4	6	11	3	3	9	4	1	3	2	3	5	0	0	0	0	0	0	1	1	0	2	3	1	1	2	1	1	4	2	0	1	6	0	0	5
18.65	6.67	4	14	18	12	8	6	5	7	7	10	8	6	17	11	6	19	9	3	8	13	8	14	11	6	9	10	5	5	3	12	15	4	17	3	8	7	10	10	8	6	10	7	8	5	5	6	9	7	9	6	21	5	14	7	6	4	9	9	9	6	12	20	13	4	4	4	0	12	3	5	1	4	5	0	5	2	0	0	2	0	1	1	1	0	0	3	3	1	4	2	0	1	5	3	0	5	5	3	4	5
18.72	5.93	5	6	12	14	11	7	3	5	2	11	12	8	7	12	4	11	5	2	16	8	11	4	7	6	11	8	6	9	5	4	2	4	10	11	11	11	13	15	8	5	14	6	12	10	7	6	4	5	10	13	14	8	16	4	9	7	6	10	11	7	9	6	5	2	3	6	3	2	3	5	6	4	4	1	4	0	0	0	1	0	1	1	0	0	0	3	2	1	0	0	3	1	1	4	0	3	3	1	3	1
18.8	5.87	11	14	13	7	6	7	19	10	9	5	9	6	8	17	9	9	6	7	9	8	4	6	9	5	4	5	8	7	10	5	2	4	5	9	2	16	15	5	8	6	3	6	9	7	4	6	3	13	13	7	13	9	14	4	7	12	6	8	4	1	10	6	9	9	8	7	4	3	0	3	6	2	3	4	3	2	0	2	1	0	0	0	1	2	0	1	5	3	3	2	0	1	3	0	2	1	2	3	1	2
18.87	6.01	9	11	4	9	8	9	8	1	5	5	4	9	4	5	14	9	6	3	13	10	9	2	12	12	17	7	8	5	9	4	11	16	5	4	8	6	14	18	3	6	9	11	8	13	5	8	6	8	16	5	12	5	6	5	6	14	8	6	5	14	2	3	12	1	6	7	5	2	5	6	5	1	6	3	0	2	1	0	1	0	0	1	0	0	0	0	4	5	4	2	1	4	4	5	0	4	1	0	4	2
18.95	5.83	5	11	15	10	7	10	4	4	10	11	12	7	7	8	7	8	11	2	3	7	8	6	5	9	4	8	10	11	9	5	6	9	8	8	3	11	8	4	9	5	7	10	5	8	7	3	10	9	9	6	7	12	4	12	6	11	9	5	9	4	8	4	10	2	2	4	4	8	4	4	7	4	3	5	5	1	0	0	0	1	3	2	0	3	0	2	6	10	3	0	3	2	2	1	2	4	0	4	1	1
19.02	6.35	2	8	6	8	6	7	5	6	18	12	16	21	7	7	11	3	5	4	5	15	8	14	12	5	7	11	9	8	6	12	6	12	13	7	6	8	10	9	8	4	4	10	8	8	7	8	9	6	6	15	9	7	3	14	9	14	3	7	13	7	6	6	10	4	4	11	6	6	4	9	4	5	6	3	1	0	0	0	0	1	1	0	1	3	1	3	2	1	1	2	3	0	1	2	2	1	3	1	6	1
19.1	6.14	7	5	11	11	8	8	9	2	4	9	13	7	11	10	4	10	7	12	3	8	13	7	9	6	7	5	6	10	3	8	8	14	14	9	9	6	6	10	9	11	5	4	9	11	12	8	8	5	10	8	10	10	3	10	13	9	9	7	6	8	10	7	7	1	8	13	8	7	3	4	2	3	0	4	0	4	3	0	0	0	0	0	1	0	0	3	1	3	0	1	3	4	1	6	1	0	2	5	4	1
19.17	5.97	2	4	12	5	6	6	13	12	5	10	4	3	5	11	12	9	8	12	10	3	9	7	4	10	9	6	9	5	8	5	11	5	14	14	11	10	11	10	7	6	5	14	7	10	10	7	6	15	8	6	16	8	6	8	9	7	6	6	2	5	5	0	5	5	8	5	9	6	5	0	11	1	0	5	1	0	0	2	1	0	0	0	2	1	0	1	1	1	3	4	4	4	4	4	2	2	2	4	4	1
19.25	6.17	8	2	7	11	2	6	7	9	8	13	6	12	9	6	11	8	9	6	4	6	12	11	6	5	7	11	0	8	12	10	8	5	8	20	11	14	13	16	9	11	4	9	4	15	5	4	10	8	8	8	9	10	12	9	9	7	8	6	10	4	1	2	7	9	5	4	9	8	4	6	4	4	0	1	0	0	1	0	0	0	1	2	1	0	2	3	5	7	1	1	2	2	2	6	0	1	2	5	3	0
19.32	5.84	7	6	6	8	5	12	17	10	19	3	8	5	7	6	1	10	7	4	10	10	14	14	6	13	11	12	7	8	6	18	9	10	6	11	10	6	10	12	5	3	7	8	5	4	9	13	6	10	13	7	2	13	2	4	5	7	9	5	9	9	4	6	6	5	5	6	5	4	4	3	4	6	0	2	1	2	0	0	2	0	0	0	0	0	0	0	4	1	1	1	0	1	0	3	1	3	1	2	2	0
19.4	6.71	12	4	4	5	19	10	12	10	8	6	10	10	9	9	13	8	5	6	6	6	7	12	17	5	9	4	9	8	8	13	11	21	19	5	6	8	11	13	14	9	5	16	15	12	6	7	13	15	7	5	3	10	16	10	8	13	15	7	10	2	10	3	2	2	4	4	3	5	1	6	5	3	4	4	0	1	0	2	1	0	0	0	2	0	0	0	0	1	1	7	3	0	6	2	2	5	4	2	0	0
19.47	6.61	9	8	3	9	14	5	8	12	3	4	16	7	11	16	11	13	2	2	16	15	4	13	13	14	10	10	7	10	7	12	6	13	4	12	12	6	7	5	3	9	9	9	7	4	5	9	3	6	6	6	8	12	9	10	8	7	10	10	15	9	13	7	3	7	3	11	6	4	7	11	4	1	2	6	7	6	0	1	0	0	2	2	0	0	0	0	0	2	3	1	2	0	4	3	4	2	6	2	1	5
19.55	6.54	11	8	3	14	2	6	15	3	6	4	6	7	14	4	13	6	6	8	6	4	19	4	8	11	9	10	12	4	7	6	9	8	11	8	13	11	8	6	13	4	3	7	16	5	12	13	18	17	8	8	19	12	13	7	8	5	8	9	4	10	6	11	7	5	5	9	4	4	4	9	7	4	1	4	1	1	3	0	0	1	0	0	3	2	3	3	2	4	1	3	2	2	3	2	2	0	1	2	2	2
19.62	7.28	5	16	9	16	10	18	8	5	9	14	11	6	7	9	4	8	7	14	14	17	13	12	5	4	7	20	8	6	10	5	6	8	20	7	9	8	11	11	3	10	15	7	17	7	13	3	14	12	15	11	7	9	13	6	18	5	4	11	11	5	9	9	10	12	5	4	2	5	6	0	7	6	3	5	2	4	0	0	0	0	2	0	0	1	2	1	2	1	2	3	4	5	4	5	1	1	2	3	4	3
19.7	7.03	13	13	11	13	15	7	14	8	12	10	7	7	6	16	5	8	9	10	6	7	12	7	11	8	18	5	10	11	7	6	8	8	11	6	7	16	11	10	19	1	6	10	12	15	14	12	4	3	15	8	17	10	9	13	15	6	3	7	2	2	6	10	5	2	8	7	5	12	5	3	5	6	1	4	5	0	0	0	1	0	0	0	0	0	1	3	6	2	6	4	2	10	1	2	2	3	0	0	2	2
19.77	6.53	9	11	7	13	9	6	8	10	7	7	3	9	9	8	9	4	5	4	9	3	21	6	14	10	11	14	4	15	6	6	5	8	13	9	8	6	5	14	6	5	12	8	11	12	12	5	5	12	9	15	9	12	7	11	7	12	7	8	7	14	9	10	3	3	3	9	8	5	6	6	9	1	2	2	6	2	2	0	0	1	0	1	2	3	0	1	4	1	1	0	3	1	2	3	0	3	2	2	4	2
19.85	7.62	12	11	19	14	8	6	12	13	9	12	21	15	13	14	8	3	11	6	16	6	18	5	8	8	7	7	11	7	12	7	12	6	15	12	10	9	9	14	8	3	7	12	7	9	8	16	13	11	15	6	7	9	14	15	15	4	9	13	8	6	7	6	5	9	3	3	14	7	13	5	2	3	10	5	9	4	1	1	0	0	0	2	1	2	0	1	1	4	1	3	0	3	2	0	1	2	6	3	2	0
19.92	6.74	10	15	7	12	11	12	11	3	4	10	11	4	9	10	14	6	3	7	4	11	4	9	13	5	10	10	18	14	3	12	13	8	10	5	12	7	14	4	6	7	7	16	11	17	9	14	8	10	9	7	14	9	7	13	8	6	6	10	6	6	2	6	7	11	3	9	5	3	3	4	5	5	1	5	6	8	1	2	1	0	2	0	1	1	1	3	4	0	3	1	1	2	6	1	3	1	2	3	0	1
20	7.06	5	11	13	8	4	8	6	11	10	11	12	8	8	11	7	8	7	9	12	3	7	9	5	15	21	10	11	9	3	11	4	9	10	7	10	14	11	8	12	11	4	5	10	9	7	9	13	6	15	5	16	9	6	15	17	16	11	6	5	7	6	6	4	12	7	9	8	7	4	4	2	2	9	10	3	4	0	1	0	1	2	1	1	0	0	3	1	3	4	4	6	2	1	2	4	6	1	1	1	4
20.07	7.31	4	10	4	17	12	14	8	8	9	12	7	5	4	11	9	2	13	14	15	12	11	11	12	4	8	15	9	6	11	15	18	5	6	15	4	12	11	12	7	9	10	12	12	8	9	8	10	6	16	3	17	10	12	8	7	12	9	15	9	9	11	2	6	3	13	6	10	3	6	4	6	4	8	1	1	5	0	0	0	1	0	2	1	1	2	1	4	6	1	7	1	1	5	2	1	0	4	1	1	7
20.15	6.93	6	9	15	11	17	11	17	7	13	8	10	6	15	3	7	3	9	9	10	3	4	15	2	7	15	21	8	4	4	13	3	5	10	6	16	14	5	9	9	4	7	5	9	6	14	13	9	10	8	9	10	12	16	12	7	7	7	15	5	4	4	9	12	12	7	4	4	4	3	4	11	3	2	2	5	8	2	2	0	1	3	0	1	0	3	0	4	2	2	6	3	2	1	4	6	4	1	1	1	2
20.22	7.95	13	9	14	12	13	11	3	5	12	8	8	16	19	16	14	11	8	9	11	10	10	4	11	10	10	15	8	13	19	14	19	6	11	8	12	10	9	14	13	12	9	15	15	15	10	12	9	15	10	13	7	13	7	9	8	13	4	10	6	6	9	5	5	16	9	7	9	8	5	2	6	8	4	2	1	4	1	2	0	1	0	0	0	0	2	2	5	4	5	1	5	2	2	1	0	1	3	0	0	2
20.3	7.16	8	9	14	16	13	7	10	9	5	9	4	7	15	3	15	14	9	4	6	10	14	6	10	7	8	16	14	5	6	5	13	9	14	11	7	22	4	7	9	6	4	12	11	9	10	11	10	12	9	14	10	17	14	10	6	8	15	8	6	7	11	8	9	8	5	9	3	3	3	4	5	6	1	3	1	3	0	0	0	2	1	1	4	3	0	0	5	3	2	2	2	1	7	2	3	3	2	1	4	3
20.37	7.74	7	7	17	3	11	8	8	4	19	6	6	14	10	8	18	15	7	7	10	12	5	11	12	6	9	9	9	6	10	10	14	14	19	14	10	17	10	17	8	14	16	13	10	5	15	4	7	14	10	14	10	14	11	9	14	10	10	6	11	6	3	9	7	8	6	8	12	4	10	11	2	5	2	1	3	7	0	0	1	0	0	0	2	0	1	1	0	2	4	5	4	3	0	1	4	2	3	0	11	2
20.45	7.91	10	13	15	9	18	12	9	9	17	11	10	16	13	18	13	6	4	9	9	7	18	8	13	12	15	10	5	19	12	13	7	8	6	8	6	16	12	10	12	5	6	17	11	4	11	9	9	12	10	12	6	12	5	8	13	13	14	14	5	7	8	7	7	8	11	8	9	9	2	4	4	2	6	4	6	4	2	0	0	2	2	0	2	0	2	1	4	2	3	6	1	3	0	1	4	2	4	2	5	3
20.52	7.89	10	6	18	15	9	9	19	2	13	10	9	14	14	11	5	10	9	6	12	8	8	10	13	7	11	9	6	8	7	12	8	9	10	9	12	11	12	16	17	18	12	8	14	11	18	5	7	19	8	10	11	13	10	14	11	9	9	10	7	7	9	8	8	10	8	8	6	4	6	11	4	9	1	10	0	1	0	2	0	0	0	1	1	2	1	4	2	1	1	5	0	0	0	8	6	3	4	3	5	2
20.6	8.13	7	11	15	10	14	11	10	9	10	10	13	10	14	11	13	10	8	7	15	18	5	12	13	8	13	10	9	10	5	9	16	12	17	9	9	11	14	13	18	12	12	9	10	9	9	8	13	14	8	16	9	14	19	10	9	6	7	8	12	4	6	3	7	8	4	16	12	12	10	8	14	4	2	7	2	2	1	1	0	0	1	1	0	1	1	2	2	1	2	4	2	4	1	0	1	4	3	1	4	2
20.67	8.56	9	12	12	11	14	8	2	9	13	8	18	11	17	11	16	11	19	9	7	13	14	13	18	10	16	6	19	12	10	10	13	10	11	8	13	9	19	9	14	8	12	15	8	16	14	16	11	6	16	12	7	8	12	24	10	6	10	10	10	3	12	5	6	10	7	6	15	3	6	5	10	3	2	0	2	4	1	4	0	0	1	5	2	3	1	2	1	4	4	3	3	1	3	1	4	1	7	6	1	4
20.75	8.21	6	8	10	15	12	7	14	17	12	13	3	5	8	9	10	11	8	6	16	13	16	17	9	15	14	9	11	10	14	13	11	16	10	14	15	12	9	11	14	13	20	11	11	11	7	23	12	9	4	12	10	15	10	9	10	13	4	9	9	7	10	16	3	4	11	10	5	3	2	7	1	4	3	2	5	6	1	3	1	0	1	2	1	0	0	1	3	6	1	1	4	1	8	1	6	2	4	3	0	7
20.82	7.82	8	6	12	16	6	8	12	14	9	16	17	6	8	3	15	4	11	7	8	11	13	10	11	16	11	12	16	16	11	6	8	3	9	16	4	16	19	12	12	14	10	10	9	21	10	9	15	8	20	14	13	9	14	16	5	8	13	11	5	6	10	8	3	3	7	10	3	7	2	8	6	2	2	2	0	1	0	0	0	3	0	0	1	2	0	2	3	2	3	1	3	2	4	5	2	2	2	1	3	9
20.9	8.57	14	16	15	18	17	9	10	12	13	7	7	6	13	16	1	13	11	10	16	11	4	9	13	18	17	15	8	12	17	12	9	12	20	14	13	16	13	22	13	5	6	10	20	14	10	5	11	8	9	15	10	10	14	9	8	16	6	7	14	12	6	9	3	3	7	10	9	9	5	4	5	5	3	4	6	1	1	3	0	2	0	1	5	2	3	3	3	5	2	0	1	4	2	1	3	5	5	3	3	0
20.97	8.33	6	8	5	19	5	7	8	10	14	15	9	8	12	10	13	9	17	11	7	9	12	10	12	13	13	9	12	15	11	6	12	14	14	2	14	8	27	13	9	1	13	15	22	18	24	13	6	8	8	16	8	9	12	10	15	10	9	7	9	14	10	9	4	6	9	3	12	2	20	7	5	9	1	3	3	0	0	0	0	2	1	2	4	1	0	1	4	5	1	2	2	2	2	10	4	1	5	4	2	0
21.05	8.88	12	20	10	7	12	9	9	8	19	6	9	12	8	20	9	13	9	11	15	20	8	9	14	18	14	14	12	10	14	12	5	7	10	12	9	10	13	10	9	13	10	13	14	13	9	10	12	12	6	16	16	20	11	17	12	11	9	6	15	8	13	12	8	10	7	0	6	6	10	9	3	5	5	8	6	1	2	0	0	2	4	1	2	1	6	3	8	2	3	5	2	4	6	0	3	2	5	10	2	5
21.12	8.76	12	12	21	15	14	13	10	14	25	11	11	11	13	12	8	20	15	6	9	6	8	15	11	20	12	6	9	13	10	12	17	9	15	7	6	17	6	10	20	18	12	8	10	18	9	6	17	11	11	13	24	15	13	4	12	7	16	12	4	2	7	12	4	8	7	9	8	3	0	5	9	6	6	9	0	1	1	0	1	1	1	3	1	1	0	4	3	6	1	3	2	3	2	5	2	5	6	3	4	1
21.2	8.9	4	19	6	15	11	10	7	9	11	12	5	19	17	13	13	10	11	5	13	8	13	9	8	10	10	22	11	12	7	17	22	11	20	12	10	9	11	18	8	14	20	16	8	16	9	12	13	8	14	12	15	20	20	12	13	17	14	7	6	8	4	9	7	9	9	9	10	2	8	7	3	4	0	5	4	3	3	0	0	1	3	2	1	0	4	4	5	4	1	2	4	4	4	3	8	0	6	2	3	1
21.27	9.47	6	10	12	16	5	11	14	21	13	12	10	14	13	8	12	10	17	8	15	11	10	16	15	5	7	19	17	17	6	10	12	20	8	15	21	21	23	9	12	5	16	14	15	20	13	4	13	6	19	7	19	21	13	18	10	9	12	17	15	8	16	12	3	7	7	12	14	12	7	3	2	5	10	4	5	3	0	0	1	1	0	2	1	2	0	2	2	3	3	5	2	4	6	2	0	1	6	3	0	4
21.35	9.2	9	11	7	7	12	19	10	13	23	14	19	12	12	13	14	10	15	13	15	13	14	6	15	16	10	10	19	14	6	13	11	12	17	10	9	17	9	8	12	15	19	17	13	14	4	13	24	10	9	7	7	13	12	8	15	12	6	13	12	9	18	5	6	4	12	3	13	11	13	3	7	6	0	0	3	6	0	1	0	1	0	2	2	0	2	5	2	0	1	1	4	5	4	9	3	8	2	3	8	6
21.42	9.57	15	12	9	12	12	11	5	8	19	18	10	12	27	19	11	5	10	10	7	7	12	23	11	12	15	11	9	16	12	5	17	10	10	8	13	14	13	8	13	16	14	12	16	9	11	14	17	10	19	16	16	11	14	14	19	12	10	16	14	11	14	14	9	7	11	11	3	10	5	7	7	11	1	3	2	4	0	2	2	0	0	0	2	3	2	4	7	3	11	5	4	1	2	3	6	8	4	3	1	3
21.5	9.52	6	12	18	14	14	25	8	10	9	18	12	14	11	18	10	11	7	9	14	14	15	9	14	21	15	11	15	24	11	17	11	9	6	13	15	18	8	13	8	11	20	13	16	14	10	7	12	14	14	10	12	8	18	15	17	11	11	12	11	19	12	14	6	6	6	8	4	10	4	4	10	2	10	2	4	1	0	1	2	0	0	0	2	0	2	4	6	0	2	4	3	1	4	4	3	3	6	9	8	3
21.57	8.68	8	13	9	18	8	10	12	20	11	7	7	9	18	11	9	12	7	6	12	12	15	12	11	14	17	12	6	16	8	8	17	19	16	7	16	12	11	13	9	11	13	17	10	17	10	11	13	13	14	10	18	22	9	7	18	12	9	14	10	11	10	4	12	6	9	7	4	7	3	9	3	3	0	1	1	4	0	0	4	0	1	0	2	2	1	1	3	1	1	4	3	2	5	2	5	12	2	4	3	0
21.65	8.76	8	18	12	16	18	8	9	12	12	12	9	15	10	17	6	9	18	10	12	17	6	14	9	10	7	15	9	13	12	17	16	7	7	12	9	11	12	8	8	11	17	19	17	12	12	8	15	17	10	9	23	15	10	13	10	12	8	6	15	16	9	11	8	6	6	5	9	8	6	5	7	6	4	5	4	0	0	4	0	1	1	0	0	1	0	3	0	3	4	2	4	4	1	1	1	6	4	3	7	2
21.72	8.41	11	9	9	4	7	13	9	15	16	12	9	17	10	9	6	10	11	5	16	13	16	5	14	15	17	6	9	9	9	5	10	17	14	7	16	5	15	9	9	14	7	11	11	13	16	17	9	12	7	8	4	23	12	9	14	18	10	11	8	19	11	7	6	5	9	6	9	5	13	6	6	7	8	6	1	1	0	0	2	1	3	1	0	3	2	1	5	2	3	1	5	3	8	2	7	2	3	4	5	1
21.8	9.79	13	8	13	29	13	18	16	19	12	19	10	17	14	12	12	9	4	7	12	16	8	17	10	13	9	32	15	14	12	10	11	10	22	9	14	15	18	10	9	10	11	5	16	13	20	18	13	9	9	6	15	14	13	10	20	17	9	13	6	9	7	10	7	9	7	12	10	12	7	8	4	7	8	4	5	2	0	2	0	3	1	2	1	0	3	4	5	2	2	4	2	5	6	5	6	2	2	6	2	8
21.87	9.3	10	22	18	13	17	12	10	8	10	14	9	13	21	26	12	13	13	4	15	12	7	16	16	8	14	6	9	22	8	21	14	14	6	14	15	22	10	16	16	8	5	17	10	11	13	9	6	11	15	18	10	10	6	14	6	9	20	13	8	1	6	22	4	6	12	8	13	3	16	8	8	7	6	2	4	3	0	0	0	0	1	2	2	0	2	2	3	1	3	2	3	5	0	1	6	2	4	5	3	9
21.95	9.84	8	26	5	12	8	12	8	5	18	15	11	14	11	7	18	7	21	10	12	20	8	11	17	12	24	19	6	14	6	11	11	8	9	14	10	10	12	13	17	11	13	13	13	15	28	18	12	11	12	19	21	19	8	10	13	25	8	9	8	6	14	27	8	11	5	8	7	14	6	6	13	9	2	5	8	3	0	4	2	2	0	1	0	4	0	1	7	1	3	6	1	7	2	4	4	0	2	4	6	5
22.02	9.22	13	17	17	14	15	14	8	18	13	10	10	15	13	11	10	17	14	7	5	4	14	9	9	11	13	14	13	7	6	10	7	19	20	8	14	18	11	13	12	9	11	17	16	11	18	14	11	11	11	13	14	23	11	22	3	16	17	4	19	11	10	7	4	11	8	6	4	6	12	2	7	3	4	11	2	1	4	2	1	2	0	1	3	2	5	0	3	3	5	3	6	1	3	2	1	9	5	2	4	2
22.1	10.2	10	13	19	9	10	26	18	6	13	15	9	9	18	16	9	9	7	11	16	10	16	11	17	10	20	12	14	13	11	20	25	14	18	10	11	22	20	11	15	4	15	20	15	15	9	15	11	15	13	11	30	20	14	13	19	8	7	15	22	7	9	10	13	7	10	7	8	5	7	10	6	3	7	1	4	2	2	1	0	0	2	5	1	1	0	3	1	4	0	6	4	3	7	2	4	4	3	6	8	3
22.17	10.27	9	8	15	16	12	13	6	20	14	21	14	21	15	12	11	17	12	16	15	6	15	3	10	18	18	12	7	21	11	7	15	22	12	7	22	9	12	20	14	14	17	16	22	23	17	13	17	17	10	17	23	15	19	9	14	7	12	8	15	9	7	11	16	15	12	9	5	5	10	9	5	2	3	2	4	3	1	0	3	1	0	1	2	2	1	3	5	2	4	1	2	9	3	6	1	5	3	4	0	8
22.25	9.83	18	8	13	15	16	12	17	13	10	13	13	22	13	20	17	13	5	11	7	8	17	8	16	10	16	14	19	18	13	13	4	13	19	11	17	16	24	10	8	11	8	14	18	9	8	15	15	18	15	15	13	11	10	7	11	12	15	10	7	8	6	14	12	5	14	9	9	12	13	13	10	4	7	1	5	9	0	0	0	0	1	3	1	2	1	4	2	3	9	3	4	5	2	0	4	5	2	7	0	2
22.32	9.92	19	19	19	21	24	19	14	11	10	13	11	13	18	12	10	9	8	9	15	15	11	14	7	11	16	7	15	14	9	17	12	10	25	20	11	8	19	10	11	12	20	6	11	14	14	14	17	9	12	21	18	13	15	15	16	16	11	11	6	10	11	8	9	8	12	4	8	7	7	8	6	5	1	1	8	1	0	1	0	6	2	1	1	1	0	2	6	8	6	2	2	2	2	6	4	9	2	5	1	2
22.4	10.25	9	14	9	21	20	14	6	14	18	26	14	15	16	10	14	17	12	12	12	16	11	9	19	12	21	16	10	10	19	11	12	15	13	7	19	15	12	18	18	12	10	13	11	11	16	10	9	7	21	15	18	16	10	17	10	13	9	12	7	11	17	12	10	4	12	10	11	9	5	6	15	5	4	3	3	0	1	2	1	0	0	1	3	0	2	1	5	4	6	11	5	4	4	4	5	2	11	4	4	5
22.47	10.33	24	11	22	14	21	8	9	14	16	18	11	15	18	13	23	6	5	20	11	6	11	18	15	10	15	11	13	19	19	14	15	20	17	10	18	12	19	14	8	9	18	13	13	15	18	13	18	16	13	18	18	21	14	10	17	19	11	8	8	17	11	4	6	12	4	7	8	5	5	9	6	12	4	5	2	4	2	1	1	3	4	0	1	1	4	2	2	3	1	1	6	2	3	2	5	2	3	1	6	3
22.55	10.68	19	20	19	13	14	13	11	15	17	17	13	17	9	12	11	21	9	15	10	14	7	18	17	15	15	15	13	11	8	10	9	21	16	9	26	12	17	28	13	13	11	11	13	17	19	7	18	17	11	8	17	16	16	5	9	20	11	23	11	11	4	19	13	16	12	4	12	6	8	7	8	10	2	8	5	6	1	0	1	1	0	2	0	2	2	3	0	2	2	3	4	5	4	8	10	6	2	8	5	4
22.62	10.94	12	19	15	22	17	21	2	17	22	18	25	17	11	19	8	13	11	9	6	18	7	21	22	11	20	7	20	14	15	17	17	16	15	13	17	33	16	16	9	11	9	16	8	12	13	21	21	17	8	13	20	15	13	17	13	20	16	11	8	7	9	12	6	3	12	12	2	10	7	6	2	4	5	2	0	5	3	5	1	1	0	0	4	0	4	2	2	3	3	4	7	2	5	6	9	10	7	13	3	6
22.7	11.65	17	25	10	15	23	20	12	10	14	19	16	12	20	6	19	13	8	15	13	13	28	18	14	12	15	14	24	18	6	15	18	23	22	14	22	17	25	21	11	17	15	15	14	19	17	21	13	16	28	22	11	13	15	12	14	9	9	21	10	8	14	17	11	8	10	6	11	7	8	8	5	9	6	5	5	0	3	0	1	2	0	1	5	0	3	7	7	2	6	2	4	3	2	4	3	8	5	4	6	1
22.77	11	17	13	18	13	23	11	15	18	13	28	8	10	5	20	18	16	22	13	18	21	18	12	27	14	16	12	20	14	10	14	14	17	13	8	7	21	20	17	14	8	20	15	7	8	8	14	7	13	19	19	14	21	25	15	14	14	15	13	9	13	14	14	14	2	22	10	5	10	3	7	12	7	5	1	5	2	0	3	0	2	1	0	0	3	3	1	5	7	5	6	2	4	5	0	7	3	5	1	2	3
22.85	10.08	11	8	10	20	8	11	12	20	9	20	16	17	20	11	17	13	18	16	10	17	9	14	9	10	12	12	13	11	11	6	17	19	11	11	9	7	21	15	10	11	22	14	6	14	16	9	30	22	5	8	14	14	15	16	16	20	10	14	7	8	8	7	10	15	16	14	14	5	3	3	8	7	3	2	1	5	1	0	4	3	0	4	2	1	4	2	6	2	1	2	3	7	7	7	6	2	7	4	3	7
22.92	10.12	13	15	16	12	16	20	12	14	9	11	8	16	17	22	15	17	10	6	13	14	5	18	15	9	14	11	16	13	5	20	15	13	13	10	10	14	19	16	8	16	16	14	5	11	10	22	12	12	12	6	17	14	19	14	16	13	20	5	19	13	7	9	9	8	6	12	20	13	6	11	7	19	10	2	4	2	0	0	0	1	0	1	5	0	1	7	3	4	2	4	5	4	2	2	6	0	8	3	0	3
23	10.47	10	15	11	13	14	12	17	6	24	16	11	18	16	20	14	9	5	12	19	14	11	16	14	17	17	20	19	16	9	17	19	9	10	5	14	11	6	17	14	11	16	13	13	15	9	9	15	19	18	24	32	16	19	15	11	18	9	5	8	14	21	6	8	6	5	4	12	1	5	6	6	4	7	6	2	4	1	2	3	0	1	0	3	4	4	9	2	3	1	5	5	6	8	5	11	6	2	9	3	5
23.07	11.27	17	21	21	27	22	11	12	21	18	22	18	16	16	12	9	11	8	26	3	21	27	14	17	10	11	17	16	9	20	15	11	9	10	6	15	15	20	12	15	12	8	15	13	14	27	21	20	19	15	11	10	12	20	11	19	8	17	8	9	16	5	9	9	5	19	7	13	10	10	10	9	5	10	6	1	8	0	0	2	1	1	1	0	0	6	3	2	3	6	7	2	4	7	7	5	6	5	8	3	6
23.15	11.27	15	21	17	12	18	17	11	17	21	10	14	19	12	15	6	11	10	8	11	12	24	11	8	22	13	14	8	11	5	25	12	12	22	16	12	12	21	13	6	19	15	17	15	25	19	19	15	19	15	21	23	15	9	20	13	19	18	13	18	15	12	13	7	10	12	8	10	10	14	6	12	2	3	6	2	5	4	0	3	1	3	1	1	0	5	3	0	7	7	3	9	5	8	3	4	1	4	5	6	6
23.22	11.66	11	11	17	8	18	12	15	18	15	14	13	21	14	24	20	13	17	9	15	14	11	12	19	17	16	14	17	25	8	14	25	8	27	11	20	14	11	9	25	12	13	11	21	26	15	20	14	17	17	19	15	25	22	13	14	14	17	9	21	8	6	16	6	17	6	18	11	17	8	7	12	6	5	3	1	7	2	0	1	0	0	1	2	4	4	4	6	3	3	1	4	4	4	7	6	7	5	3	4	0
23.3	11.78	17	11	12	22	20	13	12	32	10	20	17	10	22	15	8	20	14	10	19	11	16	18	15	20	15	15	15	14	17	15	20	22	16	12	21	25	19	16	17	12	12	13	22	10	12	25	11	20	14	22	24	22	10	11	9	9	11	18	8	5	14	23	11	15	7	12	8	11	10	5	14	1	3	2	8	4	1	2	1	1	0	1	2	3	5	8	6	4	3	4	4	7	6	3	4	2	6	0	11	3
23.37	11.78	12	19	22	22	17	11	13	8	13	21	9	13	19	15	13	16	7	15	11	15	15	21	22	15	10	18	14	11	16	4	18	12	27	20	12	24	20	21	19	19	20	13	11	15	18	15	16	19	22	14	29	17	6	16	19	20	10	18	8	12	11	10	6	8	13	11	10	5	5	10	13	13	4	4	6	3	0	3	3	0	1	0	5	2	5	6	4	8	5	9	2	8	10	0	3	5	6	5	5	4
23.45	11.56	10	17	17	26	8	13	12	15	15	29	11	30	12	14	12	12	7	11	20	17	24	16	9	11	8	9	21	18	17	15	17	10	19	16	16	23	18	16	7	14	25	15	11	14	19	17	18	20	21	24	10	15	20	18	4	9	21	20	8	6	11	9	11	15	21	11	4	8	11	17	8	5	4	3	0	3	0	4	1	2	0	2	0	3	6	5	4	7	9	8	3	2	5	8	2	3	3	2	8	1
23.52	11.54	11	10	23	13	16	17	9	10	21	15	18	15	18	17	21	6	13	12	10	17	15	13	23	17	26	15	10	10	18	16	9	8	10	17	16	21	18	15	15	13	13	22	15	17	29	17	13	22	17	19	16	18	11	10	9	15	16	10	9	17	15	12	15	13	12	10	10	21	4	12	9	5	4	6	3	4	0	1	0	0	3	4	2	4	0	7	2	4	3	8	5	10	2	9	3	4	3	3	6	4
23.6	11.44	24	13	9	27	15	17	20	8	9	17	14	23	20	14	14	13	11	12	10	18	19	5	23	15	17	14	10	18	13	21	18	15	11	9	15	11	13	19	17	9	21	10	11	15	14	21	16	6	30	17	24	10	10	24	16	24	6	24	18	12	11	12	13	7	9	14	8	8	10	7	7	2	7	2	3	2	1	0	3	0	4	2	0	0	4	4	6	6	4	1	6	6	5	6	1	6	5	2	12	9
23.67	11.6	18	11	24	15	15	13	14	12	22	24	12	20	16	15	16	15	20	11	23	10	14	18	15	12	22	15	10	19	9	11	11	15	12	13	36	21	13	16	4	15	24	7	17	19	14	15	23	13	17	28	27	21	26	13	15	16	6	10	12	8	7	14	11	11	8	11	8	8	3	5	8	8	4	3	2	8	1	0	1	0	4	2	1	0	2	5	3	5	10	4	2	5	4	9	5	5	5	3	6	1
23.75	12.3	12	16	16	13	18	21	8	11	21	26	18	28	17	17	17	14	26	2	21	22	14	19	20	10	18	25	12	17	6	9	16	20	26	15	17	13	16	18	11	26	27	14	11	30	20	13	12	24	21	10	21	13	14	16	31	20	19	9	12	14	10	7	8	11	15	15	8	5	9	10	3	1	4	5	2	3	1	4	1	2	1	0	6	4	2	4	2	5	6	3	8	8	3	3	6	2	7	3	5	5
23.82	12.09	12	14	16	10	12	21	19	15	11	19	14	17	23	18	19	17	15	8	13	17	14	9	20	18	28	22	29	13	15	12	18	10	20	16	16	18	23	18	14	14	21	12	22	20	27	13	14	15	8	27	26	18	24	15	8	7	17	10	17	10	12	10	13	7	11	10	9	5	16	4	11	14	2	7	5	4	0	1	0	0	0	2	1	3	0	8	4	4	2	6	0	6	6	6	3	3	12	6	8	0
23.9	11.87	14	13	16	8	15	9	17	5	16	18	10	21	28	13	20	14	27	9	13	12	29	21	21	10	13	17	17	12	19	16	17	12	20	15	11	17	13	15	16	20	6	9	11	21	17	18	13	21	22	20	17	25	17	19	17	19	12	14	10	20	23	12	13	6	6	7	12	8	7	12	14	11	6	6	2	6	0	0	2	2	1	2	0	0	7	5	0	5	2	4	7	9	7	6	4	2	8	1	3	2
23.97	11.88	24	30	16	12	14	15	12	5	19	21	24	18	16	18	14	23	15	8	12	16	12	11	14	16	16	7	17	18	7	19	12	25	15	15	11	15	22	13	11	9	10	17	23	19	12	21	22	19	21	22	19	14	11	18	17	21	13	12	9	12	7	12	12	18	13	11	5	7	7	9	14	6	10	6	2	6	4	4	0	2	2	2	1	2	3	0	4	10	7	3	6	2	9	6	8	4	6	4	4	1
24.05	11.38	26	21	13	18	12	17	10	14	21	17	10	21	18	12	6	15	11	17	6	21	17	14	12	10	23	28	12	10	21	25	12	7	22	11	21	8	24	19	4	15	16	18	14	20	10	13	9	15	26	9	27	16	16	7	11	11	19	13	9	5	15	14	6	12	16	3	9	7	5	11	7	8	2	5	1	6	2	1	3	2	2	3	2	4	7	7	6	7	7	9	4	6	2	4	2	3	5	9	3	6
24.12	11.77	16	21	17	16	26	17	22	15	19	15	21	16	19	13	21	14	7	9	10	14	13	24	14	12	33	16	14	11	18	19	16	10	16	11	15	26	23	14	19	12	15	9	17	8	13	23	18	11	20	25	20	26	12	19	6	13	12	15	7	9	7	11	15	12	4	4	9	9	7	10	5	8	1	3	3	2	2	3	1	3	0	2	1	1	8	4	7	12	5	7	6	4	6	6	7	4	2	2	7	5
24.2	11.96	11	14	16	19	11	16	15	12	20	21	12	28	17	13	16	9	10	7	19	21	18	18	21	15	20	18	18	14	18	13	19	18	23	9	13	19	16	15	18	14	19	19	20	20	22	25	9	17	13	15	17	12	13	15	14	13	7	8	15	17	17	10	19	11	21	11	3	9	10	14	12	4	3	6	0	7	0	3	2	0	0	1	5	2	7	7	2	3	7	5	1	4	6	3	7	0	3	9	5	3
24.27	12.19	12	15	9	20	20	15	20	17	19	16	11	14	23	14	9	18	13	7	8	13	14	7	28	22	11	15	16	20	7	25	16	15	13	18	18	14	18	18	20	9	15	15	20	16	17	23	22	20	22	20	23	13	19	12	14	20	14	18	12	25	20	15	16	8	13	10	6	7	12	9	11	5	2	2	2	4	0	4	4	2	3	1	3	4	3	2	2	6	1	8	11	2	10	3	5	4	7	5	4	6
24.35	12.72	24	22	10	14	18	27	21	15	22	18	21	12	19	21	6	20	16	14	12	11	22	17	17	17	24	24	19	17	16	12	7	17	26	20	18	9	37	9	21	14	14	18	22	11	14	16	17	15	17	29	19	15	7	21	7	28	14	6	9	21	21	12	10	14	10	13	11	7	10	7	5	6	1	2	3	3	0	0	1	0	2	3	5	1	9	7	5	15	6	4	5	4	6	8	2	4	7	3	7	7
24.42	12	23	20	22	23	14	7	13	12	17	17	27	15	17	10	11	9	16	27	14	14	11	17	14	13	17	18	10	19	9	15	17	14	23	18	22	17	19	18	16	10	21	12	13	13	25	23	24	17	33	20	19	20	14	18	22	7	9	6	10	4	9	9	11	8	11	11	6	13	10	12	4	7	7	1	5	1	0	0	1	3	0	3	3	3	3	5	6	4	12	7	3	10	3	6	7	7	4	2	6	2
24.5	12.46	10	12	16	18	25	7	22	15	25	23	25	10	19	11	14	9	11	12	12	15	11	9	21	23	15	12	16	11	11	21	19	17	16	10	18	27	30	14	17	17	16	12	21	12	8	11	24	17	23	23	30	18	21	22	16	14	14	11	22	17	17	8	13	11	11	11	11	9	5	11	18	6	4	5	4	5	4	2	1	0	0	1	0	2	5	3	3	8	5	6	5	8	5	7	4	5	7	7	3	8
24.57	11.74	13	28	15	26	12	3	9	13	12	8	11	8	21	19	17	18	10	18	17	13	32	14	13	12	10	14	25	14	10	16	8	16	20	22	15	20	19	13	17	12	18	17	18	22	13	15	20	16	10	12	27	16	10	21	16	7	10	11	9	12	15	19	14	8	12	11	5	6	15	15	11	19	8	5	6	5	1	1	2	1	4	4	3	1	3	4	2	1	5	5	6	3	3	11	5	1	13	4	4	0
24.65	12.36	11	22	12	18	15	19	25	13	28	17	12	22	33	19	18	12	23	13	25	15	8	12	23	15	7	19	21	11	14	21	16	15	14	20	19	14	20	14	15	13	22	11	17	19	18	8	9	13	17	28	16	22	9	13	22	14	22	8	19	7	14	13	8	13	12	14	12	9	1	10	3	7	8	3	6	3	2	0	1	2	3	4	0	2	1	1	5	2	3	6	9	7	11	3	6	8	6	2	10	9
24.72	12.64	15	17	12	18	20	14	14	10	18	19	23	24	26	23	9	22	11	14	14	24	10	21	17	17	12	19	17	11	11	16	26	19	21	14	10	21	18	16	22	15	16	19	20	17	24	18	12	13	26	19	20	23	11	20	21	8	14	14	10	12	11	14	10	18	18	10	5	9	7	7	8	3	10	1	3	7	0	6	0	1	0	0	3	1	4	6	7	5	4	5	10	8	6	6	6	6	9	4	7	2
24.8	12.25	17	12	13	4	21	12	20	9	9	26	18	22	15	16	21	10	22	9	13	21	16	15	15	18	25	10	18	16	6	16	17	17	9	24	15	25	16	24	24	13	18	16	13	19	12	8	17	20	17	24	18	32	15	9	15	15	16	15	26	6	12	12	13	6	12	15	12	12	9	5	11	14	11	3	4	4	0	1	1	0	2	1	1	4	2	8	5	4	4	9	4	3	5	3	3	3	4	4	13	6
24.87	12.64	16	18	15	17	17	6	23	13	23	19	12	6	11	11	15	14	15	18	12	23	9	16	19	19	26	16	23	13	17	23	15	15	16	15	18	23	27	16	18	18	16	19	14	18	22	18	18	19	19	22	30	14	10	11	16	22	21	23	7	11	18	13	10	14	9	7	5	12	13	4	11	3	3	6	5	5	3	4	7	3	1	2	1	0	3	4	4	6	4	3	2	2	13	5	9	8	6	0	11	9
24.95	12.3	27	19	16	18	17	18	10	23	11	23	21	28	14	23	22	30	12	17	7	14	12	16	10	18	14	10	12	9	17	18	14	25	19	13	16	19	20	21	14	6	14	17	18	14	19	28	23	12	17	22	18	21	12	13	16	10	18	17	11	4	18	12	10	11	14	11	8	7	5	11	10	14	5	6	5	7	3	1	0	4	1	1	1	3	2	0	4	6	0	3	6	8	7	4	7	2	3	4	2	7
25.02	13.2	13	17	20	16	11	16	21	11	21	20	12	22	27	25	20	8	8	15	16	18	20	19	17	23	18	16	21	24	11	8	11	13	12	26	21	25	14	20	9	11	23	11	24	21	12	26	24	24	15	28	17	26	18	17	14	27	14	13	11	19	12	12	5	8	7	15	15	10	13	11	14	3	15	3	6	6	0	0	1	1	5	2	3	0	2	3	5	5	10	4	4	5	5	4	2	16	8	3	12	5
25.1	12.95	13	22	16	17	19	20	13	13	19	28	13	22	17	23	21	18	14	12	11	23	24	22	17	14	19	11	14	14	12	25	23	26	23	16	15	15	18	8	11	7	12	18	15	19	20	17	26	18	21	22	24	19	17	28	13	11	15	12	13	21	19	8	17	10	5	9	11	15	12	9	11	10	3	10	5	2	0	2	2	2	4	3	1	0	4	5	0	8	7	3	8	3	5	2	9	7	5	5	2	3
25.17	12.73	12	12	17	23	15	10	22	22	17	15	16	18	12	13	21	28	16	13	22	28	21	17	19	23	22	19	22	7	8	17	17	10	13	17	26	19	15	12	13	12	12	21	14	12	13	15	27	15	24	27	15	13	20	20	16	16	23	10	9	12	15	10	10	10	12	9	19	20	8	10	25	5	4	3	8	8	0	1	0	1	0	3	0	2	2	3	2	3	9	0	5	8	5	6	4	7	3	3	8	7
25.25	13.1	15	14	10	11	18	21	10	24	22	27	17	21	20	14	23	13	17	16	19	29	22	19	12	11	16	18	19	12	12	17	15	12	14	11	32	19	31	6	19	26	18	22	19	14	19	16	12	19	15	23	24	14	20	15	19	18	8	20	8	8	18	19	15	10	14	11	9	12	8	4	12	4	8	7	7	4	1	2	3	2	1	0	2	2	3	5	11	2	7	6	4	5	10	10	4	5	7	1	12	8
25.32	12.99	16	12	16	19	14	19	18	14	27	14	20	21	23	24	12	9	11	9	16	14	25	17	18	25	16	19	10	13	18	26	24	13	14	8	27	18	24	19	11	14	9	11	14	23	20	9	15	9	30	25	26	15	14	26	19	19	13	18	15	8	9	18	10	14	15	9	9	7	12	8	5	12	10	6	6	3	0	1	3	0	3	4	1	1	16	3	6	3	8	11	4	1	7	6	7	8	10	11	4	3
25.4	13.01	19	14	17	33	25	17	18	18	13	16	11	27	25	14	14	19	16	12	15	3	16	11	25	19	21	21	15	15	17	10	32	12	27	5	17	14	23	21	13	12	12	21	14	12	20	21	10	12	14	21	22	14	21	13	17	19	12	14	15	22	16	11	22	9	9	21	15	7	7	9	10	9	5	10	2	4	2	0	1	0	0	3	2	4	7	5	6	9	4	8	11	7	6	8	5	2	8	5	5	9
25.47	13.15	15	13	21	13	12	11	12	20	13	24	15	25	17	25	21	16	23	13	11	12	21	16	23	18	21	15	11	19	17	21	14	19	27	13	15	20	29	14	19	21	17	20	11	20	28	12	22	18	16	22	30	8	15	16	20	14	26	18	9	11	15	15	12	18	13	13	7	8	11	11	15	9	9	4	1	3	2	3	3	1	1	1	2	2	3	4	3	4	9	5	3	6	10	0	4	4	5	5	9	4
25.55	12.68	17	16	21	14	23	16	13	19	15	19	10	27	36	15	10	13	11	10	15	15	14	15	21	19	17	15	13	23	23	14	15	18	13	9	11	13	36	27	16	13	21	19	18	17	11	17	7	13	15	21	20	18	19	14	25	16	5	16	14	11	21	18	10	12	13	11	10	9	10	13	13	2	3	9	4	3	1	0	0	0	4	0	5	2	8	9	7	12	6	6	5	6	3	5	8	5	1	6	6	5
25.62	13.05	28	16	13	18	18	15	24	16	7	29	12	25	11	16	14	21	30	18	13	19	12	24	23	25	23	31	24	6	12	28	16	20	14	16	20	22	24	18	9	15	15	12	21	27	17	5	16	20	14	26	22	16	24	16	18	13	18	10	1	10	26	7	13	20	6	5	9	10	9	9	8	4	3	6	0	9	0	2	1	2	6	1	0	1	6	5	9	5	3	2	2	3	2	4	5	10	5	5	4	12
25.7	13.1	23	23	31	13	17	15	18	23	21	26	19	21	10	12	4	23	18	11	12	16	11	15	21	26	16	18	26	15	14	26	24	12	15	19	16	31	20	13	9	6	23	22	19	19	13	15	23	23	15	30	14	20	13	18	15	19	19	9	23	19	13	10	9	16	22	2	6	12	4	1	10	6	6	3	5	8	3	1	0	2	2	0	3	1	7	6	5	8	3	5	2	15	3	1	6	6	4	3	9	2
25.77	13.15	14	15	20	19	23	17	15	16	15	15	16	28	14	22	21	20	13	14	15	21	27	17	16	18	20	14	18	23	19	16	14	22	10	31	12	20	24	20	12	13	16	20	25	15	17	20	22	6	12	31	21	14	17	17	15	25	8	12	8	14	12	19	7	13	16	10	6	14	10	6	6	13	4	7	8	7	0	5	3	2	1	0	0	3	9	8	7	1	7	3	5	6	5	8	4	6	9	6	4	1
25.85	13.74	25	28	30	16	24	14	17	22	18	18	26	27	14	14	21	17	15	14	20	16	12	10	13	22	15	18	18	18	11	21	13	19	22	21	16	30	23	24	23	12	22	12	14	14	23	19	22	13	26	28	27	17	12	23	10	14	18	17	6	14	22	12	15	9	19	10	8	14	9	10	8	10	6	13	1	3	0	1	0	4	4	3	2	0	3	6	2	2	5	12	4	5	6	5	13	8	3	3	4	2
25.92	13.14	12	17	26	27	22	15	13	17	14	25	15	19	30	18	15	29	16	16	17	18	9	18	21	15	23	24	15	13	23	19	15	16	8	24	15	19	25	20	23	15	7	16	15	21	23	11	24	21	16	20	19	18	17	23	25	24	14	16	18	8	14	14	14	12	15	5	6	5	11	10	4	6	5	5	6	2	1	2	5	3	0	0	1	3	5	6	1	7	4	11	1	3	6	5	5	2	1	6	3	2
26	12.88	22	12	31	12	25	18	7	15	26	14	16	25	21	28	19	9	12	9	11	33	16	18	18	18	15	23	21	14	9	17	14	15	15	10	25	20	23	14	21	8	11	18	19	16	15	17	28	12	10	31	22	20	16	15	13	15	14	10	20	12	12	21	16	13	10	8	19	9	7	6	8	0	12	10	11	1	0	0	2	1	2	2	1	3	0	6	1	0	7	1	2	5	12	4	7	3	10	9	8	6
26.07	12.91	17	13	19	17	26	16	21	23	21	13	14	27	20	19	14	14	20	13	14	15	11	23	21	17	24	14	14	16	12	14	14	13	21	19	10	18	24	20	24	9	22	17	15	19	15	7	19	30	17	14	18	17	21	12	17	22	18	23	5	9	8	13	14	20	18	5	10	15	7	10	12	3	6	15	8	8	2	2	1	0	0	0	1	1	6	2	3	3	5	1	6	9	8	2	3	5	5	12	7	4
26.15	13.08	26	22	18	18	16	22	15	19	16	25	22	23	18	16	11	14	13	16	24	20	16	13	13	25	19	15	17	21	9	31	8	27	9	24	19	24	15	31	12	19	11	21	22	20	17	10	17	23	24	23	17	20	8	12	16	14	15	19	9	11	14	10	11	10	13	10	5	8	6	3	9	7	1	13	4	5	2	0	6	0	1	1	1	4	3	10	1	9	9	6	8	4	3	3	5	12	4	8	6	3
26.22	13.76	22	19	21	26	17	23	12	12	15	26	17	17	18	19	23	7	27	18	21	15	19	22	22	23	23	25	13	11	16	18	21	22	13	13	24	24	19	18	20	12	24	20	8	14	14	28	16	20	22	28	22	25	20	18	20	20	20	16	11	13	14	18	7	7	15	20	6	7	8	8	7	8	1	3	0	3	1	1	0	3	1	6	4	2	6	7	7	4	6	2	5	10	7	7	9	8	3	6	5	2
26.3	13.44	14	21	15	16	21	17	20	20	20	12	18	28	21	11	14	12	14	12	18	26	8	23	33	22	18	14	16	19	17	9	15	20	16	16	9	24	18	12	12	16	13	19	17	24	25	25	16	14	21	19	20	17	12	17	24	16	23	31	9	14	19	16	15	12	13	7	14	10	14	9	13	4	3	10	4	4	0	3	1	0	5	1	0	2	1	8	5	7	4	15	3	7	13	5	9	5	4	8	4	4
26.37	12.99	20	29	19	13	15	9	29	13	22	33	8	15	13	19	12	8	28	16	15	21	26	20	14	17	16	12	17	11	11	27	12	24	19	10	28	18	21	16	12	15	21	20	21	16	13	28	15	30	16	15	17	15	15	20	17	24	9	15	12	20	10	11	16	4	7	16	8	14	12	6	9	9	7	7	1	1	2	0	0	3	0	1	1	0	3	1	4	7	5	2	7	5	17	7	8	5	3	8	6	4
26.45	14.34	19	8	25	27	20	23	5	21	24	17	13	23	22	14	25	21	9	9	21	21	16	19	18	25	22	26	22	22	12	22	25	21	25	18	16	26	17	18	18	15	18	27	23	13	22	24	13	18	18	25	21	24	20	22	15	27	15	14	15	11	9	18	5	8	18	18	7	10	12	14	8	9	5	5	5	4	0	2	3	4	1	1	4	2	4	1	3	7	2	7	1	9	15	7	2	16	8	7	9	9
26.52	13.72	21	21	22	17	14	12	22	12	18	12	11	33	20	17	35	23	19	10	15	19	32	17	17	12	17	23	22	14	15	18	19	21	29	20	17	24	20	13	20	11	19	17	21	28	20	19	17	22	20	23	14	25	13	20	19	10	23	11	11	18	11	17	15	8	7	14	11	8	10	13	15	9	1	8	12	2	3	0	2	2	2	1	3	3	2	6	5	7	2	4	5	1	10	9	7	1	2	2	1	7
26.6	13.32	17	13	15	12	12	22	27	18	27	27	25	33	16	18	15	16	19	10	24	18	19	24	15	7	13	11	20	9	8	21	18	11	19	24	22	20	16	9	11	11	15	19	26	13	16	13	28	17	17	28	28	18	19	17	24	13	28	14	10	14	15	26	5	12	11	12	8	13	8	13	4	4	11	3	4	8	0	1	1	1	2	4	1	4	3	8	2	1	7	8	0	10	11	6	6	12	5	3	8	2
26.67	13.48	14	14	30	23	21	16	13	22	28	24	18	13	16	26	15	14	17	8	32	20	23	21	20	22	23	15	24	16	16	18	22	28	13	26	15	26	17	19	11	11	17	16	18	14	14	11	16	14	31	30	25	13	18	24	25	12	16	14	18	13	14	12	11	8	9	11	11	9	12	9	11	10	7	7	4	5	0	0	1	5	1	0	1	1	3	3	1	5	7	5	5	2	5	3	2	3	0	3	6	7
26.75	13.95	22	19	24	28	16	11	25	18	17	30	22	14	24	20	18	18	16	14	16	30	17	11	17	16	20	20	15	14	15	20	19	27	23	13	16	26	20	26	14	13	17	24	18	28	29	9	16	20	28	25	29	17	14	14	18	17	16	15	13	22	10	13	22	19	7	15	5	9	14	8	7	6	2	5	4	8	2	1	3	0	5	2	2	2	3	3	2	3	5	11	4	3	1	2	4	4	7	9	7	3
26.82	13.96	26	15	16	18	23	20	20	19	15	30	18	24	30	13	15	23	14	12	13	28	19	10	19	20	23	12	27	16	10	24	22	17	10	14	19	21	23	18	28	12	25	17	18	19	22	20	23	23	21	33	23	21	19	15	16	22	17	16	6	7	22	9	15	13	13	11	17	9	2	15	9	9	7	7	7	5	1	3	3	1	3	1	1	2	6	1	4	3	5	7	2	8	4	8	6	4	1	4	8	1
26.9	13.67	15	17	28	19	28	25	16	26	21	16	15	31	20	15	14	17	13	10	13	16	16	29	27	24	25	18	20	9	11	20	17	9	18	16	21	32	23	13	17	11	20	13	11	17	34	25	12	17	20	32	13	21	21	15	20	11	15	12	12	15	18	14	9	7	9	14	9	12	8	14	5	6	7	7	2	1	1	0	3	0	0	4	6	3	5	3	7	8	12	9	8	7	3	7	8	3	4	2	7	8
26.97	13.77	18	20	16	19	18	17	12	23	22	24	22	14	23	19	11	19	11	16	22	19	18	6	20	25	21	21	27	18	14	29	23	13	13	31	18	20	21	26	11	15	12	14	16	20	15	30	17	19	18	30	12	23	28	27	12	20	17	25	21	20	10	9	16	13	5	6	6	6	17	8	9	4	9	8	3	5	3	1	1	2	0	0	0	4	4	3	9	1	4	4	6	6	3	3	8	14	4	3	7	2
27.05	14.34	33	22	19	18	30	21	19	23	24	17	6	28	23	21	13	16	24	11	19	19	17	22	29	13	17	24	30	10	11	28	10	19	9	23	23	24	33	14	20	13	26	13	22	26	17	13	15	14	17	27	23	17	32	21	18	18	20	10	17	7	21	18	13	14	18	7	5	8	4	8	9	5	6	8	5	6	0	1	0	0	3	3	2	3	9	1	4	2	10	2	7	9	8	9	6	7	5	6	8	6
27.12	14.06	23	16	19	22	11	10	14	24	24	19	9	31	19	22	11	17	10	17	23	16	16	13	22	23	18	14	23	15	19	15	21	14	22	18	19	35	16	17	16	15	17	21	19	25	19	7	31	26	14	27	26	11	23	33	21	22	19	16	23	12	12	21	10	7	12	11	9	11	12	4	7	6	8	6	6	3	5	2	0	0	1	5	1	0	10	3	8	6	4	7	13	2	9	12	5	7	3	2	9	7
27.2	13.73	15	23	10	31	18	12	13	24	19	15	20	24	23	25	25	17	12	13	26	22	14	17	17	10	19	23	22	8	14	15	16	16	19	22	30	23	14	13	27	14	25	21	14	23	13	20	17	22	18	19	15	16	24	16	22	16	18	11	20	18	21	9	15	13	12	8	17	10	7	3	11	5	10	7	6	7	0	6	1	4	6	1	3	4	4	6	6	4	2	7	4	3	2	3	8	7	11	4	4	4
27.27	13.91	14	26	16	21	10	24	20	13	19	22	34	36	23	21	7	17	17	9	22	21	23	20	13	15	32	15	16	16	10	11	12	27	16	14	21	27	21	16	19	10	11	22	14	28	15	15	14	22	24	27	30	16	14	17	27	10	13	12	11	8	11	17	13	11	5	10	11	14	11	16	12	8	8	11	3	4	7	3	2	0	3	2	6	3	6	5	5	7	1	5	9	5	8	1	9	6	10	14	11	2
27.35	13.4	25	21	23	12	22	17	13	15	5	26	17	32	18	24	17	15	12	12	23	20	20	17	19	20	15	27	11	11	9	21	15	15	30	20	12	23	29	15	20	23	16	13	13	21	15	17	17	20	18	29	12	20	27	10	15	22	11	27	20	13	13	12	12	15	12	9	8	10	4	9	10	6	5	8	3	6	0	0	1	2	3	3	1	1	4	1	8	5	8	4	7	4	9	5	6	4	10	3	5	7
27.42	13.77	27	18	4	23	22	15	10	25	30	22	14	28	26	13	10	14	22	27	21	23	23	17	24	16	13	14	21	22	9	14	14	14	21	19	30	21	23	22	14	12	17	17	21	26	6	15	17	10	29	17	24	26	17	16	16	15	11	22	15	15	14	12	12	16	7	9	12	6	7	12	15	4	10	14	7	3	2	3	3	1	2	4	2	0	9	4	3	5	6	12	3	6	2	6	7	8	8	1	9	2
27.5	13.89	18	16	28	9	22	16	11	10	18	30	14	33	22	28	22	11	21	14	13	17	24	19	22	20	17	16	16	17	14	18	16	15	16	21	17	18	22	13	15	15	14	17	26	33	18	11	26	15	20	22	19	15	25	14	22	21	24	18	15	3	10	14	8	9	11	18	10	16	12	8	14	7	6	5	2	8	2	1	2	2	2	0	3	1	7	4	7	4	6	11	7	11	6	11	5	8	6	8	7	8
27.57	14.08	20	23	23	21	18	19	20	15	20	26	7	22	19	16	16	12	18	20	25	16	12	24	15	26	20	29	25	18	16	13	21	21	21	24	8	27	17	20	17	12	27	18	23	14	16	24	27	15	15	21	24	22	20	20	21	21	23	20	14	11	28	10	12	20	15	14	8	3	6	10	6	5	2	11	7	7	1	1	1	1	4	2	0	1	4	0	4	8	7	4	1	5	6	8	5	4	3	5	6	5
27.65	13.52	21	14	10	11	23	13	14	19	18	17	17	18	11	16	23	14	21	13	19	18	22	17	18	28	13	27	27	13	21	9	14	16	24	13	23	19	24	19	18	16	12	20	23	16	19	24	26	16	18	20	16	34	16	17	19	19	26	13	12	19	21	11	8	7	5	10	8	9	12	9	16	7	5	10	9	4	0	4	2	0	4	2	1	2	7	6	5	8	10	4	6	3	5	8	3	2	1	10	8	4
27.72	14.83	17	22	20	18	16	24	18	15	20	25	20	26	24	18	24	19	10	17	19	12	11	20	14	17	30	22	17	10	15	26	22	14	16	29	30	22	25	28	13	17	14	14	15	29	34	25	18	21	32	29	18	15	31	14	25	13	31	21	14	17	15	19	14	11	7	10	16	9	8	13	6	4	6	5	5	4	2	6	3	0	4	4	1	1	12	7	6	4	3	4	4	2	4	11	7	6	12	6	7	3
27.8	14.55	12	25	33	20	15	27	22	34	12	20	16	23	24	17	15	17	23	16	17	33	19	22	11	18	24	14	17	24	24	6	21	18	22	17	17	8	29	18	17	12	14	21	23	17	16	27	24	12	32	25	29	20	23	21	20	11	16	15	16	23	15	11	9	13	9	10	15	8	10	12	5	13	3	12	14	5	2	1	0	1	5	1	1	5	4	4	3	8	5	6	6	6	8	13	5	5	4	5	7	2
27.87	15.62	25	13	23	22	14	12	13	25	27	24	25	24	15	18	35	18	17	23	19	22	16	15	25	14	34	27	22	18	16	15	25	23	23	13	27	19	17	10	25	16	13	6	25	30	23	15	22	21	36	32	25	20	20	18	23	17	17	14	20	19	16	21	19	14	14	14	12	11	18	15	7	10	16	7	6	1	0	1	2	1	7	2	2	3	8	12	6	10	7	11	4	9	10	9	2	4	0	3	13	5
27.95	14.26	20	29	22	22	25	23	16	32	20	18	18	24	17	17	18	15	14	15	21	16	13	24	18	25	34	11	9	13	12	23	28	22	27	21	22	15	17	18	17	13	10	21	18	23	12	19	14	14	19	22	32	15	27	19	19	19	33	16	15	17	16	16	10	15	13	8	6	11	14	7	8	12	10	8	9	5	1	1	2	0	0	4	3	0	1	4	13	3	4	2	3	10	5	1	2	4	2	5	8	12
28.02	15.61	19	23	22	25	24	22	18	30	12	26	15	38	20	20	21	24	19	17	14	28	15	18	19	13	24	28	18	20	16	20	23	14	25	24	23	20	22	18	20	24	23	20	20	13	28	17	20	20	26	15	17	25	18	18	24	19	18	17	15	7	25	16	13	13	21	26	20	14	15	9	8	6	9	9	5	4	2	1	1	0	5	0	3	2	0	7	9	5	6	5	5	13	3	10	8	5	6	8	17	6
28.1	14.7	20	17	17	26	14	17	19	18	25	18	20	18	23	22	21	32	19	10	19	21	16	21	33	20	34	19	17	20	15	13	17	16	13	13	17	33	17	28	19	8	27	16	27	9	21	23	24	20	22	35	21	30	11	17	22	19	20	15	23	9	14	19	11	11	16	11	5	14	9	3	8	7	10	2	13	6	1	5	1	1	3	3	2	3	4	6	4	3	3	7	3	8	2	4	7	7	5	9	15	9
28.17	14.39	19	20	16	23	17	12	19	22	25	21	16	24	23	16	29	26	10	13	19	22	15	6	23	22	26	16	28	14	20	17	17	13	16	17	18	17	30	16	19	15	25	32	18	18	19	19	18	25	29	20	24	23	17	21	21	12	18	20	13	16	13	21	16	11	17	11	11	7	11	8	10	5	3	13	2	5	2	0	0	2	3	0	2	1	7	2	7	2	4	5	10	9	7	8	6	11	4	4	6	8
28.25	13.98	17	13	17	26	17	17	18	34	15	23	15	14	20	14	13	11	15	12	13	28	25	23	21	19	20	25	19	10	22	10	21	18	13	20	25	24	23	26	14	23	25	21	19	16	17	15	20	17	11	20	24	33	27	16	30	28	27	16	10	16	15	12	10	12	16	13	3	9	10	6	15	6	0	11	4	4	1	0	1	1	1	2	2	3	4	5	4	5	6	2	1	4	4	4	8	9	8	7	4	5
28.32	14.19	17	11	22	23	23	12	15	28	12	19	17	18	28	16	26	17	19	14	8	18	13	12	21	29	19	21	23	24	13	21	17	16	18	24	23	26	19	15	23	17	20	16	21	14	29	23	25	24	16	23	20	13	24	17	20	22	24	24	10	8	17	24	6	16	12	11	17	10	10	2	9	10	9	2	1	3	0	2	2	2	6	4	4	1	2	9	2	6	4	6	5	6	3	5	5	7	5	15	4	5
28.4	14.83	26	16	13	28	18	18	11	24	11	16	12	32	24	19	20	19	14	19	20	22	10	18	24	11	31	18	26	10	17	15	24	19	16	29	19	29	27	30	22	14	16	17	21	19	18	13	24	14	19	14	21	29	22	28	20	22	19	15	14	25	21	17	9	9	10	13	18	12	12	9	10	15	5	3	5	4	2	2	5	1	3	2	1	5	2	6	6	10	7	10	2	11	6	4	8	11	6	7	9	4
28.47	14.33	27	14	21	20	28	8	18	25	22	17	13	31	22	16	23	20	16	25	17	11	9	18	22	16	33	13	21	16	11	17	10	14	10	21	21	26	13	17	13	24	15	21	17	13	26	20	22	22	18	27	18	23	25	18	13	15	22	11	13	14	24	13	17	17	15	10	9	18	12	12	3	13	9	5	8	4	2	0	2	4	5	4	3	2	6	12	3	5	6	5	4	3	5	7	4	7	9	10	13	11
28.55	14.47	18	26	9	24	20	13	20	21	24	22	18	24	36	24	12	19	17	10	13	15	17	22	29	23	20	25	15	20	16	17	18	32	16	14	25	20	22	26	21	13	9	25	20	15	16	33	11	23	26	26	28	26	16	18	21	24	21	13	15	17	8	15	15	7	16	8	8	9	5	11	16	4	3	7	8	3	2	0	1	1	0	2	1	5	1	4	5	6	7	3	8	4	7	10	6	2	9	4	13	4
28.62	15.1	19	18	19	27	14	21	21	24	25	16	22	21	29	15	28	19	22	18	23	14	13	11	24	24	23	14	23	18	19	21	25	25	33	22	24	17	19	14	32	11	26	22	11	18	36	23	17	14	19	28	30	32	16	15	18	35	19	9	14	16	9	18	5	10	10	9	7	13	7	16	11	6	8	9	6	6	2	1	2	2	3	6	1	0	3	6	8	10	9	7	2	6	6	6	11	6	7	5	3	3
28.7	16	23	10	14	20	17	15	16	28	29	23	24	29	17	20	21	8	20	17	26	19	10	16	34	17	17	33	16	17	18	29	23	25	27	13	20	18	30	16	18	24	20	22	23	19	38	27	19	23	27	21	40	23	41	19	8	16	15	21	17	16	25	15	15	26	11	17	20	7	20	8	6	15	10	5	0	2	2	5	4	0	5	2	7	3	8	8	4	5	6	8	4	7	3	6	5	7	8	8	5	6
28.77	14.76	32	24	22	26	17	10	21	22	20	14	15	17	23	18	16	16	17	16	22	25	8	15	22	25	18	22	14	18	15	15	20	20	17	23	19	25	24	23	20	19	24	27	15	26	8	24	25	20	31	20	21	20	36	13	30	13	19	17	14	13	18	11	11	12	12	12	16	19	14	13	14	7	10	12	7	5	1	1	0	0	0	8	2	2	0	7	9	6	4	3	3	5	11	1	5	7	8	2	4	3
28.85	14.61	26	24	27	18	18	19	23	24	22	35	15	31	18	18	21	22	18	23	13	19	20	16	8	21	23	14	18	23	18	21	16	18	20	16	18	21	16	25	25	19	16	11	25	31	13	15	14	7	19	29	21	30	13	14	25	20	17	15	20	22	27	19	9	9	14	10	4	7	6	15	17	2	7	6	3	5	1	4	2	2	1	3	5	1	2	3	3	4	3	11	5	6	8	6	14	4	6	7	6	7
28.92	14.73	30	32	21	20	16	11	12	20	24	18	13	22	21	15	28	17	23	11	22	27	17	15	20	16	17	16	18	21	17	17	16	17	19	25	21	21	20	17	13	16	16	16	14	17	24	17	16	20	26	27	31	27	17	15	17	28	18	28	15	18	11	9	19	19	17	11	15	5	3	15	15	3	11	5	10	2	1	1	3	0	3	1	3	0	5	5	9	0	7	11	12	11	7	7	7	14	7	0	12	8
29	15.31	25	26	18	21	24	8	21	19	33	16	22	24	21	12	18	17	33	10	14	14	19	21	22	26	25	24	19	24	17	15	20	13	27	33	24	17	26	29	19	22	29	29	20	15	17	14	22	21	24	27	24	28	22	21	17	14	19	16	17	27	9	14	17	6	17	10	13	11	7	8	7	10	5	13	0	1	5	0	1	0	7	6	0	9	1	4	4	16	8	3	7	5	0	5	7	2	9	8	7	8
29.07	14.74	19	21	22	13	22	26	34	15	16	21	7	37	26	12	21	19	21	13	34	19	18	17	17	19	26	14	20	14	14	8	17	18	16	18	16	17	19	20	19	29	15	20	30	21	23	19	16	24	20	39	28	21	29	23	10	17	11	18	15	10	12	13	20	20	10	12	9	11	11	3	13	15	10	9	3	3	6	3	2	1	5	4	1	7	4	2	8	1	9	4	8	6	8	3	4	10	8	5	4	4
29.15	14.65	32	28	24	25	24	14	9	25	15	19	18	26	20	19	11	14	15	9	24	26	16	16	21	13	37	24	15	14	29	32	12	16	31	19	21	27	21	16	10	18	26	9	22	18	20	21	19	23	19	16	23	20	21	29	19	20	23	18	14	12	15	12	10	15	7	8	9	10	16	12	14	6	10	7	3	2	1	0	2	3	6	2	1	7	3	4	6	8	4	3	8	9	8	6	6	11	4	2	5	3
29.22	15.5	19	29	30	21	20	21	11	24	25	22	15	31	18	17	29	20	20	23	18	20	16	22	19	9	32	31	27	7	16	23	20	20	20	20	34	24	19	25	24	17	24	16	27	9	21	21	18	26	21	24	25	21	9	26	15	20	12	29	12	13	19	10	18	17	13	8	8	10	14	13	17	9	13	7	7	2	4	5	0	1	3	5	7	2	5	14	6	5	7	0	1	10	4	5	6	6	4	8	4	6
29.3	14.25	25	24	19	15	18	14	18	18	17	23	12	24	31	15	20	14	18	20	18	12	16	26	16	20	32	21	15	15	13	18	13	21	24	10	21	20	17	16	15	21	24	16	28	30	14	19	22	25	16	21	23	16	19	17	22	22	18	17	21	20	14	25	23	15	10	8	6	5	10	10	7	8	3	10	8	5	2	0	2	2	5	4	5	3	1	11	5	3	6	4	4	5	5	1	3	6	6	9	6	5
29.37	14.68	27	17	21	36	27	32	15	18	21	24	18	28	29	14	25	13	12	10	17	10	20	21	24	25	24	24	22	17	16	16	24	19	17	32	19	35	17	23	20	14	23	8	19	18	16	24	19	24	15	18	42	24	20	14	9	21	21	15	15	11	7	10	13	13	11	11	8	14	7	8	9	8	10	7	8	4	4	2	2	3	2	2	5	3	4	1	5	4	7	2	1	9	8	8	3	8	3	3	4	8
29.45	14.94	15	27	22	26	20	13	21	22	22	22	20	22	17	13	26	20	19	15	11	18	25	16	17	20	34	19	19	12	12	23	22	21	9	39	21	23	20	18	16	10	23	24	19	16	14	10	24	12	25	24	27	29	32	16	24	25	10	18	26	20	10	13	14	10	14	15	9	15	10	7	5	7	5	9	0	7	0	0	1	3	5	2	4	0	11	6	6	4	7	3	5	8	8	7	9	5	19	8	13	5
29.52	15.12	19	13	20	22	18	12	30	16	17	26	20	36	19	15	13	17	27	10	27	26	20	26	17	24	22	13	18	15	20	23	29	21	19	17	34	19	25	17	17	30	19	14	11	17	20	33	22	19	25	15	26	23	21	30	14	20	17	20	17	14	18	20	11	13	15	13	11	16	9	8	12	7	10	9	9	4	0	2	2	0	1	2	1	3	5	4	4	5	6	4	4	7	6	8	5	8	6	6	6	6
29.6	16.28	20	23	21	10	30	22	17	29	19	29	21	30	25	23	26	27	16	21	18	22	20	23	31	24	19	21	12	17	17	15	21	29	10	26	28	24	19	20	17	27	14	26	28	23	23	26	32	23	20	34	28	26	17	13	8	24	24	33	17	9	16	16	20	33	8	19	8	10	5	6	13	11	5	5	2	9	5	5	1	2	3	8	1	4	8	3	4	2	4	8	6	7	3	8	7	8	11	8	5	4
29.67	14.84	22	23	22	28	19	16	15	19	23	21	19	28	16	17	18	14	14	13	25	24	24	20	19	28	25	19	22	13	18	21	13	18	19	17	25	25	23	28	15	20	25	7	20	15	21	24	17	30	27	18	27	17	18	20	20	20	23	15	12	18	10	25	22	12	16	9	13	13	10	8	4	11	6	5	2	2	0	0	0	2	3	1	6	1	5	5	11	9	4	4	7	7	3	4	4	9	6	10	9	4
29.75	15.88	28	30	21	19	19	11	20	25	29	27	13	24	33	22	18	22	16	18	21	20	23	14	27	17	21	16	25	16	12	24	19	14	23	26	14	30	28	15	13	25	26	23	15	14	30	20	30	14	18	27	22	27	15	18	17	18	22	16	24	22	16	21	12	11	19	11	13	16	10	7	17	6	9	6	10	4	3	5	0	1	2	3	2	6	6	5	9	9	7	4	10	7	2	9	8	6	9	16	6	9
29.82	15.04	26	15	28	21	17	22	21	28	15	22	17	32	22	19	28	24	15	14	7	17	19	18	28	18	27	23	19	16	19	15	25	20	24	25	34	22	19	17	16	13	18	17	17	12	9	21	20	18	29	29	21	19	22	15	23	11	21	28	16	15	12	16	16	9	21	10	8	13	13	12	12	7	12	7	6	6	1	0	1	2	5	4	4	4	5	6	7	8	2	3	7	12	5	1	13	4	6	3	12	1
29.9	14.89	19	24	39	34	23	22	23	23	26	16	19	23	17	16	19	24	11	12	17	20	18	14	21	19	18	12	19	10	12	27	21	19	22	30	31	19	14	16	21	18	22	22	31	18	20	24	18	21	24	30	20	27	21	16	11	11	20	16	10	21	13	17	14	18	10	11	8	14	7	14	16	13	6	4	5	1	0	0	1	0	3	6	6	5	4	7	3	6	2	7	4	4	8	5	6	11	3	3	10	3
29.97	14.61	14	19	30	23	17	8	18	29	21	17	19	19	13	31	28	13	15	23	10	22	19	15	25	25	18	15	14	13	21	12	23	25	18	17	33	18	19	28	22	12	13	23	21	19	18	15	23	27	22	37	24	35	31	12	27	31	16	13	15	16	11	13	18	11	12	16	5	11	10	3	12	4	2	5	3	2	1	3	0	1	2	4	1	1	2	2	7	15	12	4	4	7	8	6	6	4	4	4	2	4
