# SCAN started at: 2017-11-29 10:00:39
# Elen_Scan Mass: 20.3 Resolution: 30
# ----------------------------------------
# 
20	1.68	0	0	2	2	0	4	4	0	0	0	0	4	0	2	6	4	0	6	4	0	0	4	2	6	0	2	0	0	0	2	0	4	0	0	2	0	0	0	2	0	2	0	4	0	2	0	0	4	2	0	2	6	0	4	0	4	2	6	0	0	2	0	2	6	0	0	2	6	0	4	0	0	0	0	0	0	2	2	2	2	2	2	0	2	0	0	2	0	2	0	0	8	8	4	4	0	0	0	2	2
20.01	0.74	2	2	0	0	0	0	2	0	0	0	2	0	2	0	2	0	2	0	0	0	0	2	2	0	0	0	4	2	0	0	0	0	0	0	0	4	0	0	0	0	4	0	0	0	0	2	0	0	6	2	0	0	0	0	0	0	0	0	2	0	2	4	0	0	2	0	8	0	0	0	0	0	0	2	0	0	0	0	0	0	0	0	0	0	0	0	0	6	0	0	0	2	0	0	0	0	4	0	0	0
20.02	0.5	0	0	0	0	0	4	0	0	0	0	0	2	2	0	0	0	0	0	0	0	0	0	2	0	0	2	0	2	2	2	0	0	0	0	4	0	0	2	0	2	0	0	0	2	0	0	2	4	0	0	0	0	0	0	0	2	2	0	2	0	0	0	2	0	0	4	0	0	0	0	0	0	0	0	0	0	0	0	0	0	0	0	0	0	0	0	0	0	0	0	2	0	0	0	0	2	0	0	0	0
20.03	0.58	0	0	0	4	0	0	2	0	2	2	0	0	0	0	0	0	2	0	0	0	0	0	0	0	0	0	0	0	0	0	0	0	0	2	0	0	0	0	0	0	0	0	2	2	0	0	0	0	0	4	0	0	0	0	0	0	2	4	2	0	2	2	0	0	0	0	0	0	0	6	0	2	0	0	0	0	0	0	4	0	0	0	0	0	0	0	0	0	0	6	2	0	2	0	0	0	0	0	2	0
20.04	0.52	0	0	2	0	0	2	0	2	0	0	0	2	0	4	2	0	2	0	0	4	0	0	0	2	0	0	2	0	4	0	0	0	0	0	0	0	0	0	0	0	0	0	2	0	0	0	0	0	0	0	0	0	0	2	0	0	0	2	0	0	0	0	0	0	0	0	0	0	0	0	2	0	0	0	0	6	0	0	0	0	0	0	0	0	0	0	0	0	0	0	4	0	0	0	2	0	2	0	0	2
20.05	0.46	0	0	0	2	2	0	0	2	0	0	2	0	0	2	0	0	0	0	0	0	0	0	2	0	0	0	4	0	0	0	0	0	0	0	0	0	0	0	4	0	0	0	2	0	0	0	0	0	0	0	0	2	2	0	6	0	0	0	0	0	2	0	0	0	0	0	0	0	0	4	0	2	0	0	0	0	0	0	2	0	0	0	2	0	0	0	0	0	0	0	0	0	0	0	0	0	0	0	0	2
20.06	0.36	2	4	2	0	0	0	0	0	0	0	0	0	2	0	0	0	0	2	0	0	0	0	0	0	0	0	0	2	2	2	0	0	0	0	0	2	0	0	0	2	0	0	2	0	0	0	0	0	0	0	0	0	0	0	0	0	0	0	0	0	0	0	0	0	0	0	2	0	0	0	2	0	0	0	0	0	0	0	2	0	0	0	0	0	0	2	0	2	0	0	2	0	0	0	0	0	0	0	0	0
20.07	0.4	0	0	0	0	0	2	0	0	0	0	0	0	2	0	0	0	0	0	0	0	0	0	4	0	0	0	0	0	0	0	0	0	4	0	2	0	4	0	0	0	0	4	0	0	0	0	0	0	4	0	0	0	0	0	0	0	0	0	0	0	0	4	0	0	0	0	2	0	4	0	0	0	0	0	2	0	0	0	0	0	0	0	0	0	0	0	0	0	0	0	0	0	0	0	0	0	2	0	0	0
20.08	0.62	0	0	0	2	0	0	2	0	0	0	4	0	0	0	0	0	0	2	4	0	0	2	0	0	0	6	0	0	2	4	2	2	0	0	0	0	0	4	0	0	4	0	0	0	2	2	0	0	2	0	0	4	0	0	0	0	0	0	0	0	0	0	0	0	0	0	0	0	4	0	0	0	0	0	0	0	0	0	0	0	0	0	0	0	4	0	0	0	2	0	0	0	0	0	0	0	0	0	2	0
20.09	0.4	0	0	0	0	0	0	0	0	0	0	2	0	0	0	0	0	4	2	0	2	0	0	0	0	2	0	0	2	0	0	0	2	0	0	0	0	0	0	0	0	0	2	0	0	0	0	0	0	0	0	2	2	0	0	0	0	0	0	0	0	2	0	0	0	0	0	0	2	4	0	0	0	2	0	0	0	0	0	2	0	0	0	2	0	0	0	0	0	0	0	0	4	0	0	0	0	0	0	0	0
20.1	0.7	2	2	0	2	4	0	2	2	4	0	0	0	0	0	0	2	0	4	0	0	0	0	0	0	0	0	0	4	8	0	0	0	0	0	0	0	0	0	0	2	0	2	0	2	0	0	0	2	0	0	0	2	0	0	0	0	0	0	0	0	0	0	0	0	0	0	0	0	0	0	4	0	0	0	2	0	2	0	0	0	4	0	0	0	0	0	0	0	6	2	0	0	2	0	0	2	0	0	0	0
20.11	0.84	2	0	0	4	2	0	0	0	0	0	0	0	0	0	0	0	2	0	0	0	2	0	0	0	0	2	4	0	0	0	0	0	0	0	0	0	4	2	2	0	6	0	0	8	2	0	0	2	0	0	0	0	2	0	0	2	0	0	0	0	0	4	0	0	0	0	0	0	6	0	2	0	0	0	0	0	0	0	0	0	2	0	2	0	2	2	0	2	0	2	6	0	0	0	2	0	0	0	0	4
20.12	0.64	4	0	0	0	0	2	0	0	0	0	2	0	0	2	0	0	0	0	0	0	0	2	2	2	0	2	0	0	0	2	0	0	2	0	0	2	0	2	2	2	0	0	0	0	0	0	4	0	4	2	0	0	0	0	2	0	2	2	0	0	2	0	0	0	0	0	0	2	8	0	0	0	0	0	2	0	2	0	0	0	0	0	0	2	0	0	0	0	0	0	0	0	0	0	0	0	0	0	0	0
20.13	0.6	0	2	0	0	0	2	2	2	0	0	2	2	0	0	0	0	0	0	0	0	0	0	2	6	0	0	0	0	0	2	0	0	0	0	0	0	0	2	0	0	0	0	0	0	0	0	4	0	2	0	4	0	0	0	0	0	0	2	2	0	0	0	0	0	0	0	0	0	2	0	0	0	0	0	2	2	0	0	2	0	0	0	0	6	4	0	0	0	2	0	0	2	0	0	0	0	0	0	0	0
20.14	0.56	0	0	0	0	0	2	0	0	0	0	0	2	2	0	2	0	0	0	0	2	2	2	0	0	0	0	0	0	0	2	0	0	0	0	2	0	2	2	0	0	0	0	0	0	0	0	0	0	2	0	2	0	0	0	2	0	0	2	0	2	0	2	2	0	0	2	2	0	0	0	0	0	2	0	0	2	0	2	0	0	0	0	0	2	2	0	0	2	4	0	0	0	0	0	0	0	0	0	0	0
20.15	0.58	2	0	0	2	0	0	4	0	2	0	0	0	0	0	0	0	0	2	2	0	0	0	4	0	0	0	0	0	4	0	2	0	0	0	0	0	2	0	0	0	0	0	0	0	2	0	0	0	0	0	0	0	0	0	0	0	0	0	0	0	0	0	2	0	0	2	2	2	2	0	0	0	0	2	0	2	0	0	2	0	0	0	0	4	0	0	0	4	4	2	0	0	0	0	0	0	0	0	0	0
20.16	0.68	0	0	0	0	0	0	0	0	0	0	0	2	0	2	0	0	0	0	0	0	0	2	0	0	0	0	0	0	0	4	6	0	4	0	2	0	0	0	0	0	2	8	2	0	0	0	0	4	0	0	2	0	0	0	2	4	0	0	0	0	2	2	0	0	0	0	2	2	0	0	0	4	2	0	0	0	0	0	0	0	0	2	2	0	0	0	0	0	0	0	2	0	0	0	0	2	0	0	0	0
20.17	0.5	0	0	0	0	0	0	0	0	0	2	0	0	0	2	6	6	0	0	0	0	0	0	0	0	0	0	0	2	0	0	0	0	2	0	0	0	0	4	0	2	0	0	0	0	0	0	0	2	0	2	0	0	0	2	0	2	0	0	2	0	0	0	0	0	0	0	0	0	0	0	0	0	0	0	0	0	0	0	0	0	2	2	0	2	2	2	0	0	0	0	2	0	0	2	0	0	0	0	0	0
20.18	0.68	0	0	0	2	0	0	0	0	0	0	0	0	0	0	0	2	2	0	0	2	0	0	0	0	0	2	2	0	0	2	0	0	0	0	4	0	2	0	0	0	2	0	2	0	0	0	0	0	0	0	2	0	0	0	0	0	0	0	0	0	0	0	2	0	0	0	2	0	0	0	0	6	0	0	2	0	0	2	4	0	2	0	0	2	2	0	0	0	4	4	0	2	0	0	2	4	0	0	0	2
20.19	0.76	0	0	0	0	2	2	0	0	0	0	0	0	4	0	0	0	0	2	6	0	2	0	0	2	0	4	0	0	0	0	0	0	0	4	0	2	0	0	0	0	2	0	0	0	0	0	0	2	0	0	0	0	2	0	2	2	0	2	0	2	0	2	2	2	0	0	0	0	0	0	0	6	0	0	0	0	2	4	0	0	0	4	2	0	0	0	0	0	0	0	2	0	2	2	0	0	0	0	2	0
20.2	0.62	4	0	0	2	0	0	0	0	0	0	0	0	0	0	0	0	0	0	0	0	4	0	2	0	0	0	0	0	0	0	0	0	0	2	0	0	2	2	0	2	0	0	0	0	0	0	0	2	2	0	0	0	2	0	0	2	0	0	2	0	0	4	0	0	0	0	0	2	0	0	2	0	2	2	0	2	0	0	0	0	0	4	0	2	0	4	0	0	0	2	2	0	2	0	0	2	0	0	0	0
20.21	0.78	2	0	0	0	0	0	0	2	0	0	0	0	0	2	2	2	2	2	0	0	2	0	0	4	0	2	0	0	0	0	0	0	0	0	0	2	0	0	0	2	0	0	0	4	0	0	0	6	0	2	4	2	0	0	2	0	0	2	0	4	0	0	0	2	0	0	2	0	2	0	2	2	0	2	2	0	0	0	0	0	0	2	0	0	0	0	0	0	0	0	0	0	2	0	4	2	0	2	0	0
20.22	0.36	2	0	2	0	2	2	0	2	0	0	0	2	2	0	0	0	0	0	0	0	0	0	0	0	0	0	0	2	0	4	0	0	0	0	0	0	0	2	0	0	0	0	0	0	0	0	0	2	0	0	2	0	0	0	0	0	0	0	0	0	0	0	0	0	0	0	0	0	0	0	2	0	0	2	0	2	0	0	0	0	0	0	2	0	0	0	0	0	0	0	0	0	0	0	0	0	0	0	2	0
20.23	0.52	0	0	0	2	0	0	0	0	0	2	0	0	0	0	0	0	0	0	0	0	0	0	0	2	2	0	0	0	2	0	0	2	0	2	0	0	0	0	0	0	0	0	0	2	0	0	0	0	0	0	2	0	4	2	0	0	0	0	4	2	0	0	0	0	0	0	0	0	0	2	2	0	0	0	2	0	2	0	2	0	0	2	0	2	0	0	4	0	4	0	0	0	0	0	0	0	0	0	0	0
20.24	0.52	0	0	0	4	0	0	4	2	0	0	0	0	0	0	0	0	0	0	2	0	0	0	0	0	0	0	0	0	2	0	0	0	2	0	0	0	0	0	0	0	0	0	0	4	2	0	0	0	8	0	0	0	0	0	0	0	0	2	0	0	0	0	0	0	0	0	0	0	0	2	0	0	0	0	0	0	2	2	0	0	2	0	0	0	0	0	0	0	2	4	2	0	0	0	0	0	0	0	2	2
20.25	0.58	0	0	0	2	0	2	0	0	4	4	2	0	0	0	0	0	0	0	0	0	0	0	0	0	0	0	0	2	0	4	2	0	0	0	0	0	0	0	0	0	0	0	4	2	0	0	0	0	0	0	0	2	0	0	2	0	2	0	0	0	0	0	2	0	2	0	0	0	0	2	0	0	0	0	2	0	0	0	0	0	0	0	0	0	0	0	0	0	0	0	0	0	2	0	4	0	4	2	4	0
20.26	0.68	0	2	0	2	0	0	4	2	0	0	0	0	0	0	0	0	2	0	0	0	0	0	2	0	2	0	0	4	0	0	0	0	0	0	0	0	2	4	2	0	0	0	4	0	0	0	0	0	4	0	0	0	0	0	0	0	0	0	0	0	2	2	0	0	0	0	0	0	2	2	0	4	4	0	0	0	0	0	0	2	2	0	0	2	2	0	0	4	2	0	0	0	2	0	0	0	0	0	0	0
20.27	0.68	0	0	0	0	0	0	0	0	0	0	0	6	2	0	0	2	0	2	0	0	2	2	0	0	0	0	2	0	0	0	0	2	0	0	0	0	6	0	0	0	0	0	0	2	0	0	0	2	2	0	0	0	0	0	0	0	0	2	4	0	0	0	0	0	0	6	2	0	0	0	0	0	2	2	4	0	2	0	4	0	0	0	0	0	0	0	0	2	0	4	0	0	0	0	0	0	2	0	0	0
20.28	0.46	0	0	0	0	2	0	0	0	0	0	0	0	0	2	2	0	0	2	0	0	2	0	2	0	0	0	2	2	0	2	0	0	0	0	0	0	2	0	0	0	0	0	0	0	0	0	0	0	0	2	0	0	0	2	0	2	0	0	0	2	0	0	0	0	2	0	0	0	0	0	0	0	2	0	2	0	2	2	0	0	0	0	0	0	0	0	0	0	0	0	0	0	0	0	0	2	0	0	4	2
20.29	0.76	0	0	0	0	2	4	0	0	0	0	0	0	0	0	2	0	0	0	0	0	2	0	0	0	0	0	2	2	0	0	2	0	2	2	0	0	0	0	2	0	0	2	0	2	0	0	0	4	0	2	0	0	0	2	0	0	0	0	2	0	0	0	0	0	0	4	0	2	2	6	2	0	0	2	2	4	0	0	0	0	0	2	0	0	0	0	4	0	0	0	0	0	4	0	4	0	2	0	0	0
20.3	0.5	0	0	0	0	0	0	2	0	0	0	0	0	0	0	0	0	0	0	0	2	0	0	0	0	4	4	0	4	2	0	2	0	0	0	0	4	0	2	0	0	2	0	4	0	0	0	0	0	0	0	0	0	0	0	2	0	0	0	0	0	0	0	0	0	0	0	2	0	0	0	0	0	0	0	0	0	0	2	0	0	0	2	0	2	0	0	0	0	0	0	2	0	0	0	2	0	2	0	0	2
20.31	0.62	0	0	0	0	0	0	4	0	0	2	2	0	0	0	0	0	2	0	6	0	0	0	0	2	0	0	0	2	2	0	0	0	0	0	4	0	0	0	4	0	0	2	0	0	0	0	2	0	0	0	2	0	0	0	0	0	0	0	0	0	0	0	0	4	2	0	2	0	0	0	0	0	0	0	0	0	0	2	0	0	0	2	4	2	0	2	0	0	4	0	0	0	2	0	0	0	0	0	0	0
20.32	0.52	4	0	0	0	0	0	0	0	0	0	0	0	0	0	0	0	0	0	0	0	0	0	0	0	0	2	0	0	2	0	0	0	0	2	0	0	0	2	0	0	0	0	0	0	0	4	0	0	0	0	0	0	0	0	0	0	0	0	0	2	0	0	0	4	4	2	4	2	0	0	0	2	4	0	0	0	0	0	2	0	0	0	0	2	2	0	0	2	0	2	0	0	0	0	0	0	0	0	0	2
20.33	0.7	0	0	0	0	0	0	0	0	0	0	0	0	0	4	0	0	0	4	0	0	0	0	0	4	2	0	0	0	2	0	2	2	0	2	0	0	2	0	0	2	0	0	0	4	4	0	0	0	0	0	2	0	0	0	0	0	4	0	0	0	0	0	0	0	0	2	0	2	0	0	2	0	0	0	0	0	0	2	2	2	0	0	0	2	0	2	4	0	0	2	2	0	0	2	2	0	0	2	0	0
20.34	0.52	0	0	2	0	0	0	0	0	0	0	0	0	0	0	0	0	0	0	0	0	0	0	0	0	2	2	0	0	0	0	0	0	0	0	0	0	0	0	0	0	0	0	0	0	0	6	0	0	2	0	0	4	0	0	2	0	0	0	0	0	0	2	0	0	0	0	0	0	0	2	2	0	0	4	0	4	0	2	0	0	0	0	2	0	0	0	2	0	4	4	0	2	0	0	0	0	0	2	0	0
20.35	0.6	0	0	2	0	0	0	0	2	0	0	0	0	4	0	2	0	0	0	2	0	0	0	0	2	2	0	0	0	0	0	0	0	0	2	4	2	0	2	0	0	0	0	0	0	2	0	0	2	0	0	0	2	0	0	2	2	0	0	4	2	0	0	4	0	0	2	0	0	0	2	0	0	2	0	2	0	0	0	0	0	0	0	0	0	0	0	0	0	4	0	0	0	0	0	0	0	0	0	0	2
20.36	0.66	0	0	0	0	0	0	0	4	2	0	2	2	2	0	0	0	0	2	0	0	0	0	0	0	0	4	0	0	4	0	0	0	0	2	2	6	0	0	0	2	0	0	4	0	0	2	0	0	0	0	0	0	0	0	0	0	2	0	0	0	0	2	2	0	0	0	0	0	0	2	0	2	0	0	0	0	0	4	2	0	2	0	0	0	0	0	0	0	0	4	0	0	2	0	0	2	0	0	0	0
20.37	0.4	0	0	2	0	4	0	0	0	0	0	0	0	0	0	0	0	0	0	0	0	2	0	0	0	2	0	0	2	0	0	0	0	0	0	0	0	0	0	0	2	0	4	0	0	0	0	0	0	0	0	0	0	0	0	0	0	0	0	0	0	0	0	0	0	0	0	0	2	0	0	0	0	2	4	0	0	0	0	0	2	0	0	2	0	0	0	0	0	4	0	0	2	0	0	2	0	2	0	0	0
20.38	0.5	0	0	0	0	0	2	0	0	0	2	6	0	0	0	0	2	0	0	2	0	0	0	0	0	0	0	0	0	0	0	2	0	0	0	0	2	0	0	0	2	0	0	0	0	2	0	2	0	0	0	0	0	0	0	0	0	0	0	0	0	0	2	0	4	0	0	0	0	0	2	0	0	0	2	2	2	2	0	0	2	0	0	0	0	0	2	0	0	2	2	2	0	0	0	0	0	0	0	0	0
20.39	0.6	2	0	0	0	0	0	0	2	0	2	0	0	2	0	0	0	0	0	2	0	0	2	2	0	0	0	0	0	0	0	0	0	2	4	2	2	2	0	0	0	0	0	0	0	0	0	0	0	0	0	0	0	0	0	0	0	2	0	0	0	0	2	2	0	0	0	0	0	2	0	2	0	0	6	0	0	0	0	4	2	2	4	0	0	0	0	0	0	4	0	0	0	0	0	0	0	0	2	0	0
20.4	0.74	0	2	0	0	0	0	0	2	0	6	0	0	2	0	0	0	0	2	0	0	0	0	0	2	0	0	0	2	0	0	2	0	0	0	2	0	0	0	2	0	0	0	4	0	2	0	0	0	0	4	0	0	0	0	0	0	2	4	0	6	0	2	0	0	4	0	0	0	2	0	0	0	0	0	0	0	0	0	0	2	0	0	4	0	0	2	0	0	6	2	0	0	2	0	0	0	2	0	0	0
20.41	0.76	0	4	0	2	0	4	2	0	0	2	0	0	0	2	0	0	0	6	0	4	0	0	0	2	0	0	0	0	0	0	0	2	0	0	0	0	0	0	0	0	2	0	0	2	0	0	0	2	0	0	2	0	0	0	0	2	0	0	0	0	2	2	4	0	0	0	2	0	0	0	4	0	0	2	0	0	0	0	0	2	0	0	0	2	4	4	0	0	2	0	0	0	0	2	0	0	0	0	0	4
20.42	0.6	0	0	0	0	4	0	2	0	0	0	0	0	0	2	0	6	0	4	2	0	0	0	2	0	0	0	0	0	0	0	4	0	0	0	0	0	4	0	0	4	0	2	2	0	0	0	0	0	0	0	0	4	0	4	0	2	0	0	0	0	0	2	0	0	0	0	0	0	0	0	0	0	0	2	0	0	2	2	0	0	0	0	0	0	0	0	0	0	4	0	0	0	0	0	0	0	0	0	0	0
20.43	0.64	0	0	0	0	0	0	0	0	0	2	0	0	0	0	2	0	0	0	2	0	2	0	0	0	2	0	0	0	2	0	0	2	0	0	6	0	2	0	0	0	2	2	2	0	2	0	0	2	0	0	2	0	2	0	0	0	0	0	0	2	2	0	0	0	0	0	0	0	0	2	0	2	0	0	0	2	4	4	0	0	0	2	0	0	4	0	0	0	0	0	0	0	2	0	0	2	0	0	0	0
20.44	0.56	0	0	0	0	0	0	0	2	0	0	0	6	0	0	0	0	0	0	0	2	0	8	0	0	0	0	0	2	0	2	0	0	0	2	0	0	0	2	0	0	0	4	0	0	0	0	4	2	0	0	4	0	0	0	2	0	0	0	0	0	0	2	0	0	0	0	0	0	4	2	0	2	0	2	0	0	0	0	2	0	0	0	0	0	0	0	0	0	0	0	0	0	0	0	0	0	0	0	0	0
20.45	0.6	0	0	0	0	0	0	2	0	0	0	4	0	0	2	2	0	0	0	0	2	0	0	2	0	4	0	2	2	0	4	0	0	0	0	2	0	2	0	0	0	2	0	0	2	0	2	0	0	0	2	0	2	0	0	0	0	0	0	0	0	0	0	0	0	0	2	0	0	0	0	2	0	0	4	2	0	0	0	0	0	0	0	0	0	0	0	2	0	4	0	0	0	0	0	0	2	2	0	0	0
20.46	0.84	0	2	0	0	0	2	0	0	0	2	0	0	0	0	6	0	4	0	4	0	0	0	0	0	0	0	2	0	2	0	2	4	4	0	0	0	0	0	0	0	2	0	6	0	2	2	0	0	0	0	0	0	0	0	0	0	2	2	0	0	0	2	0	0	0	2	0	0	0	2	0	0	0	2	0	0	0	0	4	0	2	2	0	4	0	0	2	0	0	0	4	0	0	2	0	2	2	0	0	2
20.47	0.56	0	0	0	0	0	0	0	0	0	2	0	0	0	0	0	0	0	0	0	0	0	0	0	2	0	0	2	0	0	0	4	4	0	0	0	0	2	0	0	0	2	0	0	0	0	4	0	0	0	0	0	2	0	4	0	0	0	4	0	4	0	0	0	0	0	0	2	0	0	0	0	0	0	0	0	0	0	0	0	0	0	0	0	2	0	0	0	0	0	0	6	4	2	0	2	0	0	0	2	0
20.48	0.6	0	0	0	0	0	0	0	2	0	0	0	0	0	0	0	2	0	2	0	0	0	0	0	0	0	0	2	0	4	2	2	2	2	0	0	0	0	0	0	2	0	0	0	6	0	0	2	2	0	0	0	4	0	0	0	0	0	2	0	2	2	0	0	0	2	0	2	0	0	0	0	0	0	0	2	0	0	0	0	0	2	2	0	0	0	0	2	0	0	0	0	0	2	0	2	2	0	0	0	0
20.49	0.84	0	0	0	0	4	0	0	2	0	0	2	2	2	2	0	0	0	4	0	0	2	0	0	2	4	6	2	0	0	0	0	2	0	2	2	0	0	2	2	0	0	0	0	0	4	0	0	0	0	2	0	0	2	2	0	0	0	0	0	0	0	2	4	0	0	0	2	2	0	0	0	2	0	0	4	0	0	2	0	0	0	0	0	0	0	2	0	2	2	2	0	0	0	0	0	2	0	2	0	0
20.5	0.82	0	0	0	0	0	2	0	0	0	2	2	0	2	0	2	4	0	0	2	2	2	0	0	2	0	0	0	2	0	0	6	0	0	0	4	4	4	2	0	0	2	0	0	2	2	0	0	2	0	0	2	0	0	0	0	4	0	2	0	0	0	0	0	2	0	0	0	0	0	0	2	2	0	0	0	2	6	0	0	0	2	0	0	0	2	0	0	0	0	0	0	0	0	0	0	2	2	0	0	0
20.51	0.48	2	0	0	2	0	2	0	0	2	0	0	0	0	2	0	0	0	0	0	0	2	0	0	0	0	0	0	0	0	0	4	0	0	0	0	2	0	0	0	0	0	0	0	0	0	0	0	2	0	0	0	0	0	0	0	0	0	0	0	2	0	0	0	0	0	0	0	0	0	0	0	0	0	2	0	2	0	2	2	0	2	2	0	0	2	4	0	0	2	0	0	0	0	0	2	0	0	0	0	4
20.52	0.58	0	0	0	2	2	0	2	0	0	0	0	0	2	0	0	0	0	0	2	0	2	0	0	0	4	0	0	0	0	2	0	2	0	0	0	0	0	0	0	0	0	0	0	0	0	2	0	0	0	2	0	0	0	2	2	0	0	0	0	0	0	4	0	0	0	0	0	0	0	0	0	0	0	0	0	0	0	2	2	4	0	2	8	0	0	0	0	0	0	2	2	0	0	0	4	0	0	0	0	0
20.53	0.72	0	2	0	0	0	0	0	0	0	4	0	0	0	0	0	0	0	2	0	0	0	0	2	6	0	0	0	0	2	0	0	2	2	2	6	0	0	2	0	0	0	2	4	2	0	2	0	2	0	0	0	0	0	0	0	0	0	0	0	0	0	2	0	0	0	0	0	0	0	2	2	0	0	2	0	0	0	2	0	0	2	0	0	0	2	0	0	2	2	0	0	4	2	2	0	0	0	0	0	2
20.54	1	0	0	0	0	4	4	0	2	0	0	0	4	2	0	6	2	0	0	4	0	0	0	0	2	0	2	0	0	0	0	0	0	2	0	0	0	4	2	2	0	0	2	0	0	4	0	2	2	0	2	0	0	2	2	0	0	0	0	0	0	2	0	0	0	2	2	2	0	0	0	4	0	0	0	0	4	0	0	4	2	0	0	4	2	2	0	0	4	0	0	2	0	0	6	0	0	0	0	0	0
20.55	1	2	0	0	0	2	0	0	0	0	0	2	0	0	0	0	2	2	4	2	0	2	0	2	4	0	6	0	0	2	0	0	0	2	0	2	2	0	2	0	0	0	0	0	0	2	2	2	0	2	0	2	0	0	0	0	0	0	0	0	0	2	8	0	0	0	0	0	0	2	0	0	2	2	2	4	0	2	0	0	2	0	8	0	0	2	0	2	6	0	2	0	2	2	0	0	0	0	0	0	0
20.56	0.84	0	2	0	4	0	0	0	0	2	4	0	2	0	0	2	0	0	0	4	0	2	0	2	0	0	0	0	0	0	0	0	0	0	2	2	0	0	0	2	0	0	0	0	0	0	0	4	0	0	0	0	0	0	0	2	2	0	0	0	0	0	4	2	2	2	0	0	0	2	0	2	2	0	2	0	4	0	0	0	0	2	0	0	0	4	2	2	0	0	0	0	4	2	2	4	0	2	0	0	0
20.57	1.2	2	2	0	2	0	0	4	0	0	4	0	4	2	2	2	0	0	2	0	0	0	0	2	2	4	4	2	2	0	4	2	0	0	2	0	0	0	0	6	0	0	2	0	6	0	4	0	2	0	0	0	0	2	0	0	0	4	0	0	2	0	0	0	2	2	0	0	0	4	2	6	0	0	0	4	0	0	0	0	2	0	0	0	0	2	0	0	0	0	2	4	4	0	0	0	0	4	2	0	2
20.58	1.18	0	2	0	2	2	0	0	0	0	2	2	0	2	0	4	0	0	0	0	0	2	0	0	2	0	0	0	2	0	2	0	0	0	0	0	2	2	4	0	2	2	0	0	0	0	0	6	0	2	6	2	4	0	4	2	2	2	2	0	4	0	0	2	2	0	0	2	2	0	0	2	2	0	2	0	2	6	2	0	0	0	0	2	0	0	0	0	6	0	0	0	0	2	2	2	0	0	4	0	4
20.59	0.96	0	0	2	0	0	2	0	0	6	0	0	0	2	0	4	0	0	0	0	0	2	0	2	2	0	0	0	2	2	4	0	2	0	0	2	0	0	4	0	0	4	0	0	0	4	0	2	0	2	0	0	2	0	0	2	2	0	0	2	2	2	0	2	2	0	0	2	0	2	0	0	0	0	2	0	0	0	2	6	2	2	4	0	0	2	0	0	0	0	0	0	0	0	0	0	2	0	4	0	0
20.6	0.96	2	0	0	0	4	4	0	0	4	2	2	0	0	0	0	2	2	0	2	0	0	0	0	0	2	0	0	0	4	2	4	4	0	0	0	2	2	0	0	0	2	0	0	0	0	0	4	0	2	0	2	0	0	4	2	0	0	0	2	2	0	2	2	0	2	2	0	6	0	0	2	4	0	2	0	0	0	0	0	0	0	2	0	2	0	0	0	0	0	0	0	2	0	0	4	0	0	0	0	0
20.61	1.38	0	0	0	2	4	2	2	0	2	2	2	0	2	0	0	0	0	6	0	0	0	4	0	4	2	0	2	6	0	2	2	0	0	0	0	2	0	0	0	0	0	4	0	0	0	0	4	2	6	2	8	0	2	0	4	2	0	0	2	0	0	2	2	2	0	2	2	0	4	2	0	0	2	0	0	0	0	0	2	2	2	4	2	0	0	0	0	4	4	0	0	2	6	0	0	0	0	4	4	0
20.62	1.28	0	2	0	4	0	2	0	0	8	0	6	4	4	2	2	2	2	0	0	2	4	6	0	0	0	0	0	0	2	0	0	0	4	0	0	0	0	2	4	4	2	0	0	0	0	0	4	0	0	4	0	2	0	2	0	0	0	0	0	4	0	2	2	2	0	0	4	2	0	0	6	4	2	2	0	2	0	0	2	0	0	2	0	2	0	0	0	2	6	0	0	0	0	0	0	0	0	2	0	0
20.63	1.44	2	2	4	2	0	0	2	0	0	2	4	2	4	4	10	2	0	2	0	0	0	4	2	2	4	0	0	0	4	0	0	0	0	0	4	0	0	0	4	2	0	2	0	2	2	0	0	2	2	0	0	0	0	2	4	2	0	0	2	4	2	0	0	0	2	2	4	2	0	0	0	0	2	0	0	8	0	0	2	2	2	4	0	6	0	0	0	0	0	0	2	2	2	8	0	0	0	0	0	0
20.64	1.6	0	4	0	2	2	2	4	2	0	0	0	0	6	6	8	2	2	2	0	2	2	0	4	4	0	0	8	2	2	6	0	0	0	0	0	0	2	4	0	2	0	2	0	2	2	4	0	0	0	0	4	0	4	0	0	4	0	0	0	2	2	2	4	4	0	2	4	4	0	0	0	2	4	0	0	0	0	0	4	0	0	2	2	2	0	0	4	0	2	0	0	0	0	0	6	2	2	2	0	0
20.65	1.62	2	2	0	0	6	2	8	8	2	0	0	2	2	0	2	0	0	2	2	0	0	0	0	2	2	2	2	2	0	2	6	6	2	0	2	0	2	0	0	0	0	2	0	0	0	4	4	0	0	0	2	4	0	0	2	2	4	0	4	2	0	4	0	4	0	2	0	6	0	4	2	2	0	0	2	2	0	2	0	2	0	0	2	0	2	0	0	0	0	4	4	4	4	0	0	2	2	0	2	4
20.66	1.88	0	2	0	6	2	0	4	4	6	0	0	0	0	0	0	0	0	4	0	0	2	8	2	0	0	4	2	0	2	0	6	0	2	0	4	0	2	2	2	2	4	0	0	0	2	0	0	2	0	2	8	8	0	2	2	2	0	0	2	2	4	2	6	2	2	2	8	0	4	0	2	0	0	2	0	0	2	0	4	0	2	0	0	6	0	6	2	2	0	0	0	2	2	2	6	0	2	10	0	2
20.67	1.54	2	0	0	2	0	2	8	2	4	4	2	0	2	2	0	2	2	0	0	0	0	0	0	2	0	2	4	2	2	2	0	0	0	2	2	0	6	2	0	2	0	2	0	4	2	0	0	2	0	2	0	2	4	0	2	2	0	2	0	0	2	0	4	4	0	2	2	2	0	6	0	0	0	0	0	8	0	2	0	0	0	8	4	0	6	0	0	0	2	6	2	0	0	0	0	0	0	2	6	0
20.68	1.98	4	2	0	2	0	2	0	2	0	2	2	0	2	4	6	0	6	4	4	2	6	0	2	6	2	0	2	8	2	4	2	2	6	0	0	2	0	4	2	4	0	0	2	2	2	2	0	0	6	0	0	2	4	0	0	0	0	2	2	10	0	2	2	2	4	2	4	0	4	0	0	2	0	2	0	0	4	6	4	0	2	0	0	0	2	4	2	0	0	0	2	4	0	2	0	6	0	4	0	0
20.69	2.32	0	0	2	0	2	0	0	6	0	4	0	0	2	4	2	0	0	4	4	2	4	0	4	0	0	0	8	2	0	2	6	0	0	2	10	0	4	12	0	4	0	4	4	2	0	0	0	0	4	4	2	2	4	2	6	6	2	2	4	2	0	4	0	2	4	2	2	8	0	0	6	2	2	0	2	2	4	4	6	0	4	2	0	2	2	0	2	2	0	4	0	8	0	4	2	0	6	0	0	4
20.7	3.12	4	2	6	2	0	2	0	2	4	2	2	0	2	4	4	0	2	4	0	2	0	4	0	2	4	12	8	2	0	4	0	2	2	4	12	2	6	2	6	2	0	2	6	2	12	6	12	2	2	2	2	2	4	8	4	4	2	0	4	2	0	2	6	0	2	4	4	0	4	0	0	0	2	6	8	0	2	2	2	0	2	2	8	6	4	8	2	2	6	0	2	0	4	2	2	4	4	8	4	2
20.71	2.8	4	0	2	0	0	0	0	4	0	4	2	0	6	0	0	0	12	2	2	2	6	0	0	2	0	6	4	4	0	6	4	0	2	0	4	4	2	6	4	2	4	4	2	0	0	0	2	0	2	0	2	2	4	4	4	0	2	0	4	8	4	6	2	0	8	4	4	2	4	0	6	2	8	2	0	6	2	4	6	6	0	0	2	0	6	4	4	2	6	6	8	2	0	6	4	4	0	6	2	2
20.72	3.64	4	0	2	2	2	0	2	2	4	2	2	0	10	2	4	2	6	6	0	2	4	4	2	2	2	6	2	2	4	2	4	6	2	4	4	4	4	0	4	0	2	0	2	8	4	6	2	2	2	10	2	0	0	2	4	2	2	6	4	4	6	6	0	0	6	2	4	0	0	0	8	6	2	0	4	8	4	0	10	6	2	14	6	0	4	6	8	8	4	2	6	0	4	10	2	6	8	2	20	0
20.73	3.92	6	8	6	6	10	6	8	4	4	0	0	4	2	0	2	4	6	8	4	4	0	12	4	0	4	2	6	8	0	6	4	2	0	2	2	4	4	12	4	0	4	6	8	6	8	2	4	2	6	0	6	2	2	2	2	4	2	2	4	0	2	0	0	6	2	6	4	0	4	0	4	8	4	2	2	2	10	4	16	0	4	2	6	8	14	4	6	4	6	2	0	2	4	4	0	2	0	4	2	2
20.74	5.16	2	6	8	6	2	0	4	2	2	2	2	0	4	4	2	8	2	0	4	6	2	2	4	8	6	4	6	4	4	0	6	6	2	6	4	6	6	6	8	10	4	2	4	10	2	6	2	12	6	2	6	6	14	6	4	10	4	10	0	4	10	0	8	6	6	8	2	6	6	8	8	8	8	6	6	4	2	6	2	6	0	8	16	6	6	18	4	2	2	2	4	2	6	0	12	6	10	4	10	2
20.75	6.02	0	6	2	0	4	6	2	8	4	10	6	10	2	6	2	2	8	8	8	6	8	8	2	4	2	4	8	12	8	6	12	6	4	0	6	2	2	6	0	6	8	2	14	6	12	2	6	8	4	2	4	6	2	0	10	6	4	8	2	6	6	6	8	12	10	4	6	2	4	6	2	10	10	4	12	6	4	10	2	12	0	10	12	12	10	12	8	10	4	4	4	4	10	6	18	2	6	10	2	4
20.76	6.78	4	4	16	6	4	8	4	2	8	0	8	8	8	2	8	6	6	10	4	10	6	2	6	4	6	6	6	10	12	10	4	2	0	2	6	4	4	6	6	16	2	10	8	8	2	14	12	4	4	10	8	6	0	6	8	2	4	12	4	4	14	4	4	8	4	6	6	16	6	0	14	6	6	10	12	6	6	8	10	6	4	10	6	6	6	2	4	2	12	12	12	2	2	8	18	8	6	14	12	8
20.77	6.78	6	4	10	2	14	10	12	4	2	6	4	2	2	14	4	0	4	4	12	10	0	2	4	2	2	6	10	10	4	6	16	2	8	6	6	6	4	4	4	12	12	6	2	6	6	4	2	14	6	10	12	6	4	2	4	6	4	12	4	4	2	16	10	8	4	8	4	8	4	6	16	2	6	4	6	20	10	14	18	16	4	8	6	4	6	6	10	4	2	4	16	6	8	0	14	6	6	12	4	4
20.78	9.14	6	6	10	0	14	12	2	10	8	6	6	6	14	16	14	14	12	12	4	6	2	14	2	6	12	6	12	8	2	16	8	6	4	12	10	8	6	14	12	8	6	10	16	14	10	8	18	12	14	4	22	6	10	4	10	8	6	8	12	8	4	12	10	8	6	12	22	8	16	8	8	10	12	14	4	18	16	12	12	10	10	0	12	6	14	10	4	14	8	10	4	6	6	4	6	10	4	2	2	8
20.79	9.74	6	8	18	14	6	8	6	6	12	6	12	12	4	4	2	20	6	8	4	16	2	8	14	18	14	12	6	22	4	8	12	2	6	12	10	10	10	10	8	10	10	2	4	10	12	14	2	12	10	10	16	6	18	20	6	8	6	22	12	6	6	2	2	8	18	14	6	10	8	2	10	8	14	10	14	2	14	2	8	10	10	18	8	10	12	4	6	8	14	6	14	18	8	22	10	12	12	14	10	8
20.8	13.1	16	16	10	4	12	6	14	20	14	16	12	14	12	8	14	8	14	10	14	14	10	24	12	22	6	14	16	12	10	8	10	10	8	12	20	16	20	8	14	10	6	14	2	12	6	10	4	10	20	14	6	14	14	20	8	26	8	18	14	18	12	20	8	10	16	16	14	20	18	6	4	12	20	16	12	20	10	16	14	12	16	14	20	6	10	8	18	16	12	22	14	10	14	18	14	22	8	18	8	12
20.81	13.8	2	8	10	20	14	12	24	8	12	22	14	10	10	18	12	4	10	14	10	14	16	12	12	12	16	8	16	8	8	10	8	24	6	8	8	8	14	32	12	32	4	12	20	22	22	16	8	10	6	12	8	0	30	14	12	20	24	14	16	8	8	16	4	14	28	16	24	18	8	12	18	12	12	12	14	14	18	12	12	6	20	14	14	30	16	12	8	12	4	14	26	8	8	14	24	20	16	18	10	18
20.82	15.94	12	2	16	14	20	22	8	6	18	14	32	14	8	16	12	20	18	12	12	20	10	24	18	12	20	12	18	12	16	18	20	22	14	18	12	24	14	18	20	10	8	10	20	18	22	8	8	12	16	14	14	12	8	14	16	18	14	24	16	18	30	24	18	16	20	18	10	18	18	22	12	10	22	10	12	26	18	24	12	8	18	22	30	18	24	24	10	10	14	14	14	26	18	20	10	16	14	10	4	12
20.83	18.14	14	10	14	20	12	10	24	14	18	22	16	16	10	20	18	18	26	18	22	6	32	24	12	24	18	12	14	6	18	10	18	6	36	14	14	12	20	32	22	16	18	14	24	14	30	28	14	20	18	22	14	16	16	22	18	8	16	26	26	8	28	28	24	26	24	26	28	18	14	6	26	22	40	18	10	20	20	18	18	26	16	12	20	18	12	22	20	20	14	8	14	12	18	16	20	18	22	14	6	12
20.84	20.62	28	16	18	18	26	22	10	16	14	28	16	12	12	22	26	20	18	12	8	30	24	14	14	26	26	18	4	18	18	12	16	16	30	22	28	12	16	24	18	30	24	28	18	12	20	24	24	22	24	30	32	16	16	18	12	18	18	22	18	22	36	20	24	26	14	24	38	38	28	20	12	6	22	22	14	34	20	18	14	34	32	12	36	10	14	24	20	14	24	18	16	18	20	24	38	14	20	14	32	22
20.85	23.12	18	12	32	30	32	16	24	18	22	4	24	26	16	6	20	16	32	22	32	26	30	32	32	26	12	24	34	18	16	22	14	20	22	28	16	26	26	16	24	24	26	10	26	14	28	20	18	40	18	18	16	36	12	24	14	14	36	34	26	20	24	28	24	20	16	30	22	16	22	30	10	16	20	14	34	24	20	30	28	24	36	32	12	30	30	18	30	32	30	24	24	30	26	38	24	22	16	20	30	16
20.86	24.2	18	18	18	20	12	28	20	10	14	30	18	30	18	20	10	18	8	20	24	28	28	30	28	18	30	34	28	22	22	22	38	12	14	24	16	14	26	34	12	20	24	24	36	36	38	28	34	26	18	26	20	24	20	36	40	24	22	22	30	24	22	26	14	24	22	16	38	24	28	18	32	18	34	30	14	12	22	46	26	24	34	30	12	38	28	18	26	26	22	30	20	24	16	24	26	34	22	26	24	44
20.87	26.26	30	14	20	30	18	26	22	24	12	22	20	28	12	26	18	34	24	30	22	26	22	30	22	28	26	32	24	18	14	22	20	20	26	14	26	34	26	40	14	26	26	10	34	34	36	24	24	28	28	24	50	18	12	32	26	44	36	10	26	14	22	32	18	34	20	40	46	26	8	24	24	36	26	48	36	24	32	24	22	28	42	28	30	18	26	28	26	38	36	34	30	30	24	24	18	32	22	24	34	34
20.88	29.06	36	28	46	24	24	26	14	28	36	24	16	30	22	26	22	20	28	22	36	22	38	36	22	26	22	30	24	34	40	40	50	28	26	38	30	14	26	28	26	20	22	18	30	26	34	30	30	30	24	36	22	32	40	36	30	36	38	32	10	18	40	46	36	42	24	28	28	26	30	18	44	22	30	28	32	36	14	30	46	20	26	22	36	10	24	26	22	14	18	18	32	32	36	42	38	40	54	24	26	44
20.89	31.34	30	22	28	34	20	12	30	28	20	16	34	22	16	28	28	40	24	30	22	44	18	30	38	34	30	32	26	18	22	28	38	36	34	26	22	40	38	36	24	34	40	40	36	30	42	42	32	40	36	34	42	30	28	34	32	30	16	40	22	36	38	32	24	38	34	44	12	38	34	46	26	28	16	26	38	20	32	28	40	34	44	34	40	34	28	22	38	26	32	40	44	36	38	20	48	24	52	24	30	38
20.9	34.86	32	36	28	46	32	38	48	26	32	30	42	18	18	30	34	26	40	40	34	30	28	40	28	30	44	46	42	34	38	42	24	30	26	36	24	34	30	34	38	32	34	40	26	42	36	44	30	40	46	44	28	48	24	10	28	28	40	24	48	40	24	66	42	44	34	36	30	52	32	36	28	24	44	42	40	26	36	14	40	42	52	46	26	28	36	34	34	36	30	40	42	32	22	44	42	38	32	38	34	28
20.91	37.72	28	36	50	42	48	38	44	30	34	38	40	50	48	48	50	12	22	46	32	32	44	40	44	32	48	50	48	20	34	32	36	24	28	16	34	46	40	36	34	32	26	34	36	40	28	42	30	36	32	56	38	38	42	48	36	58	14	40	50	52	52	36	40	30	30	52	26	22	20	26	50	38	34	38	20	48	28	42	38	54	24	32	38	44	44	50	40	40	32	40	46	32	22	34	42	68	44	44	24	46
20.92	38.74	42	26	56	40	40	44	52	42	22	44	28	42	38	20	38	38	26	30	38	36	24	32	32	40	40	38	26	56	26	22	28	36	34	46	30	32	78	48	50	34	42	38	50	26	20	36	32	36	62	26	28	56	46	24	36	38	42	46	24	40	50	38	40	38	50	28	24	44	30	46	22	48	22	52	38	62	26	28	36	50	46	46	48	48	52	46	32	34	24	26	30	64	50	28	44	58	38	46	48	52
20.93	40.82	32	32	46	34	26	36	52	58	40	52	24	32	48	46	34	42	26	44	30	52	42	30	36	30	48	50	34	62	40	36	26	34	48	26	32	44	46	48	44	40	50	56	48	34	48	20	40	28	62	36	56	54	34	48	60	36	28	52	36	42	34	42	26	30	34	62	48	42	34	42	48	46	48	38	28	36	54	62	18	36	22	52	34	40	42	40	44	34	46	30	44	36	30	54	38	46	32	64	54	42
20.94	43.08	38	34	46	34	52	40	34	36	22	36	46	24	50	38	40	48	34	52	42	56	48	46	46	38	40	44	42	42	46	50	50	26	46	26	36	24	40	42	40	60	46	40	46	38	44	56	42	50	54	48	56	38	38	32	40	38	48	60	50	48	66	46	58	52	46	62	34	46	44	42	34	54	34	36	40	34	36	54	26	34	52	48	48	36	42	32	46	20	46	32	64	20	70	64	54	48	38	50	20	54
20.95	45.86	52	48	36	58	54	54	36	48	48	40	30	44	42	44	40	44	40	60	50	50	56	42	38	38	46	56	42	48	58	32	54	46	32	62	36	46	40	66	32	46	48	44	30	40	46	48	22	52	56	44	42	60	54	34	52	32	22	38	62	30	38	42	40	34	60	38	34	60	56	58	38	42	56	50	46	38	52	54	48	24	48	56	50	40	50	30	42	44	56	50	58	32	66	52	64	56	52	34	62	46
20.96	48.28	54	38	52	50	30	48	36	44	44	56	56	46	42	34	56	36	48	72	46	60	62	46	60	60	40	46	40	36	48	50	38	44	56	46	58	52	40	38	54	52	34	38	54	44	60	34	56	46	46	54	62	54	44	64	34	40	34	46	60	68	54	46	48	72	44	36	34	54	34	66	68	32	44	44	34	52	62	54	48	34	58	72	56	44	50	66	46	52	54	44	30	42	60	50	38	48	36	36	58	42
20.97	51.32	40	64	52	28	44	52	66	52	44	40	38	60	66	48	38	26	50	42	60	44	44	70	46	44	60	56	60	42	62	38	68	38	50	58	38	44	42	40	58	42	36	48	44	48	52	44	44	56	52	44	64	60	64	56	48	46	48	46	50	56	58	36	60	54	50	48	44	52	62	46	56	50	70	44	58	66	62	52	76	48	50	30	74	60	54	52	34	56	56	58	70	48	60	68	52	52	48	54	48	56
20.98	53.3	42	64	42	36	32	48	56	50	50	54	56	42	50	42	58	42	60	54	56	56	42	54	28	50	62	50	40	62	72	44	58	70	30	46	70	36	32	42	48	34	44	64	50	74	62	40	60	60	64	48	68	88	56	58	40	44	60	52	50	42	66	64	56	52	42	64	70	42	44	74	84	44	40	68	40	72	50	58	38	58	54	70	60	66	64	50	64	54	50	52	58	52	72	42	44	54	58	40	88	28
20.99	56.56	60	42	70	50	38	66	58	52	36	60	74	44	44	34	50	68	54	68	58	46	54	66	50	56	58	74	82	56	42	50	76	50	56	62	60	46	46	60	44	72	48	54	56	52	60	54	48	58	74	42	62	50	32	58	68	48	40	64	68	38	46	60	56	48	44	66	70	62	90	64	56	64	56	60	56	70	42	56	58	58	56	50	46	68	46	78	40	64	70	68	44	84	64	54	38	60	68	50	54	66
21	60.08	58	46	46	48	60	78	62	60	34	54	52	52	86	70	56	66	46	48	76	64	74	44	60	66	28	46	54	68	56	72	40	80	66	46	78	48	54	60	64	64	70	72	62	54	74	58	60	76	46	68	76	66	42	68	74	64	64	40	58	56	70	52	80	56	34	82	66	58	46	64	60	62	60	52	66	62	78	44	56	66	94	32	52	68	66	54	58	64	62	66	50	46	56	50	48	66	76	68	80	60
21.01	63.02	54	82	84	70	44	68	72	56	52	52	48	68	64	54	56	70	56	66	48	74	50	78	62	50	58	54	44	50	68	64	64	56	48	68	56	64	52	56	50	78	64	58	48	46	72	70	60	32	50	64	56	90	48	58	64	62	74	68	88	78	48	84	58	58	64	62	62	56	62	76	90	54	50	74	56	54	48	84	76	72	102	44	54	72	60	70	76	66	56	74	64	52	72	64	72	64	64	80	102	48
21.02	64.96	60	46	36	64	50	38	76	74	66	52	94	66	96	50	34	86	50	58	78	50	60	48	58	62	54	66	42	74	48	58	74	62	54	56	64	66	66	68	60	46	54	70	92	62	50	68	66	66	90	50	60	82	54	40	74	52	54	82	72	72	68	54	88	76	62	70	70	86	72	60	98	68	64	56	60	78	32	64	92	64	60	54	88	56	80	76	62	80	58	74	74	58	54	76	80	80	66	60	94	64
21.03	66.26	50	66	50	56	54	50	72	72	58	48	58	56	60	46	80	72	48	56	58	68	70	66	56	50	64	44	54	56	70	74	66	78	64	78	64	68	78	72	62	64	62	74	78	100	58	32	64	52	58	62	46	64	70	80	42	78	94	58	78	52	62	74	102	44	64	72	76	90	72	64	104	84	56	66	82	58	58	62	76	74	90	64	78	80	88	72	52	80	76	68	84	62	64	64	74	40	70	82	68	52
21.04	70.9	66	78	64	80	52	64	64	82	62	56	80	66	62	56	94	82	68	66	86	68	56	70	66	72	44	58	60	52	62	50	52	82	68	68	76	78	82	68	94	84	80	64	78	110	92	72	72	78	78	68	68	60	50	82	68	88	80	46	78	72	76	68	78	62	72	78	64	54	74	64	44	74	70	82	52	68	42	82	56	64	84	78	72	70	90	74	78	66	84	82	76	68	68	84	78	84	74	92	62	80
21.05	72.42	72	78	50	68	80	80	54	62	76	64	70	56	48	74	60	74	50	68	70	50	92	60	68	84	90	54	48	74	82	84	66	58	100	76	68	74	70	74	88	54	62	86	68	44	54	68	64	64	68	106	96	44	50	82	72	80	70	62	70	86	74	62	62	74	86	92	74	90	66	80	68	98	94	76	62	64	76	62	76	78	60	62	86	60	66	56	74	100	86	88	62	88	118	78	88	86	86	60	94	66
21.06	76.04	74	82	74	60	104	80	52	56	82	66	70	90	70	72	70	46	104	60	74	80	66	72	90	84	70	92	92	66	58	92	86	54	92	58	58	60	68	84	88	76	58	66	76	100	74	68	60	64	78	80	68	84	70	84	92	84	82	100	64	86	46	86	98	72	70	98	80	68	92	72	70	96	78	82	82	78	88	68	84	92	72	82	82	78	48	90	76	76	72	74	46	94	54	70	72	84	78	86	90	70
21.07	77.44	80	66	80	60	70	116	88	72	80	114	48	70	52	66	96	98	56	74	72	68	66	84	92	56	88	52	86	90	58	76	86	64	70	68	68	82	84	98	90	100	78	64	78	76	74	104	60	54	78	50	72	104	80	110	72	102	76	74	64	86	58	68	76	78	92	96	64	90	64	82	80	60	90	80	70	88	94	62	78	84	62	82	84	56	74	76	94	80	44	84	76	94	64	80	102	58	90	84	70	96
21.08	82.24	70	80	68	76	78	92	64	68	60	66	80	86	92	72	100	72	96	68	60	74	68	74	96	66	54	100	88	50	86	80	70	112	64	90	90	60	94	76	84	60	82	88	80	66	90	78	78	100	96	78	90	72	94	82	74	88	82	82	82	64	82	72	70	106	90	68	118	90	68	106	100	76	78	78	100	74	86	92	72	110	66	94	94	78	94	66	104	102	88	86	108	62	76	82	82	104	88	108	76	100
21.09	83.12	62	104	76	62	92	86	68	84	84	58	74	106	86	62	84	48	96	84	94	82	98	72	54	70	116	76	102	80	104	74	96	92	74	72	82	86	76	76	90	88	86	48	102	66	88	66	98	74	66	66	84	84	78	70	86	92	68	96	94	88	78	60	104	88	90	74	100	60	92	92	72	106	84	84	90	74	74	104	90	70	114	86	98	80	76	106	76	78	94	86	112	82	80	90	98	98	74	74	72	82
21.1	87.7	64	76	86	90	88	80	82	94	76	82	92	84	74	82	82	54	108	88	84	86	56	96	90	92	72	128	70	74	84	82	94	94	114	102	84	80	102	70	106	64	90	78	84	68	76	76	86	96	80	110	88	96	100	110	98	76	70	74	92	90	64	82	88	106	100	102	56	98	90	94	74	88	94	100	96	88	98	94	94	94	88	84	100	68	94	78	110	76	104	94	74	100	100	106	128	70	84	100	80	88
21.11	90.56	88	86	82	82	94	70	76	64	68	94	104	104	78	46	114	98	84	82	78	82	116	76	98	76	82	98	118	78	72	74	70	98	104	70	82	94	108	90	92	130	94	70	70	92	114	70	104	102	68	104	84	64	74	122	128	98	78	92	88	88	96	96	70	100	100	96	84	100	86	104	98	110	84	96	74	96	100	104	106	90	104	84	102	94	84	96	84	64	86	86	78	104	86	106	82	98	100	106	104	114
21.12	95.22	82	88	94	104	96	94	80	92	128	90	82	104	84	98	78	98	84	84	104	72	118	92	86	98	96	74	108	82	50	102	102	94	82	106	98	118	92	98	70	96	90	110	84	60	96	108	82	90	88	78	82	110	80	94	96	68	108	80	78	90	106	84	114	92	120	94	110	88	90	102	116	104	92	82	100	110	96	110	108	108	114	106	104	114	74	96	92	88	100	100	126	136	104	102	104	94	82	96	90	104
21.13	96.06	120	64	86	122	76	78	92	94	124	76	74	78	88	86	68	94	92	96	92	104	74	104	88	90	94	88	88	84	72	94	104	96	84	88	98	58	102	110	98	84	122	76	108	100	102	86	96	104	94	90	96	64	116	100	90	104	90	90	84	82	74	90	84	108	86	88	116	90	122	120	58	88	90	126	118	102	100	104	100	126	102	92	126	98	96	142	80	110	72	124	114	82	122	106	96	114	122	98	106	118
21.14	95.94	96	64	82	64	98	100	86	110	106	84	78	96	90	86	86	78	82	82	94	102	100	84	122	112	84	110	92	88	82	102	76	80	102	102	90	122	100	88	86	132	80	128	86	96	124	94	124	78	70	76	114	106	70	104	80	54	108	72	98	90	114	86	102	96	86	80	110	98	90	120	90	82	88	90	92	98	92	104	112	118	96	130	110	74	108	96	108	102	82	106	128	124	116	90	120	86	122	90	80	108
21.15	99.2	100	94	80	94	102	84	86	94	94	120	84	74	76	100	82	104	108	98	86	92	90	112	104	78	80	88	100	102	106	124	94	88	92	84	102	108	100	106	74	74	108	88	86	104	86	94	108	108	114	80	112	98	82	104	104	94	120	122	106	120	92	84	118	86	114	100	108	104	102	102	108	84	110	100	82	112	106	92	100	98	116	124	120	136	124	104	118	108	80	84	76	102	104	80	110	110	76	104	120	126
21.16	103.5	110	96	96	98	112	70	92	102	120	96	114	102	116	98	108	136	100	96	102	110	110	126	90	104	98	88	136	86	116	100	96	104	82	92	114	78	100	114	124	70	88	92	96	92	96	116	64	116	118	66	82	106	100	104	136	108	104	132	94	92	102	74	102	108	112	114	102	98	108	124	126	124	112	118	120	72	120	102	110	84	98	152	104	110	92	104	104	92	102	92	92	162	116	92	108	98	84	104	94	114
21.17	105.1	118	102	108	114	124	102	114	100	116	122	98	118	74	92	128	112	98	104	100	82	104	144	84	116	104	110	98	114	102	100	120	112	102	126	90	86	82	106	110	112	114	110	96	90	104	120	122	58	96	84	112	130	128	94	106	100	102	94	98	98	112	106	136	96	114	92	110	116	110	84	104	100	100	96	84	122	128	92	82	110	86	88	100	96	84	116	132	110	94	102	70	104	124	124	130	90	120	120	136	82
21.18	111.2	106	98	94	80	66	110	104	94	94	114	110	136	68	120	126	116	98	88	86	110	100	106	110	150	112	120	104	106	134	104	106	86	122	132	100	100	104	102	104	96	106	128	132	140	118	102	104	112	130	98	112	102	102	122	138	100	102	118	128	134	100	130	146	134	138	120	136	110	128	114	72	118	78	144	78	78	156	148	126	110	116	108	104	94	110	114	122	136	90	92	112	128	126	114	114	120	110	100	104	94
21.19	111.1	88	124	98	76	104	126	120	90	114	102	88	116	74	72	146	118	98	110	106	116	126	84	144	106	102	114	106	134	126	92	96	88	118	98	102	102	132	98	124	96	104	98	112	84	128	104	104	108	134	100	108	98	114	104	92	96	118	116	140	116	88	120	110	122	122	120	164	110	142	128	84	148	84	102	108	106	92	106	94	102	108	98	130	100	136	108	122	120	118	128	138	118	126	104	142	114	136	94	138	130
21.2	114.9	94	98	98	98	104	90	114	102	100	112	108	96	118	102	78	112	84	96	150	122	86	94	98	134	120	116	82	96	108	146	92	116	122	108	106	90	116	112	110	132	116	126	118	94	118	96	120	96	102	112	164	116	98	104	106	102	106	124	118	118	142	166	110	112	126	154	102	102	96	112	116	122	120	136	102	110	142	132	126	144	136	124	126	118	130	122	136	112	108	142	114	112	124	138	130	126	90	142	152	120
21.21	118.7	144	92	168	120	100	116	110	108	112	110	124	88	92	120	124	108	140	94	106	98	132	106	140	112	112	106	86	112	142	120	106	102	114	118	116	112	112	90	84	96	106	128	124	132	114	130	120	134	76	140	146	114	134	142	114	100	130	106	132	132	104	132	118	144	124	92	136	122	110	118	128	106	112	128	142	116	110	118	128	134	138	122	108	144	144	142	112	134	100	130	106	118	82	136	118	132	138	146	146	106
21.22	121.4	124	116	114	114	140	106	102	126	122	130	104	124	148	100	132	112	108	104	118	108	132	110	132	100	126	134	104	128	148	152	110	92	134	118	124	128	122	108	98	124	110	92	112	120	136	110	130	114	118	148	126	120	98	106	130	102	120	108	144	130	156	124	116	120	106	156	108	104	136	114	112	150	114	144	120	134	146	84	96	124	124	106	134	108	98	104	140	102	138	138	182	120	128	112	148	138	128	122	114	144
21.23	123	106	108	114	122	96	152	132	118	152	110	78	140	124	124	110	94	120	152	100	122	120	134	124	110	120	134	146	120	94	134	98	134	94	94	134	110	138	106	104	116	130	136	102	110	130	122	146	110	114	122	110	110	142	158	138	134	108	124	152	128	144	138	124	158	130	128	128	128	104	134	124	138	124	86	118	132	100	126	148	102	110	124	136	140	110	122	96	132	142	108	172	112	122	108	112	158	122	112	148	140
21.24	125.6	130	152	118	122	98	122	120	98	136	126	88	124	120	102	112	148	116	114	124	124	148	126	100	136	126	144	110	112	102	118	136	94	108	122	130	128	164	106	154	120	84	132	114	122	102	122	134	108	96	120	142	122	128	140	130	122	146	132	124	138	110	140	128	114	128	114	136	134	132	104	186	136	164	140	124	164	136	142	132	122	136	128	132	128	166	110	94	98	126	146	120	130	118	126	112	116	136	132	130	154
21.25	129.6	118	132	132	144	128	134	120	120	122	120	140	112	136	114	106	130	134	152	138	122	114	112	126	124	172	124	122	122	104	118	110	144	114	114	152	154	122	156	122	122	130	130	116	120	108	120	132	124	118	132	112	108	144	140	158	118	106	160	126	134	114	140	130	162	128	130	114	136	124	106	120	106	154	136	152	144	104	120	170	128	130	128	144	150	132	172	140	152	114	142	156	142	132	118	122	142	100	142	130	114
21.26	133.3	128	120	142	136	142	164	116	108	124	138	82	100	134	110	122	136	134	140	122	134	110	136	148	132	132	142	144	146	144	128	116	126	118	148	98	122	142	132	126	134	88	120	124	120	138	144	118	128	126	128	140	116	126	104	148	150	158	148	128	180	118	140	104	144	164	104	112	156	154	140	114	144	104	152	120	152	128	134	118	166	152	122	140	148	124	136	168	150	128	174	138	148	134	174	106	146	162	136	124	162
21.27	134.4	120	162	148	106	122	130	172	104	100	122	130	126	124	94	148	174	146	140	142	124	142	182	126	174	130	156	136	130	108	126	84	130	138	140	142	118	116	134	132	136	114	144	154	102	106	120	118	122	128	148	134	116	138	114	132	136	128	138	140	134	116	132	108	150	132	120	142	152	150	134	180	152	130	116	106	126	130	128	170	132	168	120	160	148	156	120	142	158	140	118	148	166	116	138	144	144	144	142	126	152
21.28	140.4	124	150	156	118	120	136	150	112	122	148	158	158	118	100	132	150	130	122	106	136	154	100	132	166	104	162	130	160	160	108	136	132	122	146	110	120	130	164	152	134	116	170	154	130	156	116	144	128	158	150	152	104	120	152	178	144	160	110	146	110	120	182	154	122	162	148	128	174	134	156	116	140	148	138	156	162	136	142	138	176	162	136	148	124	150	130	134	122	170	142	174	180	138	154	170	146	120	152	124	164
21.29	143.3	120	140	126	142	140	158	136	124	128	150	140	128	130	128	110	146	140	160	138	130	140	138	118	150	122	170	160	166	94	106	124	150	148	146	152	134	192	154	160	126	118	168	150	128	144	106	172	166	136	152	138	146	148	152	172	156	158	134	144	132	150	130	150	152	156	158	188	146	156	120	132	126	128	150	150	116	132	132	156	148	164	136	134	162	188	144	180	168	148	124	136	140	140	148	158	162	116	128	158	138
21.3	142.6	112	124	144	140	144	94	154	122	168	106	172	104	124	128	142	130	136	122	124	144	152	130	176	158	126	118	154	144	144	140	124	146	118	114	144	112	136	148	144	124	182	122	152	156	150	134	180	150	138	140	134	130	150	132	146	142	142	168	164	144	150	138	152	142	166	138	162	166	188	148	94	118	130	170	82	144	150	154	150	146	166	128	162	140	158	160	156	150	188	116	148	130	156	164	156	152	160	146	154	138
21.31	149	138	136	154	138	128	164	144	106	172	116	134	156	134	168	160	144	136	142	150	146	166	134	138	150	138	174	150	134	110	162	146	144	124	154	168	130	116	132	130	162	134	154	186	132	176	150	164	156	136	164	134	152	168	164	134	148	174	160	148	136	152	120	156	162	192	142	144	170	156	162	174	142	160	168	140	122	166	138	152	146	144	142	142	142	126	142	138	144	184	162	192	118	186	156	156	178	148	146	156	138
21.32	150.1	140	156	162	170	152	144	134	176	126	112	162	150	128	178	118	164	150	128	136	144	140	174	122	148	162	140	160	126	120	128	134	140	142	142	122	154	168	170	138	142	136	104	124	154	142	134	140	162	158	126	122	200	178	162	176	188	146	164	148	136	150	172	160	156	174	158	160	166	166	140	152	164	142	146	146	158	176	152	166	170	156	132	132	166	148	154	152	170	106	114	170	170	174	144	162	156	178	158	164	128
21.33	150.2	148	122	136	148	132	110	142	178	164	124	144	152	132	150	134	138	156	130	170	164	158	156	132	132	158	140	138	140	152	146	154	172	146	168	162	144	164	132	134	152	148	128	122	126	182	148	140	168	182	156	170	140	182	150	168	196	128	160	182	134	162	146	136	136	178	108	138	158	160	156	166	140	158	154	136	164	142	140	108	146	134	138	164	156	158	142	146	156	148	130	188	144	162	228	150	152	190	186	126	130
21.34	159	136	166	166	202	158	154	142	138	138	156	116	178	160	178	142	158	158	148	134	168	148	120	116	142	174	180	162	164	164	156	158	148	166	166	182	152	144	170	172	130	146	132	130	152	138	146	168	158	142	148	160	160	158	214	176	174	168	180	162	166	138	138	178	162	140	186	152	146	170	134	188	162	158	168	146	174	136	192	176	170	172	148	188	174	162	176	156	160	168	170	182	176	122	182	162	160	140	196	140	160
21.35	156.9	144	130	112	164	172	118	130	168	128	164	118	154	148	138	150	154	172	134	156	154	162	150	144	158	200	208	164	158	156	126	136	150	134	122	146	128	114	174	122	204	190	164	168	190	174	144	174	148	188	148	218	128	198	148	132	122	180	180	204	142	174	136	186	176	148	154	126	202	138	176	188	118	152	134	186	124	154	146	176	204	174	160	134	170	116	168	158	150	184	160	158	164	140	148	158	154	166	156	202	172
21.36	162.3	140	138	146	140	166	144	162	156	170	154	140	136	152	180	156	164	156	146	148	134	130	156	160	158	172	148	172	166	162	156	212	114	164	140	122	154	140	154	154	182	168	146	198	180	136	166	156	166	170	146	188	188	158	140	198	144	136	190	192	158	136	148	174	202	180	150	168	170	156	148	200	154	154	200	158	164	164	200	164	168	142	202	186	198	166	148	176	152	152	172	172	180	148	168	172	188	178	156	168	184
21.37	166.7	180	130	144	172	122	122	172	140	180	172	152	176	172	154	154	146	164	164	166	138	178	156	164	170	204	166	152	158	144	162	152	190	172	148	142	150	166	152	146	168	152	146	196	148	164	176	176	192	178	150	214	188	166	150	140	158	200	172	184	188	186	156	152	152	166	204	168	176	162	188	170	206	164	166	192	168	190	202	154	142	182	182	208	174	174	150	194	166	158	180	196	170	166	154	180	154	184	138	160	142
21.38	167.1	168	160	168	152	138	170	194	162	154	130	168	170	144	160	126	170	176	128	190	180	136	164	156	180	128	146	124	146	154	180	152	136	148	172	188	196	178	160	130	166	152	170	160	202	180	148	188	144	168	164	196	214	192	174	158	202	200	150	164	186	160	190	164	170	162	176	186	170	174	168	168	186	196	180	154	182	188	180	172	166	192	138	154	202	190	196	146	132	178	192	178	172	182	156	174	174	148	122	206	128
21.39	171.4	196	224	124	148	142	164	146	148	174	140	166	144	176	140	150	164	130	184	154	156	170	190	134	150	206	188	206	178	200	164	164	168	192	154	156	134	180	186	160	160	148	154	124	192	158	186	136	140	164	170	186	182	188	156	162	144	202	140	148	198	172	172	202	140	228	170	170	212	186	162	154	186	146	176	204	198	190	162	166	168	182	192	164	194	198	194	194	176	172	140	156	188	242	166	214	158	224	192	174	172
21.4	176.9	144	194	160	186	174	152	174	150	156	204	162	166	160	182	194	192	190	192	178	170	144	180	204	154	148	182	162	164	206	164	146	134	182	184	178	166	170	168	166	138	184	208	192	184	180	140	186	174	170	174	172	178	188	152	182	188	148	208	156	212	180	166	190	200	200	162	174	162	194	198	212	186	190	152	188	224	192	202	168	192	194	166	184	196	152	184	196	176	182	168	198	142	160	176	142	178	162	214	202	188
21.41	176.3	202	162	216	148	188	174	148	134	204	170	158	212	172	160	158	168	178	154	160	156	166	166	166	170	154	168	166	168	178	144	168	140	168	152	136	176	226	196	150	174	166	180	166	198	152	148	152	186	196	168	184	206	132	186	154	210	126	154	220	170	170	138	216	184	194	204	176	156	196	204	192	198	168	184	182	178	176	254	172	154	174	198	192	222	162	156	160	202	228	194	188	158	188	216	182	182	158	180	210	176
21.42	179.2	156	166	150	162	170	150	164	164	154	156	222	170	156	172	202	158	160	152	164	176	146	194	176	174	170	184	156	192	188	190	192	156	188	178	146	134	168	178	184	200	236	186	192	202	196	192	188	184	180	132	190	200	188	162	162	152	208	200	176	188	224	170	190	184	140	156	182	218	214	206	164	218	170	164	158	198	174	202	196	226	216	200	186	152	162	178	156	180	204	214	164	176	186	190	182	152	198	180	180	182
21.43	185.5	188	212	182	178	182	166	176	174	182	184	194	170	164	192	162	150	160	170	182	182	162	206	148	154	156	198	162	162	196	188	200	180	200	206	158	172	180	138	160	170	172	212	198	208	190	188	174	194	186	172	186	188	184	200	178	164	138	184	212	176	208	216	188	158	174	216	168	170	186	156	186	208	198	204	192	242	200	180	234	210	208	156	232	178	198	194	198	182	176	216	214	190	222	142	216	180	170	204	184	246
21.44	188.6	164	176	170	188	164	188	142	168	178	178	202	154	208	170	192	150	218	202	184	214	174	204	196	182	176	188	172	194	212	192	166	190	188	186	190	226	194	184	156	168	158	154	192	188	176	192	208	246	208	230	186	176	166	178	194	150	184	182	210	178	158	190	250	162	196	160	194	210	206	198	208	184	190	184	184	180	146	206	200	166	192	196	204	214	192	164	226	166	218	212	196	224	230	200	166	198	208	212	216	152
21.45	189.4	168	190	192	202	246	146	222	172	156	202	208	196	170	156	190	168	160	190	164	164	234	178	180	188	186	184	202	180	166	218	180	202	166	172	174	200	198	182	162	176	174	192	224	178	208	218	164	194	190	198	184	128	188	182	188	154	204	176	184	168	178	194	198	186	226	182	206	184	190	178	170	198	206	176	206	184	242	190	150	178	178	196	194	216	184	184	246	236	186	164	212	220	248	196	218	184	216	176	220	162
21.46	194.6	154	182	154	230	178	180	182	194	182	200	208	190	212	190	194	170	192	168	190	172	174	216	190	154	214	176	184	174	194	182	168	180	172	200	194	194	176	194	170	176	218	164	178	182	212	158	212	190	160	202	190	200	204	198	202	266	176	196	192	224	190	202	204	230	220	206	228	238	174	206	194	204	234	232	148	210	202	210	190	214	218	188	226	208	196	196	234	190	196	174	212	186	154	212	198	198	162	234	212	202
21.47	199.3	180	202	174	210	180	244	200	202	186	190	178	214	194	180	162	182	202	172	164	206	182	188	184	202	222	188	202	204	184	164	192	224	190	190	180	218	208	218	196	158	200	206	234	180	212	192	214	180	192	164	218	188	246	204	196	174	218	192	244	210	204	212	190	214	190	188	200	176	196	182	158	160	160	144	206	188	220	232	224	190	212	194	218	216	240	210	230	224	234	230	256	196	208	240	184	198	174	226	208	214
21.48	198	170	192	192	216	186	208	204	166	160	210	188	194	176	154	180	156	156	212	174	170	216	180	178	214	208	220	172	172	170	198	226	186	186	196	206	162	186	188	172	178	220	222	184	204	222	180	218	180	188	160	210	208	160	198	190	214	172	178	212	190	194	234	250	184	206	190	236	226	218	226	140	174	230	218	196	156	250	266	228	214	194	188	178	220	200	214	190	200	210	206	204	214	218	210	214	220	216	220	246	214
21.49	205.6	162	180	172	196	210	148	164	150	218	214	218	156	202	192	162	198	202	186	158	226	224	208	190	188	196	230	174	168	204	214	180	204	200	176	208	178	204	188	176	252	228	198	248	192	180	244	204	232	234	196	220	232	230	196	180	200	186	214	234	208	212	228	248	226	222	194	190	218	246	238	230	246	210	210	224	196	208	200	204	202	230	206	196	226	252	218	196	188	206	236	206	192	256	182	184	210	260	180	224	232
21.5	209.4	240	180	256	182	190	192	218	202	176	200	198	212	202	198	186	196	194	214	178	202	228	210	180	278	192	198	216	212	162	198	188	164	204	220	176	222	224	184	192	194	204	204	200	198	250	252	188	196	214	192	222	222	238	232	218	214	186	184	218	214	226	178	202	200	242	218	208	222	200	200	212	222	230	230	206	200	202	262	224	218	172	262	186	222	224	204	212	220	188	230	256	190	232	218	216	232	216	204	222	232
21.51	209.2	198	198	202	214	184	192	176	190	240	170	194	194	192	188	198	192	206	216	184	182	190	222	242	196	196	218	232	204	198	212	184	218	194	174	208	200	190	176	202	200	220	192	208	206	248	188	222	186	214	234	176	222	214	214	198	246	208	216	210	240	194	166	230	232	252	194	228	222	168	230	218	224	172	210	220	234	230	230	222	244	218	226	212	174	238	232	202	236	228	204	224	248	242	188	236	190	222	234	208	208
21.52	215.2	182	206	210	178	210	234	230	154	224	248	218	236	240	200	218	194	182	214	228	174	186	244	246	208	216	182	206	222	170	236	206	188	222	190	204	206	160	242	216	206	190	196	242	248	212	210	228	188	220	220	236	206	210	218	210	278	244	198	226	230	204	224	190	224	242	204	220	194	230	200	200	178	218	182	244	216	230	208	244	242	248	234	244	232	208	200	210	234	190	210	226	184	246	220	260	222	218	240	222	236
21.53	218.9	182	222	226	198	198	194	216	236	214	222	240	232	188	268	210	200	186	170	230	228	216	176	176	222	194	236	228	202	222	168	204	214	222	206	170	264	208	246	198	240	196	218	228	222	216	230	264	216	256	196	258	206	206	242	248	216	202	208	224	222	226	214	222	230	220	260	216	194	204	212	204	230	232	246	238	228	190	236	214	220	214	210	198	198	208	248	190	224	254	222	188	232	256	270	244	250	234	210	202	254
21.54	220.3	190	244	194	212	244	214	244	188	220	158	220	252	230	212	176	186	214	244	218	234	196	218	244	226	232	220	152	204	242	202	204	184	254	216	220	224	212	218	202	224	198	216	224	196	182	242	214	214	244	204	246	226	224	218	208	228	234	224	194	204	228	248	198	222	248	180	222	248	234	254	206	250	224	238	220	180	252	232	170	232	242	202	200	240	252	192	278	200	230	254	234	202	244	212	238	232	212	232	242	280
21.55	224	214	212	222	220	222	194	172	200	188	244	230	198	188	176	202	216	224	214	230	190	200	230	222	186	210	198	258	224	174	244	224	226	224	212	226	216	232	204	182	220	208	228	246	236	220	176	238	236	228	212	262	216	218	214	232	180	210	266	196	254	266	254	292	232	236	200	214	214	242	252	214	220	216	210	246	252	240	250	244	254	218	238	250	228	224	246	268	214	238	258	236	206	218	260	206	254	236	226	258	224
21.56	226.1	246	202	250	204	290	198	188	216	170	220	196	230	176	198	196	246	254	216	228	216	226	240	232	226	238	200	224	188	226	236	264	224	180	240	206	214	240	186	214	212	226	224	226	236	196	230	258	224	216	264	238	184	236	226	230	236	228	254	242	192	208	236	214	232	190	218	250	196	250	244	208	258	204	240	208	216	212	264	246	230	238	244	258	200	240	248	278	272	212	248	234	216	244	262	222	208	228	222	226	262
21.57	229.8	228	244	232	208	254	212	240	218	212	214	224	220	190	246	216	220	236	216	232	214	212	210	234	244	188	248	248	202	246	194	226	240	212	236	260	258	250	208	184	250	208	262	232	184	232	234	206	242	222	248	228	216	236	194	224	226	206	220	222	228	296	212	254	232	240	250	210	264	244	252	238	226	174	246	236	214	220	214	236	260	224	244	264	230	252	182	228	200	246	278	228	252	248	216	250	286	222	230	244	246
21.58	230.6	196	186	258	216	250	268	242	210	194	206	182	236	202	222	206	224	232	218	232	216	206	274	246	234	226	236	220	196	154	210	232	208	188	236	208	198	244	244	238	250	222	230	218	222	214	194	236	216	262	238	226	208	252	234	248	224	256	208	230	250	268	246	254	224	196	224	254	312	218	208	286	238	240	232	226	214	228	236	260	256	254	256	244	260	262	206	228	242	210	230	248	286	214	226	246	242	232	264	238	224
21.59	233.9	216	232	210	206	220	228	252	242	254	208	262	216	270	242	208	236	232	196	238	254	240	234	240	228	238	216	208	288	236	180	218	198	244	242	238	224	230	212	272	250	238	250	206	200	234	222	232	208	218	204	256	204	236	230	216	244	230	238	276	262	280	260	244	230	194	236	224	244	196	270	244	236	222	220	222	214	260	244	272	226	200	266	232	214	222	242	266	288	266	218	226	204	260	278	210	218	234	270	238	236
21.6	242.4	230	200	182	252	234	246	212	252	220	258	216	190	232	236	212	244	276	244	250	280	222	240	200	252	228	222	262	228	228	224	216	248	270	180	216	206	238	230	234	252	228	236	256	244	236	278	252	256	242	274	252	256	274	234	206	214	288	228	238	260	216	278	244	228	304	268	238	278	264	232	264	182	222	242	304	242	266	284	216	258	210	198	236	246	252	262	196	282	268	252	230	262	282	286	292	250	230	240	248	270
21.61	244	210	266	264	174	268	274	228	246	266	242	252	262	250	218	286	222	214	238	224	254	246	200	242	212	210	246	184	270	258	206	200	222	218	258	222	236	256	208	236	228	240	268	234	278	222	220	248	278	248	228	252	250	252	292	236	242	252	228	274	246	246	266	266	246	232	204	208	252	276	206	256	264	238	244	266	216	244	310	294	242	246	236	218	284	262	224	226	236	226	256	238	268	274	250	272	246	284	268	252	258
21.62	246.2	238	202	224	246	270	226	238	230	250	218	258	272	230	264	266	260	234	224	212	262	264	252	206	174	250	222	256	240	290	238	218	248	190	212	208	256	212	220	248	248	254	276	294	270	242	232	216	234	270	274	234	260	236	256	186	212	260	242	248	224	268	244	244	268	264	244	284	218	242	228	248	248	292	274	304	250	290	266	188	254	276	248	276	234	218	260	236	294	236	240	254	214	242	332	240	264	244	290	254	256
21.63	254.8	194	262	270	212	202	238	244	238	224	266	270	244	242	254	266	250	256	242	236	268	260	286	242	256	264	246	268	218	274	246	282	230	298	232	216	280	206	248	280	262	198	234	290	300	244	270	252	250	270	268	300	228	268	216	286	278	254	274	216	196	224	246	230	270	270	236	282	282	236	240	268	260	238	268	250	296	296	244	282	266	250	282	268	238	270	226	290	302	226	292	246	250	258	302	234	280	224	292	284	218
21.64	255.9	254	264	262	268	252	248	228	206	298	224	204	248	232	244	228	266	236	256	256	238	222	246	248	246	260	238	254	222	214	236	238	194	258	220	194	278	272	250	256	226	200	294	276	280	268	204	302	224	254	258	260	304	234	262	246	218	226	274	298	286	278	316	290	262	292	274	244	264	278	230	298	286	250	246	328	284	250	270	264	274	256	254	266	212	274	268	206	288	236	240	256	296	272	328	260	250	280	262	296	264
21.65	258.1	260	246	200	290	228	280	264	234	236	228	240	248	254	248	226	238	260	254	238	258	240	234	236	218	244	272	224	246	270	236	312	262	268	252	248	242	242	236	244	268	286	228	252	282	262	264	248	306	268	250	248	232	312	316	236	246	258	304	246	262	246	326	254	292	274	268	252	268	248	270	276	276	252	216	268	224	260	254	266	266	284	270	224	234	288	268	248	284	266	288	256	240	260	306	284	266	306	220	310	226
21.66	256.6	208	294	206	286	252	230	240	244	236	244	222	292	230	226	252	258	242	254	266	238	230	222	254	286	254	230	272	238	268	226	204	236	262	192	210	242	280	250	240	284	270	262	230	212	264	228	250	256	234	238	274	260	282	288	264	246	254	284	252	266	296	290	264	234	298	256	266	276	258	300	272	252	264	254	278	292	280	260	228	246	242	272	268	282	300	248	258	226	294	262	274	266	272	278	278	280	250	324	244	262
21.67	264.6	246	236	258	278	262	240	276	248	300	246	246	272	236	260	252	284	276	220	236	278	254	252	258	266	246	286	228	244	230	296	268	278	238	252	222	228	232	230	226	278	276	266	310	282	258	232	294	216	256	294	266	232	244	280	270	246	276	258	256	260	242	270	272	262	302	262	288	260	282	306	282	266	312	266	254	286	268	272	290	214	232	276	268	282	232	288	268	292	272	254	320	252	260	284	290	272	320	312	270	326
21.68	267.7	274	282	286	278	256	250	254	252	242	284	250	270	216	268	210	230	264	272	298	236	282	246	280	280	220	220	284	244	252	240	210	200	248	244	298	304	292	246	266	232	248	246	240	302	298	232	272	258	278	272	278	274	256	296	250	228	298	286	292	238	274	252	288	308	282	242	232	244	302	288	292	292	252	278	238	296	282	332	270	312	300	284	234	310	272	270	326	250	304	260	292	250	318	256	266	280	280	300	316	244
21.69	270.6	256	278	274	236	244	286	294	266	286	276	248	266	238	280	232	274	242	242	262	278	248	278	220	230	234	312	254	238	260	262	316	230	220	262	282	268	270	212	274	254	274	266	256	248	280	272	316	276	260	256	304	294	240	262	274	292	288	286	264	272	262	290	290	274	300	268	274	228	308	296	280	280	298	248	238	290	270	316	250	252	250	266	256	306	258	318	280	278	310	272	278	322	270	298	278	274	308	296	318	246
21.7	273	316	248	272	264	238	268	282	254	276	276	240	236	266	296	304	268	294	270	260	240	264	248	270	216	266	258	262	242	220	294	276	280	274	266	306	284	278	308	334	286	254	234	304	300	266	248	290	284	284	252	286	292	246	290	282	298	258	274	268	274	252	292	278	226	266	254	276	284	318	318	270	276	244	258	266	272	338	222	260	290	284	268	238	262	316	314	250	256	292	278	280	246	290	314	318	266	274	266	260	284
21.71	273.2	256	280	252	228	256	238	302	242	276	290	232	206	240	266	232	222	284	274	240	252	278	312	230	242	308	250	256	244	276	284	262	232	298	270	286	264	294	238	308	302	290	262	284	270	290	198	242	254	278	280	258	268	306	296	242	218	242	314	278	246	274	322	300	318	282	280	260	252	322	312	282	292	286	318	264	296	276	284	254	240	296	264	260	320	332	288	302	266	262	278	350	284	288	304	334	270	256	276	296	264
21.72	278.8	308	254	262	282	310	304	288	262	266	264	288	300	234	290	262	264	258	220	280	236	266	258	288	250	258	242	296	286	250	246	272	280	258	290	268	256	254	294	234	264	264	276	246	274	278	288	288	274	278	250	280	260	282	282	250	344	276	308	264	250	296	302	262	306	252	326	272	308	272	256	308	246	304	264	250	284	316	320	328	300	264	250	284	372	288	300	326	330	278	304	282	308	310	338	204	296	264	294	288	276
21.73	286.1	302	312	274	232	296	214	250	236	310	250	292	298	298	272	298	240	286	300	260	302	278	264	272	304	248	292	274	334	298	268	240	298	260	282	252	302	284	328	266	248	288	260	224	274	282	262	268	270	278	288	306	302	278	316	278	312	296	310	294	264	306	328	298	264	284	268	302	242	288	302	272	284	276	268	312	294	314	298	280	268	328	328	290	300	302	284	302	302	302	310	260	258	336	316	278	324	348	280	300	346
21.74	285.9	276	244	278	300	296	282	258	272	260	280	290	232	248	264	256	308	276	294	278	312	284	284	252	268	288	218	278	240	262	270	302	244	252	300	280	258	328	296	248	246	296	270	272	320	240	250	272	288	246	284	286	298	318	306	332	242	290	312	296	352	336	348	386	280	270	330	302	320	256	292	312	298	306	330	238	240	318	256	340	302	270	240	292	282	274	336	256	260	338	268	340	312	258	300	360	238	284	346	310	296
21.75	291.7	294	260	310	290	284	240	324	308	304	248	246	254	298	296	280	274	326	294	344	242	292	262	262	280	278	264	356	238	252	266	288	266	348	248	288	282	284	288	296	304	276	288	278	270	288	292	244	270	246	278	316	286	300	320	318	316	266	270	236	318	360	330	316	278	302	278	276	288	296	324	312	330	264	282	288	272	308	292	288	286	302	352	294	264	292	322	310	300	288	300	328	352	366	272	266	314	296	306	330	308
21.76	292.4	294	256	308	268	286	318	274	274	260	300	288	302	250	276	314	246	304	322	274	302	278	294	266	262	282	320	320	276	268	276	252	254	280	288	340	318	240	268	260	306	286	262	296	266	284	260	292	274	266	320	328	312	310	328	286	266	294	284	272	250	272	334	336	334	366	268	314	278	284	316	308	318	298	282	290	318	294	304	322	294	302	260	346	318	312	296	280	338	268	278	324	298	326	256	300	322	294	294	326	274
21.77	297.4	230	302	272	278	316	252	270	268	264	312	294	238	348	272	300	260	310	290	244	294	280	302	264	260	286	310	302	302	312	322	322	272	284	316	276	320	294	308	294	278	296	278	258	276	296	272	322	304	276	284	350	258	284	276	352	312	270	272	330	318	322	284	378	276	312	344	320	308	312	304	340	300	322	326	322	272	326	358	338	310	276	246	312	328	300	292	282	294	344	268	316	284	312	260	328	288	364	278	272	324
21.78	300.3	258	344	306	278	352	250	314	314	328	258	290	272	302	280	280	262	288	306	280	300	278	266	328	266	288	274	280	284	280	332	272	294	282	268	272	282	332	276	270	310	274	328	258	288	282	290	354	280	288	294	376	284	318	288	284	310	346	338	338	352	288	352	280	268	350	282	298	324	318	276	282	330	310	308	350	324	312	342	280	242	348	306	294	306	292	302	294	308	294	294	328	304	296	252	324	316	346	316	334	294
21.79	298.1	286	248	306	272	272	322	314	286	256	266	272	276	272	260	316	292	294	288	274	262	292	270	294	290	294	344	360	286	280	290	244	300	300	292	294	306	326	290	332	322	298	268	304	348	296	262	264	338	302	322	282	312	312	306	324	282	326	274	286	270	318	302	286	348	308	274	302	312	282	250	314	338	298	262	274	318	320	362	284	324	318	306	286	304	304	342	304	310	320	272	320	270	318	274	314	282	330	340	296	310
21.8	308.8	360	302	280	262	308	306	340	308	320	300	290	306	322	298	308	260	252	304	342	296	304	296	322	306	272	284	294	310	336	316	294	302	338	280	234	320	332	342	266	282	326	336	326	314	306	340	322	282	288	290	300	304	314	304	336	334	288	366	278	314	284	312	342	314	294	362	324	332	316	302	326	316	296	266	324	326	294	288	322	352	294	346	288	304	308	290	322	254	304	312	302	310	334	318	288	370	338	318	324	300
21.81	309.5	272	286	312	284	350	276	296	226	312	318	302	306	326	282	302	316	300	254	298	272	262	270	312	310	304	262	294	276	310	314	324	344	304	308	338	284	312	312	312	320	342	288	264	334	278	286	344	276	310	340	278	336	336	312	322	268	252	326	330	322	302	370	300	348	308	340	318	306	266	312	300	318	308	294	306	306	356	314	340	322	312	326	292	332	312	338	320	310	366	310	320	322	298	340	406	330	310	322	336	304
21.82	314.2	254	304	276	260	342	272	300	348	250	306	240	278	278	308	286	348	340	350	370	308	316	310	314	312	342	318	272	294	344	286	284	338	294	312	280	296	344	280	296	296	340	326	310	374	278	312	304	346	348	358	330	328	310	316	274	278	306	270	272	276	336	332	386	330	336	276	346	314	338	320	264	350	328	314	320	316	290	286	290	340	352	306	378	278	366	314	334	358	354	320	340	306	346	340	332	312	310	336	314	314
21.83	317.9	280	286	332	294	316	280	294	306	330	272	362	308	282	314	310	328	372	286	302	318	312	268	334	310	296	364	320	304	308	320	292	284	312	306	302	286	308	336	346	348	304	304	314	298	284	314	274	324	320	332	304	294	324	330	298	302	318	358	354	334	270	352	286	318	318	338	306	282	314	300	288	338	318	290	390	354	334	330	380	360	396	294	312	360	286	366	334	312	302	328	400	312	328	290	320	288	320	408	346	310
21.84	325.4	280	306	316	302	306	294	378	290	340	338	382	278	278	340	344	326	338	342	336	336	342	358	302	310	364	294	296	292	294	294	352	328	310	320	302	308	312	314	320	326	288	348	278	322	324	286	328	318	338	304	300	344	268	318	332	360	296	328	352	364	348	344	304	330	400	306	330	322	360	380	274	246	338	352	342	372	306	348	374	328	348	382	344	350	318	378	310	320	328	274	350	320	302	328	356	328	300	318	378	324
21.85	322.9	302	292	288	302	306	346	342	292	338	314	264	316	294	378	282	302	282	274	312	248	332	360	316	286	302	266	326	334	328	296	298	306	362	332	278	318	290	320	330	346	302	372	282	366	320	318	328	382	356	362	338	346	298	360	370	328	364	316	336	344	354	330	382	336	328	336	274	264	338	314	324	330	294	334	284	312	298	358	308	342	318	344	404	288	298	302	278	332	316	356	354	332	312	352	384	360	314	342	306	374
21.86	327.5	316	346	292	320	308	326	318	298	318	318	318	346	292	298	316	280	292	308	336	298	314	308	286	382	348	306	308	294	334	284	330	334	296	340	316	352	310	310	352	336	324	326	316	306	352	268	360	306	310	372	314	290	338	332	302	364	348	334	332	308	398	348	312	354	336	366	262	282	340	324	338	388	312	326	340	316	304	356	342	380	302	328	332	342	348	400	340	330	334	312	354	390	332	330	322	288	346	306	366	438
21.87	330.9	318	292	288	312	320	298	334	328	302	340	310	300	262	316	260	346	360	344	350	320	298	312	322	346	338	354	296	326	320	352	322	296	342	316	268	338	328	352	302	310	364	332	334	384	318	326	292	332	376	290	290	332	308	318	292	348	396	338	344	300	336	334	398	288	364	390	358	272	378	368	314	332	350	328	368	344	326	334	360	338	364	298	366	384	344	376	358	356	324	376	336	296	354	324	344	344	256	384	330	340
21.88	334.3	380	300	326	308	294	310	304	336	336	276	288	308	292	346	302	326	272	302	346	340	378	278	370	294	370	338	328	318	346	324	336	322	312	368	344	354	310	342	356	386	300	286	338	296	298	294	314	306	312	328	328	334	322	340	308	356	348	340	320	342	362	378	330	314	354	380	370	328	372	382	424	316	320	334	354	388	358	266	348	386	358	330	354	338	340	370	316	366	298	374	310	300	384	304	340	336	404	388	336	346
21.89	337.3	366	356	282	366	334	340	300	314	352	286	348	352	306	296	302	416	316	314	362	328	336	358	336	318	284	308	300	302	290	354	308	340	350	294	334	338	272	324	334	358	324	324	374	316	322	322	322	324	306	334	378	318	320	362	332	314	378	344	342	346	340	348	366	396	386	332	326	340	290	360	350	366	378	308	282	370	346	382	314	354	364	336	380	368	300	360	300	316	380	328	372	378	350	358	386	302	380	350	362	350
21.9	340.1	366	316	338	338	304	316	370	322	292	298	298	350	314	342	312	310	346	336	346	316	334	342	328	372	346	384	316	316	360	304	352	372	374	310	324	334	368	296	298	364	326	340	328	340	346	340	366	376	334	374	302	354	340	282	334	324	350	298	344	344	350	328	382	344	356	364	360	374	302	304	358	330	342	304	342	360	316	358	308	334	410	404	314	380	390	334	334	382	390	314	338	322	406	318	272	348	388	388	330	364
21.91	349.6	378	364	346	344	308	316	278	354	308	344	358	336	342	316	382	366	352	282	372	366	366	306	348	332	314	360	328	374	316	400	348	344	338	320	334	332	338	320	360	302	360	350	366	378	308	354	292	344	350	322	342	284	372	396	376	336	390	376	364	360	372	358	352	288	374	324	352	354	320	372	326	366	410	272	308	366	370	376	424	350	336	408	346	386	372	308	360	348	366	372	378	358	342	386	346	336	450	316	402	398
21.92	348.8	330	336	342	364	292	310	376	294	356	338	358	302	272	318	304	364	364	374	308	332	366	340	346	332	318	320	300	362	416	354	330	338	358	406	304	334	302	386	342	380	320	344	344	348	384	394	358	300	322	334	366	334	338	352	348	408	388	398	362	318	308	398	382	324	366	340	346	362	356	324	372	372	310	358	324	382	378	390	360	342	380	356	310	336	344	398	388	344	342	402	330	348	348	366	356	342	374	342	408	342
21.93	348.1	312	334	276	302	354	334	402	300	332	320	342	350	334	354	350	374	306	398	324	330	400	332	338	348	314	364	332	338	330	368	306	304	348	326	322	354	320	328	348	356	332	366	316	378	326	290	328	382	308	342	352	330	362	378	342	358	372	338	350	366	398	406	340	390	386	370	364	320	366	312	310	398	376	350	402	334	422	308	372	334	376	334	332	372	354	476	318	342	364	354	338	300	338	330	400	344	412	334	306	410
21.94	352.3	330	370	360	322	344	314	294	324	350	392	336	368	292	344	354	372	322	308	336	348	336	340	338	398	356	372	338	328	362	332	354	290	380	374	358	366	330	352	332	334	324	382	320	318	292	386	296	354	378	388	332	340	358	284	390	386	364	354	340	388	318	376	314	352	394	364	312	332	378	354	438	338	350	372	382	400	364	364	366	332	384	344	338	362	360	396	330	432	346	378	348	364	394	326	344	330	390	400	356	380
21.95	357.8	324	384	358	340	342	386	414	342	342	338	374	336	340	340	302	336	340	420	358	370	330	354	314	318	360	362	332	348	322	374	364	326	332	332	288	358	378	356	412	366	384	366	322	368	372	348	340	382	348	320	346	354	330	360	326	378	348	338	356	416	348	310	360	360	400	392	342	346	388	352	376	424	350	364	338	342	312	370	388	402	374	372	380	364	368	392	362	342	354	372	366	396	382	394	338	390	344	396	352	366
21.96	360.3	348	294	348	396	350	350	304	362	386	374	398	424	330	350	356	346	360	296	372	306	378	276	414	290	312	382	354	392	376	368	326	306	340	372	384	454	304	340	386	356	368	378	328	390	308	318	400	322	380	338	326	336	338	332	356	334	356	390	378	402	398	338	386	340	352	354	372	322	372	366	400	372	376	358	330	374	370	386	400	370	366	362	406	374	394	380	328	352	332	346	380	408	414	354	398	368	372	410	348	360
21.97	370.8	384	404	330	344	408	380	370	384	388	300	394	354	370	384	410	308	362	322	334	366	358	368	328	380	326	384	318	410	378	380	334	388	374	368	344	426	320	378	382	334	336	344	332	414	378	320	308	354	382	392	430	380	340	366	384	446	352	348	388	374	400	426	416	362	410	358	358	392	400	412	406	414	332	308	342	366	342	406	382	378	366	394	400	344	370	372	340	368	348	354	378	426	318	398	412	422	356	414	370	382
21.98	368.3	386	366	380	424	300	392	302	362	320	348	362	346	292	388	370	346	358	362	332	354	324	380	374	378	372	376	376	368	364	324	354	320	380	328	366	378	360	390	380	406	350	374	304	358	382	368	360	364	368	354	362	394	332	396	374	388	368	360	360	358	380	324	380	406	382	382	342	362	380	428	376	398	406	360	382	368	402	386	352	362	358	394	386	362	396	356	320	384	376	318	368	426	408	340	406	434	370	368	394	444
21.99	374.2	364	412	362	356	310	380	372	396	386	354	402	374	340	346	404	374	376	362	342	374	366	356	386	366	370	348	430	348	338	390	346	346	426	392	344	372	350	436	356	346	394	396	358	392	358	352	346	370	340	356	378	338	388	414	328	382	392	384	390	340	344	376	408	408	432	362	384	356	370	318	374	362	374	350	330	390	374	388	390	370	284	402	412	388	410	436	436	392	394	342	376	388	358	390	394	362	414	436	398	350
22	377.1	332	364	362	378	374	382	366	296	318	336	408	366	336	384	350	356	404	336	350	346	408	414	406	336	376	318	334	392	340	338	382	384	374	412	372	398	362	344	352	402	342	388	366	374	356	308	370	434	380	352	320	382	352	330	394	360	452	378	422	410	384	410	386	346	338	356	348	370	426	378	402	412	396	412	368	408	398	382	390	340	352	396	396	384	436	390	354	402	348	422	418	362	364	352	468	450	418	404	440	450
