# Energy shift = 0.8
# Y-offset = 0.0043+-0.002, AE = 8.5526+-0.0041, Scale Factor = 195.6672+-2.4335, Alpha = 2.6317+-0.0137
# -------------------------------------------------------------
Energy	Counts	Errors	Combined Fit	Fit 1
6.300000	556.000000	12.200836	0.004257	0.004257
6.310000	0.000000	0.000000	0.004257	0.004257
6.320000	0.000000	0.000000	0.004257	0.004257
6.330000	0.000000	0.000000	0.004257	0.004257
6.340000	0.000000	0.000000	0.004257	0.004257
6.350000	0.000000	0.000000	0.004257	0.004257
6.360000	0.000000	0.000000	0.004257	0.004257
6.370000	0.020000	0.019900	0.004257	0.004257
6.380000	0.000000	0.000000	0.004257	0.004257
6.390000	0.000000	0.000000	0.004257	0.004257
6.400000	0.000000	0.000000	0.004257	0.004257
6.410000	0.020000	0.019900	0.004257	0.004257
6.420000	0.000000	0.000000	0.004257	0.004257
6.430000	0.000000	0.000000	0.004257	0.004257
6.440000	0.000000	0.000000	0.004257	0.004257
6.450000	0.000000	0.000000	0.004257	0.004257
6.460000	0.020000	0.019900	0.004257	0.004257
6.470000	0.000000	0.000000	0.004257	0.004257
6.480000	0.000000	0.000000	0.004257	0.004257
6.490000	0.000000	0.000000	0.004257	0.004257
6.500000	0.000000	0.000000	0.004257	0.004257
6.510000	0.020000	0.019900	0.004257	0.004257
6.520000	0.000000	0.000000	0.004257	0.004257
6.530000	0.000000	0.000000	0.004257	0.004257
6.540000	0.020000	0.019900	0.004257	0.004257
6.550000	0.000000	0.000000	0.004257	0.004257
6.560000	0.000000	0.000000	0.004257	0.004257
6.570000	0.020000	0.019900	0.004257	0.004257
6.580000	0.000000	0.000000	0.004257	0.004257
6.590000	0.000000	0.000000	0.004257	0.004257
6.600000	0.000000	0.000000	0.004257	0.004257
6.610000	0.000000	0.000000	0.004257	0.004257
6.620000	0.000000	0.000000	0.004257	0.004257
6.630000	0.000000	0.000000	0.004257	0.004257
6.640000	0.040000	0.039799	0.004257	0.004257
6.650000	0.000000	0.000000	0.004257	0.004257
6.660000	0.000000	0.000000	0.004257	0.004257
6.670000	0.020000	0.019900	0.004257	0.004257
6.680000	0.000000	0.000000	0.004257	0.004257
6.690000	0.000000	0.000000	0.004257	0.004257
6.700000	0.000000	0.000000	0.004257	0.004257
6.710000	0.020000	0.019900	0.004257	0.004257
6.720000	0.000000	0.000000	0.004257	0.004257
6.730000	0.000000	0.000000	0.004257	0.004257
6.740000	0.000000	0.000000	0.004257	0.004257
6.750000	0.020000	0.019900	0.004257	0.004257
6.760000	0.000000	0.000000	0.004257	0.004257
6.770000	0.000000	0.000000	0.004257	0.004257
6.780000	0.000000	0.000000	0.004257	0.004257
6.790000	0.000000	0.000000	0.004257	0.004257
6.800000	0.000000	0.000000	0.004257	0.004257
6.810000	0.000000	0.000000	0.004257	0.004257
6.820000	0.000000	0.000000	0.004257	0.004257
6.830000	0.040000	0.028000	0.004257	0.004257
6.840000	0.000000	0.000000	0.004257	0.004257
6.850000	0.000000	0.000000	0.004257	0.004257
6.860000	0.000000	0.000000	0.004257	0.004257
6.870000	0.000000	0.000000	0.004257	0.004257
6.880000	0.000000	0.000000	0.004257	0.004257
6.890000	0.040000	0.039799	0.004257	0.004257
6.900000	0.020000	0.019900	0.004257	0.004257
6.910000	0.000000	0.000000	0.004257	0.004257
6.920000	0.000000	0.000000	0.004257	0.004257
6.930000	0.000000	0.000000	0.004257	0.004257
6.940000	0.000000	0.000000	0.004257	0.004257
6.950000	0.020000	0.019900	0.004257	0.004257
6.960000	0.020000	0.019900	0.004257	0.004257
6.970000	0.000000	0.000000	0.004257	0.004257
6.980000	0.000000	0.000000	0.004257	0.004257
6.990000	0.000000	0.000000	0.004257	0.004257
7.000000	0.000000	0.000000	0.004257	0.004257
7.010000	0.040000	0.039799	0.004257	0.004257
7.020000	0.020000	0.019900	0.004257	0.004257
7.030000	0.020000	0.019900	0.004257	0.004257
7.040000	0.000000	0.000000	0.004257	0.004257
7.050000	0.000000	0.000000	0.004257	0.004257
7.060000	0.020000	0.019900	0.004257	0.004257
7.070000	0.040000	0.028000	0.004257	0.004257
7.080000	0.020000	0.019900	0.004257	0.004257
7.090000	0.000000	0.000000	0.004257	0.004257
7.100000	0.000000	0.000000	0.004257	0.004257
7.110000	0.020000	0.019900	0.004257	0.004257
7.120000	0.000000	0.000000	0.004257	0.004257
7.130000	0.000000	0.000000	0.004257	0.004257
7.140000	0.000000	0.000000	0.004257	0.004257
7.150000	0.020000	0.019900	0.004257	0.004257
7.160000	0.020000	0.019900	0.004257	0.004257
7.170000	0.000000	0.000000	0.004257	0.004257
7.180000	0.000000	0.000000	0.004257	0.004257
7.190000	0.000000	0.000000	0.004257	0.004257
7.200000	0.000000	0.000000	0.004257	0.004257
7.210000	0.000000	0.000000	0.004257	0.004257
7.220000	0.000000	0.000000	0.004257	0.004257
7.230000	0.020000	0.019900	0.004257	0.004257
7.240000	0.020000	0.019900	0.004257	0.004257
7.250000	0.000000	0.000000	0.004257	0.004257
7.260000	0.000000	0.000000	0.004257	0.004257
7.270000	0.000000	0.000000	0.004257	0.004257
7.280000	0.000000	0.000000	0.004257	0.004257
7.290000	0.000000	0.000000	0.004257	0.004257
7.300000	0.000000	0.000000	0.004257	0.004257
7.310000	0.000000	0.000000	0.004257	0.004257
7.320000	0.000000	0.000000	0.004257	0.004257
7.330000	0.000000	0.000000	0.004257	0.004257
7.340000	0.000000	0.000000	0.004257	0.004257
7.350000	0.000000	0.000000	0.004257	0.004257
7.360000	0.040000	0.028000	0.004257	0.004257
7.370000	0.000000	0.000000	0.004257	0.004257
7.380000	0.000000	0.000000	0.004257	0.004257
7.390000	0.040000	0.028000	0.004257	0.004257
7.400000	0.020000	0.019900	0.004257	0.004257
7.410000	0.000000	0.000000	0.004257	0.004257
7.420000	0.020000	0.019900	0.004257	0.004257
7.430000	0.000000	0.000000	0.004257	0.004257
7.440000	0.000000	0.000000	0.004257	0.004257
7.450000	0.000000	0.000000	0.004257	0.004257
7.460000	0.040000	0.028000	0.004257	0.004257
7.470000	0.000000	0.000000	0.004257	0.004257
7.480000	0.000000	0.000000	0.004257	0.004257
7.490000	0.000000	0.000000	0.004257	0.004257
7.500000	0.000000	0.000000	0.004257	0.004257
7.510000	0.040000	0.028000	0.004257	0.004257
7.520000	0.000000	0.000000	0.004257	0.004257
7.530000	0.000000	0.000000	0.004257	0.004257
7.540000	0.000000	0.000000	0.004257	0.004257
7.550000	0.000000	0.000000	0.004257	0.004257
7.560000	0.000000	0.000000	0.004257	0.004257
7.570000	0.000000	0.000000	0.004257	0.004257
7.580000	0.000000	0.000000	0.004257	0.004257
7.590000	0.000000	0.000000	0.004257	0.004257
7.600000	0.000000	0.000000	0.004257	0.004257
7.610000	0.000000	0.000000	0.004257	0.004257
7.620000	0.020000	0.019900	0.004257	0.004257
7.630000	0.000000	0.000000	0.004257	0.004257
7.640000	0.000000	0.000000	0.004257	0.004257
7.650000	0.000000	0.000000	0.004257	0.004257
7.660000	0.000000	0.000000	0.004257	0.004257
7.670000	0.000000	0.000000	0.004257	0.004257
7.680000	0.000000	0.000000	0.004257	0.004257
7.690000	0.000000	0.000000	0.004257	0.004257
7.700000	0.040000	0.028000	0.004257	0.004257
7.710000	0.040000	0.028000	0.004257	0.004257
7.720000	0.000000	0.000000	0.004257	0.004257
7.730000	0.000000	0.000000	0.004257	0.004257
7.740000	0.000000	0.000000	0.004257	0.004257
7.750000	0.000000	0.000000	0.004257	0.004257
7.760000	0.000000	0.000000	0.004257	0.004257
7.770000	0.000000	0.000000	0.004257	0.004257
7.780000	0.000000	0.000000	0.004257	0.004257
7.790000	0.020000	0.019900	0.004257	0.004257
7.800000	0.020000	0.019900	0.004257	0.004257
7.810000	0.020000	0.019900	0.004257	0.004257
7.820000	0.020000	0.019900	0.004257	0.004257
7.830000	0.000000	0.000000	0.004257	0.004257
7.840000	0.000000	0.000000	0.004257	0.004257
7.850000	0.020000	0.019900	0.004257	0.004257
7.860000	0.000000	0.000000	0.004257	0.004257
7.870000	0.000000	0.000000	0.004257	0.004257
7.880000	0.020000	0.019900	0.004257	0.004257
7.890000	0.000000	0.000000	0.004257	0.004257
7.900000	0.020000	0.019900	0.004257	0.004257
7.910000	0.040000	0.028000	0.004257	0.004257
7.920000	0.000000	0.000000	0.004257	0.004257
7.930000	0.000000	0.000000	0.004257	0.004257
7.940000	0.060000	0.044317	0.004257	0.004257
7.950000	0.000000	0.000000	0.004257	0.004257
7.960000	0.000000	0.000000	0.004257	0.004257
7.970000	0.000000	0.000000	0.004257	0.004257
7.980000	0.000000	0.000000	0.004257	0.004257
7.990000	0.040000	0.028000	0.004258	0.004258
8.000000	0.020000	0.019900	0.004258	0.004258
8.010000	0.000000	0.000000	0.004258	0.004258
8.020000	0.020000	0.019900	0.004259	0.004259
8.030000	0.000000	0.000000	0.004260	0.004260
8.040000	0.020000	0.019900	0.004261	0.004261
8.050000	0.000000	0.000000	0.004263	0.004263
8.060000	0.020000	0.019900	0.004266	0.004266
8.070000	0.000000	0.000000	0.004270	0.004270
8.080000	0.000000	0.000000	0.004275	0.004275
8.090000	0.060000	0.034117	0.004283	0.004283
8.100000	0.080000	0.056000	0.004294	0.004294
8.110000	0.000000	0.000000	0.004309	0.004309
8.120000	0.000000	0.000000	0.004329	0.004329
8.130000	0.020000	0.019900	0.004357	0.004357
8.140000	0.040000	0.039799	0.004395	0.004395
8.150000	0.000000	0.000000	0.004447	0.004447
8.160000	0.040000	0.028000	0.004517	0.004517
8.170000	0.000000	0.000000	0.004610	0.004610
8.180000	0.060000	0.044317	0.004735	0.004735
8.190000	0.020000	0.019900	0.004901	0.004901
8.200000	0.020000	0.019900	0.005121	0.005121
8.210000	0.040000	0.028000	0.005409	0.005409
8.220000	0.020000	0.019900	0.005785	0.005785
8.230000	0.020000	0.019900	0.006275	0.006275
8.240000	0.100000	0.065574	0.006908	0.006908
8.250000	0.040000	0.039799	0.007723	0.007723
8.260000	0.000000	0.000000	0.008768	0.008768
8.270000	0.080000	0.039192	0.010098	0.010098
8.280000	0.160000	0.067409	0.011785	0.011785
8.290000	0.100000	0.043589	0.013913	0.013913
8.300000	0.160000	0.067409	0.016584	0.016584
8.310000	0.120000	0.055281	0.019922	0.019922
8.320000	0.180000	0.069828	0.024071	0.024071
8.330000	0.140000	0.051029	0.029205	0.029205
8.340000	0.240000	0.076315	0.035528	0.035528
8.350000	0.220000	0.062578	0.043276	0.043276
8.360000	0.320000	0.092607	0.052728	0.052728
8.370000	0.360000	0.086626	0.064205	0.064205
8.380000	0.160000	0.054259	0.078077	0.078077
8.390000	0.380000	0.096726	0.094769	0.094769
8.400000	0.220000	0.074270	0.114762	0.114762
8.410000	0.460000	0.101410	0.138605	0.138605
8.420000	0.680000	0.144831	0.166914	0.166914
8.430000	0.460000	0.105281	0.200381	0.200381
8.440000	0.640000	0.112712	0.239777	0.239777
8.450000	0.500000	0.121244	0.285958	0.285958
8.460000	0.560000	0.120266	0.339868	0.339868
8.470000	0.780000	0.157213	0.402543	0.402543
8.480000	0.860000	0.142141	0.475116	0.475116
8.490000	0.960000	0.142773	0.558819	0.558819
8.500000	1.140000	0.165542	0.654983	0.654983
8.510000	1.280000	0.182253	0.765040	0.765040
8.520000	1.480000	0.188934	0.890527	0.890527
8.530000	1.460000	0.191531	1.033080	1.033080
8.540000	2.080000	0.274109	1.194436	1.194436
8.550000	2.420000	0.230295	1.376429	1.376429
8.560000	2.220000	0.218897	1.580990	1.580990
8.570000	2.400000	0.229783	1.810138	1.810138
8.580000	2.780000	0.262137	2.065980	2.065980
8.590000	3.260000	0.261771	2.350704	2.350704
8.600000	3.440000	0.316329	2.666571	2.666571
8.610000	4.000000	0.338231	3.015912	3.015912
8.620000	4.340000	0.382680	3.401118	3.401118
8.630000	4.620000	0.384390	3.824635	3.824635
8.640000	4.720000	0.345855	4.288954	4.288954
8.650000	5.400000	0.449444	4.796607	4.796607
8.660000	5.520000	0.400120	5.350155	5.350155
8.670000	6.620000	0.417320	5.952185	5.952185
8.680000	7.420000	0.420756	6.605301	6.605301
8.690000	7.460000	0.414589	7.312116	7.312116
8.700000	8.060000	0.453833	8.075246	8.075246
8.710000	9.220000	0.394862	8.897308	8.897308
8.720000	9.760000	0.512469	9.780908	9.780908
8.730000	11.360000	0.545439	10.728641	10.728641
8.740000	12.160000	0.515891	11.743083	11.743083
8.750000	12.740000	0.622675	12.826792	12.826792
8.760000	12.420000	0.545010	13.982299	13.982299
8.770000	15.720000	0.587210	15.212110	15.212110
8.780000	15.660000	0.683552	16.518702	16.518702
8.790000	18.140000	0.722360	17.904520	17.904520
8.800000	19.020000	0.792210	19.371977	19.371977
8.810000	20.580000	0.733918	20.923455	20.923455
8.820000	22.780000	0.739132	22.561301	22.561301
8.830000	24.080000	0.816784	24.287829	24.287829
8.840000	25.960000	0.971588	26.105320	26.105320
8.850000	25.680000	0.837482	28.016022	28.016022
8.860000	27.720000	0.943195	30.022151	30.022151
8.870000	30.520000	0.889773	32.125890	32.125890
8.880000	32.400000	0.842378	34.329393	34.329393
8.890000	35.680000	1.024000	36.634785	36.634785
8.900000	37.520000	0.982291	39.044158	39.044158
8.910000	38.400000	0.954149	41.559580	41.559580
8.920000	43.040000	1.113007	44.183092	44.183092
8.930000	45.480000	1.249518	46.916708	46.916708
8.940000	49.320000	1.232630	49.762419	49.762419
8.950000	49.740000	1.267961	52.722189	52.722189
8.960000	53.240000	1.379791	55.797963	55.797963
8.970000	55.820000	1.348509	58.991664	58.991664
8.980000	60.580000	1.668843	62.305192	62.305192
8.990000	61.960000	1.523412	65.740429	65.740429
9.000000	66.860000	1.606799	69.299237	69.299237
9.010000	70.000000	1.593738	72.983459	72.983459
9.020000	74.800000	1.616168	76.794923	76.794923
9.030000	79.580000	1.727263	80.735437	80.735437
9.040000	81.580000	1.644699	84.806794	84.806794
9.050000	85.980000	1.738619	89.010772	89.010772
9.060000	88.480000	1.628526	93.349132	93.349132
9.070000	94.900000	2.144085	97.823622	97.823622
9.080000	100.600000	1.890545	102.435975	102.435975
9.090000	105.200000	1.994833	107.187911	107.187911
9.100000	109.200000	2.093380	112.081135	112.081135
9.110000	117.400000	2.199000	117.117342	117.117342
9.120000	121.100000	2.138855	122.298212	122.298212
9.130000	126.200000	2.180844	127.625414	127.625414
9.140000	132.800000	2.559656	133.100605	133.100605
9.150000	134.800000	2.296084	138.725431	138.725431
9.160000	138.300000	2.442028	144.501527	144.501527
9.170000	149.600000	2.980013	150.430515	150.430515
9.180000	156.500000	2.895807	156.514010	156.514010
9.190000	160.400000	2.740598	162.753613	162.753613
9.200000	170.000000	2.914858	169.150919	169.150919
9.210000	178.200000	3.242209	175.707510	175.707510
9.220000	181.600000	3.456518	182.424959	182.424959
9.230000	191.500000	3.325192	189.304831	189.304831
9.240000	198.000000	3.359405	196.348681	196.348681
9.250000	201.100000	3.500443	203.558056	203.558056
9.260000	207.100000	3.655284	210.934491	210.934491
9.270000	214.300000	3.665485	218.479518	218.479518
9.280000	223.000000	3.833484	226.194655	226.194655
9.290000	235.400000	3.960596	234.081416	234.081416
9.300000	238.100000	4.389517	242.141305	242.141305
9.310000	253.800000	4.244196	250.375819	250.375819
9.320000	256.000000	4.487315	258.786446	258.786446
9.330000	272.100000	4.521843	267.374668	267.374668
9.340000	276.900000	4.579207	276.141959	276.141959
9.350000	291.100000	4.929692	285.089786	285.089786
9.360000	292.500000	4.686801	294.219607	294.219607
9.370000	308.000000	4.972082	303.532876	303.532876
9.380000	318.600000	4.874563	313.031039	313.031039
9.390000	322.900000	5.052554	322.715535	322.715535
9.400000	333.300000	5.518795	332.587795	332.587795
9.410000	346.200000	5.521485	342.649246	342.649246
9.420000	356.700000	4.933889	352.901307	352.901307
9.430000	365.100000	5.980995	363.345392	363.345392
9.440000	372.300000	5.747283	373.982907	373.982907
9.450000	386.200000	6.332879	384.815254	384.815254
9.460000	406.500000	6.665261	395.843828	395.843828
9.470000	413.600000	6.191866	407.070017	407.070017
9.480000	422.900000	7.021651	418.495204	418.495204
9.490000	436.200000	7.346112	430.120768	430.120768
9.500000	444.700000	7.646300	441.948081	441.948081
9.510000	452.100000	7.440181	453.978508	453.978508
9.520000	473.500000	7.836396	466.213412	466.213412
9.530000	488.200000	7.466432	478.654147	478.654147
9.540000	500.400000	7.863872	491.302063	491.302063
9.550000	519.300000	7.742215	504.158507	504.158507
9.560000	529.900000	7.737127	517.224818	517.224818
9.570000	544.800000	8.319510	530.502332	530.502332
9.580000	553.900000	8.488949	543.992377	543.992377
9.590000	570.300000	9.083423	557.696279	557.696279
9.600000	591.500000	8.794083	571.615359	571.615359
9.610000	597.000000	9.453571	585.750932	585.750932
9.620000	620.300000	10.103531	600.104308	600.104308
9.630000	628.300000	9.601711	614.676794	614.676794
9.640000	647.400000	9.644161	629.469691	629.469691
9.650000	658.600000	9.641755	644.484297	644.484297
9.660000	665.700000	10.425919	659.721903	659.721903
9.670000	690.300000	10.420214	675.183798	675.183798
9.680000	704.700000	10.972239	690.871265	690.871265
9.690000	720.400000	11.066754	706.785584	706.785584
9.700000	740.500000	11.758465	722.928030	722.928030
9.710000	757.700000	10.979059	739.299874	739.299874
9.720000	772.600000	11.513078	755.902382	755.902382
9.730000	789.800000	12.237395	772.736819	772.736819
9.740000	806.200000	12.499731	789.804441	789.804441
9.750000	823.500000	12.624060	807.106505	807.106505
9.760000	848.900000	13.170617	824.644260	824.644260
9.770000	860.500000	13.283414	842.418953	842.418953
9.780000	872.500000	13.536096	860.431828	860.431828
9.790000	894.200000	13.531146	878.684124	878.684124
9.800000	921.500000	14.553580	897.177075	897.177075
9.810000	932.400000	14.586276	915.911914	915.911914
9.820000	957.400000	14.805472	934.889869	934.889869
9.830000	969.500000	15.493460	954.112164	954.112164
9.840000	991.700000	15.034840	973.580020	973.580020
9.850000	1003.000000	15.058539	993.294653	993.294653
9.860000	1027.000000	15.351808	1013.257278	1013.257278
9.870000	1049.000000	16.571675	1033.469105	1033.469105
9.880000	1072.000000	16.132204	1053.931340	1053.931340
9.890000	1088.000000	16.068242	1074.645187	1074.645187
9.900000	1111.000000	16.943943	1095.611845	1095.611845
9.910000	1137.000000	16.950858	1116.832512	1116.832512
9.920000	1161.000000	17.502491	1138.308380	1138.308380
9.930000	1183.000000	17.180768	1160.040640	1160.040640
9.940000	1203.000000	18.816939	1182.030478	1182.030478
9.950000	1228.000000	18.744557	1204.279077	1204.279077
9.960000	1237.000000	19.452660	1226.787619	1226.787619
9.970000	1268.000000	18.388942	1249.557280	1249.557280
9.980000	1284.000000	19.189633	1272.589235	1272.589235
9.990000	1299.000000	20.480322	1295.884654	1295.884654
10.000000	1326.000000	20.248674	1319.444705	1319.444705
10.010000	1358.000000	19.219979	1343.270554	1343.270554
10.020000	1374.000000	21.408129	1367.363363	1367.363363
10.030000	1399.000000	21.422820	1391.724290	1391.724290
10.040000	1422.000000	22.268624	1416.354491	1416.354491
10.050000	1445.000000	23.642580	1441.255120	1441.255120
10.060000	1482.000000	21.986705	1466.427327	1466.427327
10.070000	1509.000000	22.729267	1491.872260	1491.872260
10.080000	1527.000000	22.937995	1517.591062	1517.591062
10.090000	1551.000000	23.679924	1543.584877	1543.584877
10.100000	1569.000000	22.827151	1569.854842	1569.854842
10.110000	1608.000000	24.371500	1596.402094	1596.402094
10.120000	1633.000000	25.537525	1623.227767	1623.227767
10.130000	1652.000000	25.838166	1650.332991	1650.332991
10.140000	1680.000000	25.640250	1677.718895	1677.718895
10.150000	1711.000000	27.276987	1705.386603	1705.386603
10.160000	1736.000000	28.631794	1733.337240	1733.337240
10.170000	1752.000000	27.452504	1761.571926	1761.571926
10.180000	1781.000000	27.284010	1790.091777	1790.091777
10.190000	1803.000000	27.377239	1818.897909	1818.897909
10.200000	1843.000000	29.136843	1847.991435	1847.991435
10.210000	1855.000000	29.072083	1877.373464	1877.373464
10.220000	1895.000000	29.202377	1907.045105	1907.045105
10.230000	1926.000000	29.249568	1937.007462	1937.007462
10.240000	1952.000000	29.181330	1967.261638	1967.261638
10.250000	1984.000000	29.631983	1997.808733	1997.808733
10.260000	1992.000000	30.727154	2028.649845	2028.649845
10.270000	2039.000000	32.213022	2059.786069	2059.786069
10.280000	2062.000000	32.742529	2091.218499	2091.218499
10.290000	2098.000000	30.938235	2122.948224	2122.948224
10.300000	2121.000000	33.504943	2154.976333	2154.976333
10.310000	2165.000000	33.436369	2187.303913	2187.303913
10.320000	2178.000000	33.938633	2219.932046	2219.932046
10.330000	2231.000000	32.804616	2252.861814	2252.861814
10.340000	2240.000000	34.085815	2286.094297	2286.094297
10.350000	2284.000000	34.839191	2319.630571	2319.630571
10.360000	2301.000000	34.783347	2353.471710	2353.471710
10.370000	2327.000000	35.835619	2387.618787	2387.618787
10.380000	2361.000000	38.208999	2422.072873	2422.072873
10.390000	2401.000000	37.395984	2456.835035	2456.835035
10.400000	2428.000000	38.632898	2491.906340	2491.906340
10.410000	2466.000000	37.136074	2527.287850	2527.287850
10.420000	2501.000000	37.967581	2562.980628	2562.980628
10.430000	2524.000000	39.473074	2598.985733	2598.985733
10.440000	2561.000000	39.076945	2635.304223	2635.304223
10.450000	2586.000000	40.733598	2671.937152	2671.937152
10.460000	2617.000000	41.716726	2708.885573	2708.885573
10.470000	2650.000000	41.192572	2746.150539	2746.150539
10.480000	2688.000000	41.507662	2783.733098	2783.733098
10.490000	2714.000000	42.748436	2821.634298	2821.634298
10.500000	2771.000000	41.812893	2859.855182	2859.855182
10.510000	2799.000000	41.644587	2898.396795	2898.396795
10.520000	2828.000000	43.460769	2937.260178	2937.260178
10.530000	2872.000000	45.609201	2976.446369	2976.446369
10.540000	2888.000000	44.384331	3015.956406	3015.956406
10.550000	2930.000000	45.089662	3055.791324	3055.791324
10.560000	2966.000000	45.703650	3095.952157	3095.952157
10.570000	3012.000000	46.992140	3136.439935	3136.439935
10.580000	3037.000000	46.656871	3177.255689	3177.255689
10.590000	3075.000000	47.693987	3218.400445	3218.400445
10.600000	3107.000000	48.396905	3259.875230	3259.875230
10.610000	3163.000000	50.742239	3301.681068	3301.681068
10.620000	3184.000000	48.849512	3343.818980	3343.818980
10.630000	3222.000000	51.197422	3386.289986	3386.289986
10.640000	3263.000000	51.694499	3429.095106	3429.095106
10.650000	3309.000000	50.258719	3472.235356	3472.235356
10.660000	3330.000000	53.078568	3515.711749	3515.711749
10.670000	3357.000000	51.975837	3559.525300	3559.525300
10.680000	3425.000000	54.060192	3603.677020	3603.677020
10.690000	3447.000000	54.376484	3648.167917	3648.167917
10.700000	3507.000000	56.104855	3692.999000	3692.999000
10.710000	3529.000000	55.708337	3738.171274	3738.171274
10.720000	3565.000000	56.963943	3783.685744	3783.685744
10.730000	3597.000000	56.826877	3829.543412	3829.543412
10.740000	3659.000000	58.391818	3875.745278	3875.745278
10.750000	3680.000000	59.037574	3922.292343	3922.292343
10.760000	3735.000000	60.202189	3969.185603	3969.185603
10.770000	3777.000000	60.807424	4016.426054	4016.426054
10.780000	3819.000000	59.003603	4064.014690	4064.014690
10.790000	3837.000000	59.115477	4111.952503	4111.952503
10.800000	3893.000000	61.814701	4160.240484	4160.240484
10.810000	3919.000000	62.036199	4208.879622	4208.879622
10.820000	3968.000000	63.915209	4257.870905	4257.870905
10.830000	4026.000000	63.690772	4307.215318	4307.215318
10.840000	4039.000000	62.975376	4356.913845	4356.913845
10.850000	4114.000000	66.629456	4406.967470	4406.967470
10.860000	4131.000000	66.058656	4457.377173	4457.377173
10.870000	4194.000000	66.350156	4508.143934	4508.143934
10.880000	4234.000000	67.290398	4559.268731	4559.268731
10.890000	4281.000000	64.758805	4610.752539	4610.752539
10.900000	4312.000000	68.402172	4662.596334	4662.596334
10.910000	4358.000000	67.918590	4714.801090	4714.801090
10.920000	4403.000000	68.950408	4767.367776	4767.367776
10.930000	4443.000000	72.809486	4820.297365	4820.297365
10.940000	4485.000000	71.447903	4873.590825	4873.590825
10.950000	4524.000000	71.422355	4927.249122	4927.249122
10.960000	4557.000000	70.600445	4981.273222	4981.273222
10.970000	4632.000000	73.539437	5035.664090	5035.664090
10.980000	4657.000000	74.036599	5090.422689	5090.422689
10.990000	4689.000000	73.636591	5145.549978	5145.549978
11.000000	4767.000000	75.453135	5201.046920	5201.046920
11.010000	4796.000000	75.897536	5256.914470	5256.914470
11.020000	4841.000000	77.933800	5313.153588	5313.153588
11.030000	4863.000000	77.212763	5369.765227	5369.765227
11.040000	4921.000000	79.163848	5426.750342	5426.750342
11.050000	4976.000000	80.844431	5484.109886	5484.109886
11.060000	5004.000000	79.742518	5541.844809	5541.844809
11.070000	5072.000000	84.851084	5599.956062	5599.956062
11.080000	5150.000000	82.526553	5658.444593	5658.444593
11.090000	5192.000000	80.902823	5717.311348	5717.311348
11.100000	5221.000000	83.541585	5776.557274	5776.557274
11.110000	5252.000000	84.999520	5836.183314	5836.183314
11.120000	5312.000000	83.381473	5896.190411	5896.190411
11.130000	5366.000000	86.136218	5956.579508	5956.579508
11.140000	5411.000000	88.132720	6017.351543	6017.351543
11.150000	5446.000000	87.995343	6078.507457	6078.507457
11.160000	5516.000000	89.850124	6140.048185	6140.048185
11.170000	5569.000000	91.249993	6201.974665	6201.974665
11.180000	5595.000000	88.454854	6264.287831	6264.287831
11.190000	5655.000000	91.710795	6326.988616	6326.988616
11.200000	5710.000000	92.805590	6390.077953	6390.077953
11.210000	5765.000000	93.149911	6453.556773	6453.556773
11.220000	5801.000000	95.847072	6517.426005	6517.426005
11.230000	5834.000000	94.978416	6581.686577	6581.686577
11.240000	5894.000000	94.204038	6646.339417	6646.339417
11.250000	5942.000000	93.411969	6711.385449	6711.385449
11.260000	5997.000000	96.477481	6776.825599	6776.825599
11.270000	6042.000000	96.972738	6842.660790	6842.660790
11.280000	6121.000000	98.747599	6908.891943	6908.891943
11.290000	6161.000000	100.624862	6975.519979	6975.519979
11.300000	6236.000000	100.963074	7042.545818	7042.545818
11.310000	6249.000000	103.313080	7109.970377	7109.970377
11.320000	6325.000000	101.622736	7177.794574	7177.794574
11.330000	6375.000000	103.029384	7246.019325	7246.019325
11.340000	6417.000000	104.991152	7314.645543	7314.645543
11.350000	6489.000000	106.642879	7383.674142	7383.674142
11.360000	6536.000000	103.692044	7453.106034	7453.106034
11.370000	6577.000000	105.101058	7522.942131	7522.942131
11.380000	6639.000000	107.911999	7593.183340	7593.183340
11.390000	6675.000000	107.831556	7663.830572	7663.830572
11.400000	6738.000000	110.439259	7734.884734	7734.884734
11.410000	6806.000000	114.418304	7806.346731	7806.346731
11.420000	6869.000000	112.488721	7878.217468	7878.217468
11.430000	6916.000000	111.472495	7950.497849	7950.497849
11.440000	6977.000000	113.154438	8023.188777	8023.188777
11.450000	6996.000000	113.674856	8096.291153	8096.291153
11.460000	7101.000000	115.790057	8169.805877	8169.805877
11.470000	7132.000000	117.334810	8243.733849	8243.733849
11.480000	7190.000000	116.565799	8318.075967	8318.075967
11.490000	7235.000000	118.628798	8392.833127	8392.833127
11.500000	7297.000000	120.285389	8468.006225	8468.006225
11.510000	7373.000000	120.996587	8543.596155	8543.596155
11.520000	7394.000000	118.057483	8619.603812	8619.603812
11.530000	7471.000000	122.501277	8696.030088	8696.030088
11.540000	7504.000000	122.410227	8772.875873	8772.875873
11.550000	7586.000000	126.314979	8850.142058	8850.142058
11.560000	7649.000000	125.618847	8927.829532	8927.829532
11.570000	7716.000000	127.310036	9005.939183	9005.939183
11.580000	7747.000000	125.379962	9084.471898	9084.471898
11.590000	7837.000000	128.793933	9163.428563	9163.428563
11.600000	7891.000000	125.153443	9242.810062	9242.810062
11.610000	7934.000000	130.523057	9322.617278	9322.617278
11.620000	7992.000000	131.854784	9402.851096	9402.851096
11.630000	8073.000000	133.347616	9483.512395	9483.512395
11.640000	8142.000000	133.125039	9564.602057	9564.602057
11.650000	8178.000000	133.394114	9646.120960	9646.120960
11.660000	8229.000000	134.949690	9728.069984	9728.069984
11.670000	8282.000000	134.449129	9810.450005	9810.450005
11.680000	8377.000000	137.042310	9893.261899	9893.261899
11.690000	8448.000000	140.810814	9976.506543	9976.506543
11.700000	8499.000000	140.742106	10060.184809	10060.184809
11.710000	8534.000000	139.354505	10144.297572	10144.297572
11.720000	8604.000000	140.972968	10228.845703	10228.845703
11.730000	8674.000000	144.904206	10313.830073	10313.830073
11.740000	8721.000000	143.126907	10399.251553	10399.251553
11.750000	8785.000000	144.304438	10485.111011	10485.111011
11.760000	8856.000000	143.573819	10571.409316	10571.409316
11.770000	8931.000000	150.503389	10658.147335	10658.147335
11.780000	8982.000000	147.945501	10745.325933	10745.325933
11.790000	9036.000000	148.785436	10832.945976	10832.945976
11.800000	9140.000000	146.670361	10921.008328	10921.008328
11.810000	9158.000000	150.351314	11009.513853	11009.513853
11.820000	9246.000000	148.329336	11098.463411	11098.463411
11.830000	9294.000000	154.682410	11187.857864	11187.857864
11.840000	9345.000000	155.470786	11277.698073	11277.698073
11.850000	9461.000000	153.852999	11367.984897	11367.984897
11.860000	9496.000000	156.520578	11458.719194	11458.719194
11.870000	9543.000000	159.556509	11549.901821	11549.901821
11.880000	9643.000000	158.499435	11641.533634	11641.533634
11.890000	9693.000000	158.672507	11733.615489	11733.615489
11.900000	9758.000000	162.828927	11826.148241	11826.148241
11.910000	9825.000000	163.551092	11919.132742	11919.132742
11.920000	9854.000000	163.329165	12012.569846	12012.569846
11.930000	9953.000000	161.085790	12106.460404	12106.460404
11.940000	10020.000000	164.219642	12200.805267	12200.805267
11.950000	10090.000000	168.045540	12295.605283	12295.605283
11.960000	10140.000000	167.458103	12390.861304	12390.861304
11.970000	10230.000000	173.711584	12486.574175	12486.574175
11.980000	10260.000000	171.413843	12582.744744	12582.744744
11.990000	10360.000000	173.265766	12679.373857	12679.373857
12.000000	10440.000000	172.333478	12776.462360	12776.462360
12.010000	10440.000000	172.043099	12874.011097	12874.011097
12.020000	10550.000000	179.588565	12972.020910	12972.020910
12.030000	10570.000000	174.444364	13070.492643	13070.492643
12.040000	10680.000000	178.084340	13169.427136	13169.427136
12.050000	10750.000000	181.279459	13268.825231	13268.825231
12.060000	10840.000000	179.711325	13368.687768	13368.687768
12.070000	10900.000000	180.350762	13469.015585	13469.015585
12.080000	10970.000000	180.591053	13569.809520	13569.809520
12.090000	10990.000000	187.385200	13671.070410	13671.070410
12.100000	11110.000000	188.165979	13772.799092	13772.799092
12.110000	11150.000000	185.081606	13874.996401	13874.996401
12.120000	11250.000000	186.736047	13977.663171	13977.663171
12.130000	11320.000000	191.060821	14080.800237	14080.800237
12.140000	11350.000000	189.891071	14184.408431	14184.408431
12.150000	11450.000000	194.388774	14288.488584	14288.488584
12.160000	11490.000000	190.104787	14393.041528	14393.041528
12.170000	11580.000000	197.371233	14498.068094	14498.068094
12.180000	11630.000000	195.000867	14603.569110	14603.569110
12.190000	11760.000000	196.311158	14709.545405	14709.545405
12.200000	11820.000000	199.690466	14815.997807	14815.997807
12.210000	11890.000000	200.310079	14922.927142	14922.927142
12.220000	11950.000000	199.726358	15030.334237	15030.334237
12.230000	11990.000000	201.459192	15138.219916	15138.219916
12.240000	12070.000000	203.002554	15246.585005	15246.585005
12.250000	12120.000000	203.664542	15355.430327	15355.430327
12.260000	12260.000000	206.600548	15464.756703	15464.756703
12.270000	12290.000000	205.157903	15574.564957	15574.564957
12.280000	12370.000000	208.606556	15684.855909	15684.855909
12.290000	12420.000000	208.393096	15795.630380	15795.630380
12.300000	12500.000000	208.269377	15906.889188	15906.889188
12.310000	12570.000000	214.874243	16018.633153	16018.633153
12.320000	12650.000000	214.121756	16130.863092	16130.863092
12.330000	12740.000000	213.955934	16243.579823	16243.579823
12.340000	12810.000000	209.704578	16356.784161	16356.784161
12.350000	12860.000000	216.236213	16470.476922	16470.476922
12.360000	12960.000000	217.915121	16584.658921	16584.658921
12.370000	13020.000000	216.919363	16699.330972	16699.330972
12.380000	13110.000000	223.265962	16814.493887	16814.493887
12.390000	13180.000000	222.259061	16930.148478	16930.148478
12.400000	13250.000000	224.183028	17046.295558	17046.295558
12.410000	13320.000000	224.191436	17162.935937	17162.935937
12.420000	13390.000000	226.445313	17280.070425	17280.070425
12.430000	13470.000000	223.462323	17397.699830	17397.699830
12.440000	13530.000000	227.624054	17515.824962	17515.824962
12.450000	13620.000000	227.513384	17634.446628	17634.446628
12.460000	13710.000000	231.651678	17753.565635	17753.565635
12.470000	13780.000000	231.559085	17873.182789	17873.182789
12.480000	13820.000000	230.244283	17993.298895	17993.298895
12.490000	13880.000000	229.824803	18113.914758	18113.914758
12.500000	13980.000000	238.190260	18235.031182	18235.031182
12.510000	14070.000000	236.186833	18356.648969	18356.648969
12.520000	14150.000000	243.168028	18478.768922	18478.768922
12.530000	14220.000000	241.251073	18601.391843	18601.391843
12.540000	14330.000000	242.959811	18724.518532	18724.518532
12.550000	14360.000000	239.859834	18848.149790	18848.149790
12.560000	14440.000000	242.872106	18972.286415	18972.286415
12.570000	14520.000000	245.372411	19096.929206	19096.929206
12.580000	14570.000000	246.333534	19222.078962	19222.078962
12.590000	14690.000000	243.794237	19347.736479	19347.736479
12.600000	14730.000000	248.646054	19473.902554	19473.902554
12.610000	14790.000000	250.533251	19600.577982	19600.577982
12.620000	14930.000000	249.236715	19727.763559	19727.763559
12.630000	14990.000000	254.686572	19855.460078	19855.460078
12.640000	15050.000000	255.325870	19983.668333	19983.668333
12.650000	15170.000000	257.969029	20112.389117	20112.389117
12.660000	15210.000000	256.904515	20241.623222	20241.623222
12.670000	15330.000000	259.746165	20371.371439	20371.371439
12.680000	15400.000000	262.582082	20501.634559	20501.634559
12.690000	15440.000000	262.000782	20632.413372	20632.413372
12.700000	15520.000000	260.803029	20763.708667	20763.708667
12.710000	15650.000000	268.088120	20895.521233	20895.521233
12.720000	15680.000000	264.220665	21027.851857	21027.851857
12.730000	15740.000000	267.365742	21160.701327	21160.701327
12.740000	15850.000000	269.043324	21294.070428	21294.070428
12.750000	15930.000000	271.338387	21427.959948	21427.959948
12.760000	15980.000000	272.511119	21562.370670	21562.370670
12.770000	16080.000000	268.431481	21697.303380	21697.303380
12.780000	16150.000000	270.371411	21832.758860	21832.758860
12.790000	16270.000000	279.767421	21968.737895	21968.737895
12.800000	16310.000000	278.187455	22105.241265	22105.241265
12.810000	16420.000000	280.995783	22242.269753	22242.269753
12.820000	16460.000000	276.260131	22379.824140	22379.824140
12.830000	16560.000000	280.937965	22517.905206	22517.905206
12.840000	16640.000000	282.369988	22656.513731	22656.513731
12.850000	16720.000000	283.879464	22795.650493	22795.650493
12.860000	16790.000000	286.230519	22935.316270	22935.316270
12.870000	16910.000000	284.284189	23075.511842	23075.511842
12.880000	16970.000000	283.569991	23216.237983	23216.237983
12.890000	17030.000000	292.322630	23357.495471	23357.495471
12.900000	17070.000000	287.611231	23499.285081	23499.285081
12.910000	17210.000000	294.509745	23641.607589	23641.607589
12.920000	17280.000000	293.982823	23784.463767	23784.463767
12.930000	17340.000000	294.192080	23927.854391	23927.854391
12.940000	17460.000000	303.769617	24071.780233	24071.780233
12.950000	17490.000000	299.140452	24216.242065	24216.242065
12.960000	17580.000000	299.918089	24361.240659	24361.240659
12.970000	17630.000000	301.366421	24506.776786	24506.776786
12.980000	17790.000000	303.282855	24652.851216	24652.851216
12.990000	17860.000000	305.049291	24799.464720	24799.464720
13.000000	17980.000000	305.645579	24946.618066	24946.618066
13.010000	18000.000000	304.672168	25094.312023	25094.312023
13.020000	18090.000000	307.314790	25242.547358	25242.547358
13.030000	18160.000000	311.615147	25391.324838	25391.324838
13.040000	18270.000000	314.615607	25540.645232	25540.645232
13.050000	18360.000000	312.924831	25690.509303	25690.509303
13.060000	18420.000000	315.608397	25840.917818	25840.917818
13.070000	18490.000000	313.163136	25991.871541	25991.871541
13.080000	18560.000000	312.143717	26143.371236	26143.371236
13.090000	18670.000000	317.790277	26295.417667	26295.417667
13.100000	18730.000000	318.751094	26448.011596	26448.011596
13.110000	18800.000000	320.402481	26601.153787	26601.153787
13.120000	18890.000000	322.736038	26754.844999	26754.844999
13.130000	18980.000000	324.958505	26909.085994	26909.085994
13.140000	19070.000000	323.765656	27063.877533	27063.877533
13.150000	19140.000000	330.845205	27219.220375	27219.220375
13.160000	19240.000000	326.233413	27375.115280	27375.115280
13.170000	19340.000000	327.871209	27531.563005	27531.563005
13.180000	19430.000000	332.086706	27688.564309	27688.564309
13.190000	19500.000000	334.110161	27846.119949	27846.119949
13.200000	19570.000000	333.640735	28004.230681	28004.230681
13.210000	19660.000000	337.354339	28162.897263	28162.897263
13.220000	19770.000000	340.126697	28322.120449	28322.120449
13.230000	19820.000000	339.951952	28481.900994	28481.900994
13.240000	19930.000000	338.561014	28642.239652	28642.239652
13.250000	19970.000000	342.173538	28803.137178	28803.137178
13.260000	20100.000000	346.519350	28964.594323	28964.594323
13.270000	20130.000000	345.151720	29126.611842	29126.611842
13.280000	20260.000000	344.165222	29289.190485	29289.190485
13.290000	20330.000000	348.110083	29452.331005	29452.331005
13.300000	20430.000000	349.277597	29616.034151	29616.034151
13.310000	20550.000000	353.599760	29780.300674	29780.300674
13.320000	20620.000000	353.138415	29945.131324	29945.131324
13.330000	20680.000000	352.957703	30110.526849	30110.526849
13.340000	20730.000000	352.918092	30276.487999	30276.487999
13.350000	20840.000000	356.097009	30443.015520	30443.015520
13.360000	20940.000000	355.191385	30610.110160	30610.110160
13.370000	20990.000000	359.244401	30777.772667	30777.772667
13.380000	21150.000000	358.810047	30946.003785	30946.003785
13.390000	21200.000000	363.910415	31114.804260	31114.804260
13.400000	21330.000000	366.174153	31284.174839	31284.174839
13.410000	21390.000000	362.299338	31454.116264	31454.116264
13.420000	21430.000000	374.598158	31624.629280	31624.629280
13.430000	21540.000000	367.185416	31795.714630	31795.714630
13.440000	21640.000000	369.981864	31967.373057	31967.373057
13.450000	21690.000000	372.352830	32139.605303	32139.605303
13.460000	21780.000000	375.938546	32312.412109	32312.412109
13.470000	21910.000000	376.983342	32485.794217	32485.794217
13.480000	21960.000000	375.684003	32659.752367	32659.752367
13.490000	22090.000000	381.186241	32834.287300	32834.287300
13.500000	22170.000000	381.489816	33009.399754	33009.399754
13.510000	22260.000000	377.287437	33185.090468	33185.090468
13.520000	22340.000000	384.095509	33361.360180	33361.360180
13.530000	22440.000000	384.827676	33538.209629	33538.209629
13.540000	22520.000000	388.411418	33715.639552	33715.639552
13.550000	22580.000000	389.475866	33893.650685	33893.650685
13.560000	22680.000000	388.046234	34072.243764	34072.243764
13.570000	22740.000000	391.006176	34251.419524	34251.419524
13.580000	22840.000000	390.808457	34431.178702	34431.178702
13.590000	22930.000000	392.991272	34611.522031	34611.522031
13.600000	23050.000000	398.234052	34792.450245	34792.450245
13.610000	23080.000000	396.831249	34973.964078	34973.964078
13.620000	23210.000000	397.544840	35156.064262	35156.064262
13.630000	23260.000000	398.913763	35338.751530	35338.751530
13.640000	23380.000000	406.112694	35522.026614	35522.026614
13.650000	23460.000000	406.080743	35705.890244	35705.890244
13.660000	23570.000000	402.194480	35890.343153	35890.343153
13.670000	23640.000000	404.890553	36075.386069	36075.386069
13.680000	23760.000000	410.037803	36261.019722	36261.019722
13.690000	23840.000000	409.252379	36447.244843	36447.244843
13.700000	23870.000000	418.704765	36634.062158	36634.062158
13.710000	24030.000000	416.046440	36821.472397	36821.472397
13.720000	24060.000000	415.231152	37009.476287	37009.476287
13.730000	24120.000000	415.776166	37198.074555	37198.074555
13.740000	24240.000000	416.152208	37387.267928	37387.267928
13.750000	24300.000000	415.584853	37577.057132	37577.057132
13.760000	24370.000000	418.251360	37767.442891	37767.442891
13.770000	24500.000000	422.489337	37958.425932	37958.425932
13.780000	24590.000000	419.672170	38150.006978	38150.006978
13.790000	24720.000000	430.691816	38342.186755	38342.186755
13.800000	24800.000000	428.554069	38534.965984	38534.965984
13.810000	24830.000000	426.098768	38728.345389	38728.345389
13.820000	24940.000000	431.175672	38922.325693	38922.325693
13.830000	25040.000000	431.868371	39116.907617	39116.907617
13.840000	25120.000000	431.402457	39312.091884	39312.091884
13.850000	25210.000000	430.483379	39507.879213	39507.879213
13.860000	25310.000000	436.870553	39704.270325	39704.270325
13.870000	25420.000000	438.058261	39901.265941	39901.265941
13.880000	25450.000000	440.717188	40098.866779	40098.866779
13.890000	25530.000000	443.397767	40297.073559	40297.073559
13.900000	25650.000000	446.825402	40495.886999	40495.886999
13.910000	25780.000000	445.125926	40695.307817	40695.307817
13.920000	25780.000000	443.524667	40895.336731	40895.336731
13.930000	25900.000000	447.246185	41095.974456	41095.974456
13.940000	26050.000000	445.235129	41297.221711	41297.221711
13.950000	26090.000000	449.740614	41499.079211	41499.079211
13.960000	26220.000000	456.671392	41701.547670	41701.547670
13.970000	26250.000000	456.198860	41904.627805	41904.627805
13.980000	26370.000000	455.479110	42108.320330	42108.320330
13.990000	26460.000000	454.477040	42312.625959	42312.625959
14.000000	26540.000000	459.316111	42517.545405	42517.545405
14.010000	26630.000000	465.309306	42723.079382	42723.079382
14.020000	26710.000000	459.676995	42929.228601	42929.228601
14.030000	26820.000000	468.148630	43135.993776	43135.993776
14.040000	26860.000000	460.902560	43343.375617	43343.375617
14.050000	26960.000000	461.400098	43551.374836	43551.374836
14.060000	27070.000000	471.475153	43759.992143	43759.992143
14.070000	27190.000000	475.163624	43969.228249	43969.228249
14.080000	27290.000000	475.185637	44179.083864	44179.083864
14.090000	27340.000000	476.487324	44389.559696	44389.559696
14.100000	27430.000000	478.512205	44600.656454	44600.656454
14.110000	27520.000000	476.099842	44812.374847	44812.374847
14.120000	27620.000000	479.742806	45024.715583	45024.715583
14.130000	27680.000000	479.130515	45237.679368	45237.679368
14.140000	27760.000000	478.166415	45451.266910	45451.266910
14.150000	27860.000000	478.085819	45665.478914	45665.478914
14.160000	27950.000000	486.577209	45880.316088	45880.316088
14.170000	28020.000000	485.525097	46095.779137	46095.779137
14.180000	28120.000000	492.996471	46311.868764	46311.868764
14.190000	28210.000000	491.167314	46528.585676	46528.585676
14.200000	28320.000000	494.575222	46745.930576	46745.930576
14.210000	28420.000000	496.064381	46963.904168	46963.904168
14.220000	28430.000000	495.662446	47182.507155	47182.507155
14.230000	28550.000000	496.583739	47401.740239	47401.740239
14.240000	28660.000000	492.524405	47621.604123	47621.604123
14.250000	28710.000000	496.219840	47842.099509	47842.099509
14.260000	28840.000000	500.076964	48063.227098	48063.227098
14.270000	28900.000000	495.251189	48284.987591	48284.987591
14.280000	29070.000000	506.746051	48507.381689	48507.381689
14.290000	29080.000000	507.150589	48730.410091	48730.410091
14.300000	29160.000000	506.521480	48954.073496	48954.073496
14.310000	29310.000000	510.627927	49178.372605	49178.372605
14.320000	29370.000000	507.818737	49403.308115	49403.308115
14.330000	29440.000000	503.353613	49628.880726	49628.880726
14.340000	29550.000000	508.697769	49855.091133	49855.091133
14.350000	29600.000000	513.813896	50081.940036	50081.940036
14.360000	29670.000000	515.738412	50309.428131	50309.428131
14.370000	29810.000000	520.793270	50537.556113	50537.556113
14.380000	29840.000000	518.671081	50766.324680	50766.324680
14.390000	30000.000000	522.705548	50995.734527	50995.734527
14.400000	30030.000000	519.890479	51225.786348	51225.786348
14.410000	30200.000000	529.231566	51456.480839	51456.480839
14.420000	30270.000000	527.571607	51687.818693	51687.818693
14.430000	30330.000000	529.806927	51919.800605	51919.800605
14.440000	30370.000000	525.360876	52152.427268	52152.427268
14.450000	30520.000000	536.813068	52385.699374	52385.699374
14.460000	30620.000000	529.981122	52619.617617	52619.617617
14.470000	30670.000000	540.303359	52854.182688	52854.182688
14.480000	30780.000000	530.408861	53089.395278	53089.395278
14.490000	30870.000000	536.609392	53325.256080	53325.256080
14.500000	30950.000000	537.130952	53561.765784	53561.765784
14.510000	31040.000000	540.848546	53798.925079	53798.925079
14.520000	31070.000000	533.563436	54036.734657	54036.734657
14.530000	31230.000000	540.615122	54275.195206	54275.195206
14.540000	31270.000000	542.477677	54514.307416	54514.307416
14.550000	31390.000000	542.245885	54754.071975	54754.071975
14.560000	31430.000000	546.831720	54994.489571	54994.489571
14.570000	31540.000000	547.162124	55235.560892	55235.560892
14.580000	31670.000000	547.479415	55477.286626	55477.286626
14.590000	31720.000000	553.716408	55719.667459	55719.667459
14.600000	31830.000000	555.648288	55962.704079	55962.704079
14.610000	31910.000000	554.184735	56206.397170	56206.397170
14.620000	32060.000000	556.381030	56450.747419	56450.747419
14.630000	32130.000000	557.913380	56695.755511	56695.755511
14.640000	32200.000000	555.782385	56941.422130	56941.422130
14.650000	32200.000000	562.193054	57187.747962	57187.747962
14.660000	32340.000000	567.506678	57434.733690	57434.733690
14.670000	32450.000000	567.744238	57682.379998	57682.379998
14.680000	32520.000000	565.796280	57930.687569	57930.687569
14.690000	32610.000000	561.059159	58179.657086	58179.657086
14.700000	32660.000000	569.491387	58429.289231	58429.289231
14.710000	32820.000000	566.417311	58679.584686	58679.584686
14.720000	32830.000000	572.395554	58930.544133	58930.544133
14.730000	32980.000000	574.924404	59182.168253	59182.168253
14.740000	33020.000000	574.344017	59434.457726	59434.457726
14.750000	33130.000000	577.867779	59687.413233	59687.413233
14.760000	33270.000000	577.825960	59941.035454	59941.035454
14.770000	33250.000000	579.394494	60195.325068	60195.325068
14.780000	33340.000000	579.879496	60450.282755	60450.282755
14.790000	33520.000000	583.476623	60705.909192	60705.909192
14.800000	33530.000000	584.205820	60962.205060	60962.205060
